forecast_date,target,target_end_date,location,type,quantile,value
2022-06-05,1 wk ahead inc case,2022-06-11,AT,quantile,0.010,20036
2022-06-05,1 wk ahead inc case,2022-06-11,BE,quantile,0.010,13523
2022-06-05,1 wk ahead inc case,2022-06-11,BG,quantile,0.010,1251
2022-06-05,1 wk ahead inc case,2022-06-11,HR,quantile,0.010,320
2022-06-05,1 wk ahead inc case,2022-06-11,CY,quantile,0.010,1969
2022-06-05,1 wk ahead inc case,2022-06-11,CZ,quantile,0.010,1576
2022-06-05,1 wk ahead inc case,2022-06-11,DK,quantile,0.010,5629
2022-06-05,1 wk ahead inc case,2022-06-11,EE,quantile,0.010,978
2022-06-05,1 wk ahead inc case,2022-06-11,FI,quantile,0.010,10188
2022-06-05,1 wk ahead inc case,2022-06-11,FR,quantile,0.010,93515
2022-06-05,1 wk ahead inc case,2022-06-11,DE,quantile,0.010,257339
2022-06-05,1 wk ahead inc case,2022-06-11,GR,quantile,0.010,29653
2022-06-05,1 wk ahead inc case,2022-06-11,HU,quantile,0.010,1895
2022-06-05,1 wk ahead inc case,2022-06-11,IS,quantile,0.010,1399
2022-06-05,1 wk ahead inc case,2022-06-11,IE,quantile,0.010,2095
2022-06-05,1 wk ahead inc case,2022-06-11,IT,quantile,0.010,135609
2022-06-05,1 wk ahead inc case,2022-06-11,LV,quantile,0.010,1226
2022-06-05,1 wk ahead inc case,2022-06-11,LI,quantile,0.010,143
2022-06-05,1 wk ahead inc case,2022-06-11,LT,quantile,0.010,918
2022-06-05,1 wk ahead inc case,2022-06-11,LU,quantile,0.010,415
2022-06-05,1 wk ahead inc case,2022-06-11,MT,quantile,0.010,781
2022-06-05,1 wk ahead inc case,2022-06-11,NL,quantile,0.010,12514
2022-06-05,1 wk ahead inc case,2022-06-11,NO,quantile,0.010,2669
2022-06-05,1 wk ahead inc case,2022-06-11,PL,quantile,0.010,1574
2022-06-05,1 wk ahead inc case,2022-06-11,PT,quantile,0.010,170936
2022-06-05,1 wk ahead inc case,2022-06-11,RO,quantile,0.010,2268
2022-06-05,1 wk ahead inc case,2022-06-11,SK,quantile,0.010,1363
2022-06-05,1 wk ahead inc case,2022-06-11,SI,quantile,0.010,1851
2022-06-05,1 wk ahead inc case,2022-06-11,ES,quantile,0.010,68592
2022-06-05,1 wk ahead inc case,2022-06-11,SE,quantile,0.010,1846
2022-06-05,1 wk ahead inc case,2022-06-11,CH,quantile,0.010,8860
2022-06-05,1 wk ahead inc case,2022-06-11,GB,quantile,0.010,43165
2022-06-05,2 wk ahead inc case,2022-06-18,AT,quantile,0.010,26666
2022-06-05,2 wk ahead inc case,2022-06-18,BE,quantile,0.010,15286
2022-06-05,2 wk ahead inc case,2022-06-18,BG,quantile,0.010,1186
2022-06-05,2 wk ahead inc case,2022-06-18,HR,quantile,0.010,42
2022-06-05,2 wk ahead inc case,2022-06-18,CY,quantile,0.010,2173
2022-06-05,2 wk ahead inc case,2022-06-18,CZ,quantile,0.010,1635
2022-06-05,2 wk ahead inc case,2022-06-18,DK,quantile,0.010,8395
2022-06-05,2 wk ahead inc case,2022-06-18,EE,quantile,0.010,1069
2022-06-05,2 wk ahead inc case,2022-06-18,FI,quantile,0.010,9671
2022-06-05,2 wk ahead inc case,2022-06-18,FR,quantile,0.010,118086
2022-06-05,2 wk ahead inc case,2022-06-18,DE,quantile,0.010,285751
2022-06-05,2 wk ahead inc case,2022-06-18,GR,quantile,0.010,34321
2022-06-05,2 wk ahead inc case,2022-06-18,HU,quantile,0.010,1491
2022-06-05,2 wk ahead inc case,2022-06-18,IS,quantile,0.010,2088
2022-06-05,2 wk ahead inc case,2022-06-18,IE,quantile,0.010,1409
2022-06-05,2 wk ahead inc case,2022-06-18,IT,quantile,0.010,136973
2022-06-05,2 wk ahead inc case,2022-06-18,LV,quantile,0.010,1356
2022-06-05,2 wk ahead inc case,2022-06-18,LI,quantile,0.010,239
2022-06-05,2 wk ahead inc case,2022-06-18,LT,quantile,0.010,1062
2022-06-05,2 wk ahead inc case,2022-06-18,LU,quantile,0.010,298
2022-06-05,2 wk ahead inc case,2022-06-18,MT,quantile,0.010,1031
2022-06-05,2 wk ahead inc case,2022-06-18,NL,quantile,0.010,17246
2022-06-05,2 wk ahead inc case,2022-06-18,NO,quantile,0.010,3864
2022-06-05,2 wk ahead inc case,2022-06-18,PL,quantile,0.010,1608
2022-06-05,2 wk ahead inc case,2022-06-18,PT,quantile,0.010,166577
2022-06-05,2 wk ahead inc case,2022-06-18,RO,quantile,0.010,2227
2022-06-05,2 wk ahead inc case,2022-06-18,SK,quantile,0.010,1286
2022-06-05,2 wk ahead inc case,2022-06-18,SI,quantile,0.010,1798
2022-06-05,2 wk ahead inc case,2022-06-18,ES,quantile,0.010,75906
2022-06-05,2 wk ahead inc case,2022-06-18,SE,quantile,0.010,2476
2022-06-05,2 wk ahead inc case,2022-06-18,CH,quantile,0.010,10420
2022-06-05,2 wk ahead inc case,2022-06-18,GB,quantile,0.010,52884
2022-06-05,3 wk ahead inc case,2022-06-25,AT,quantile,0.010,34592
2022-06-05,3 wk ahead inc case,2022-06-25,BE,quantile,0.010,17310
2022-06-05,3 wk ahead inc case,2022-06-25,BG,quantile,0.010,1230
2022-06-05,3 wk ahead inc case,2022-06-25,HR,quantile,0.010,0
2022-06-05,3 wk ahead inc case,2022-06-25,CY,quantile,0.010,2300
2022-06-05,3 wk ahead inc case,2022-06-25,CZ,quantile,0.010,1662
2022-06-05,3 wk ahead inc case,2022-06-25,DK,quantile,0.010,13158
2022-06-05,3 wk ahead inc case,2022-06-25,EE,quantile,0.010,1161
2022-06-05,3 wk ahead inc case,2022-06-25,FI,quantile,0.010,8031
2022-06-05,3 wk ahead inc case,2022-06-25,FR,quantile,0.010,148338
2022-06-05,3 wk ahead inc case,2022-06-25,DE,quantile,0.010,281191
2022-06-05,3 wk ahead inc case,2022-06-25,GR,quantile,0.010,37922
2022-06-05,3 wk ahead inc case,2022-06-25,HU,quantile,0.010,1238
2022-06-05,3 wk ahead inc case,2022-06-25,IS,quantile,0.010,2984
2022-06-05,3 wk ahead inc case,2022-06-25,IE,quantile,0.010,1456
2022-06-05,3 wk ahead inc case,2022-06-25,IT,quantile,0.010,138115
2022-06-05,3 wk ahead inc case,2022-06-25,LV,quantile,0.010,1458
2022-06-05,3 wk ahead inc case,2022-06-25,LI,quantile,0.010,342
2022-06-05,3 wk ahead inc case,2022-06-25,LT,quantile,0.010,1201
2022-06-05,3 wk ahead inc case,2022-06-25,LU,quantile,0.010,195
2022-06-05,3 wk ahead inc case,2022-06-25,MT,quantile,0.010,1275
2022-06-05,3 wk ahead inc case,2022-06-25,NL,quantile,0.010,23099
2022-06-05,3 wk ahead inc case,2022-06-25,NO,quantile,0.010,5223
2022-06-05,3 wk ahead inc case,2022-06-25,PL,quantile,0.010,1616
2022-06-05,3 wk ahead inc case,2022-06-25,PT,quantile,0.010,158277
2022-06-05,3 wk ahead inc case,2022-06-25,RO,quantile,0.010,2246
2022-06-05,3 wk ahead inc case,2022-06-25,SK,quantile,0.010,1304
2022-06-05,3 wk ahead inc case,2022-06-25,SI,quantile,0.010,1888
2022-06-05,3 wk ahead inc case,2022-06-25,ES,quantile,0.010,88823
2022-06-05,3 wk ahead inc case,2022-06-25,SE,quantile,0.010,3401
2022-06-05,3 wk ahead inc case,2022-06-25,CH,quantile,0.010,12155
2022-06-05,3 wk ahead inc case,2022-06-25,GB,quantile,0.010,69736
2022-06-05,4 wk ahead inc case,2022-07-02,AT,quantile,0.010,44184
2022-06-05,4 wk ahead inc case,2022-07-02,BE,quantile,0.010,18316
2022-06-05,4 wk ahead inc case,2022-07-02,BG,quantile,0.010,1136
2022-06-05,4 wk ahead inc case,2022-07-02,HR,quantile,0.010,36
2022-06-05,4 wk ahead inc case,2022-07-02,CY,quantile,0.010,2228
2022-06-05,4 wk ahead inc case,2022-07-02,CZ,quantile,0.010,1527
2022-06-05,4 wk ahead inc case,2022-07-02,DK,quantile,0.010,20824
2022-06-05,4 wk ahead inc case,2022-07-02,EE,quantile,0.010,1141
2022-06-05,4 wk ahead inc case,2022-07-02,FI,quantile,0.010,7278
2022-06-05,4 wk ahead inc case,2022-07-02,FR,quantile,0.010,155476
2022-06-05,4 wk ahead inc case,2022-07-02,DE,quantile,0.010,269328
2022-06-05,4 wk ahead inc case,2022-07-02,GR,quantile,0.010,38557
2022-06-05,4 wk ahead inc case,2022-07-02,HU,quantile,0.010,1134
2022-06-05,4 wk ahead inc case,2022-07-02,IS,quantile,0.010,4050
2022-06-05,4 wk ahead inc case,2022-07-02,IE,quantile,0.010,2452
2022-06-05,4 wk ahead inc case,2022-07-02,IT,quantile,0.010,128327
2022-06-05,4 wk ahead inc case,2022-07-02,LV,quantile,0.010,1423
2022-06-05,4 wk ahead inc case,2022-07-02,LI,quantile,0.010,492
2022-06-05,4 wk ahead inc case,2022-07-02,LT,quantile,0.010,1239
2022-06-05,4 wk ahead inc case,2022-07-02,LU,quantile,0.010,128
2022-06-05,4 wk ahead inc case,2022-07-02,MT,quantile,0.010,1592
2022-06-05,4 wk ahead inc case,2022-07-02,NL,quantile,0.010,31513
2022-06-05,4 wk ahead inc case,2022-07-02,NO,quantile,0.010,6875
2022-06-05,4 wk ahead inc case,2022-07-02,PL,quantile,0.010,1443
2022-06-05,4 wk ahead inc case,2022-07-02,PT,quantile,0.010,145569
2022-06-05,4 wk ahead inc case,2022-07-02,RO,quantile,0.010,1984
2022-06-05,4 wk ahead inc case,2022-07-02,SK,quantile,0.010,1435
2022-06-05,4 wk ahead inc case,2022-07-02,SI,quantile,0.010,2151
2022-06-05,4 wk ahead inc case,2022-07-02,ES,quantile,0.010,98910
2022-06-05,4 wk ahead inc case,2022-07-02,SE,quantile,0.010,4654
2022-06-05,4 wk ahead inc case,2022-07-02,CH,quantile,0.010,13372
2022-06-05,4 wk ahead inc case,2022-07-02,GB,quantile,0.010,85085
2022-06-05,5 wk ahead inc case,2022-07-09,AT,quantile,0.010,58163
2022-06-05,5 wk ahead inc case,2022-07-09,BE,quantile,0.010,19774
2022-06-05,5 wk ahead inc case,2022-07-09,BG,quantile,0.010,1015
2022-06-05,5 wk ahead inc case,2022-07-09,HR,quantile,0.010,113
2022-06-05,5 wk ahead inc case,2022-07-09,CY,quantile,0.010,2207
2022-06-05,5 wk ahead inc case,2022-07-09,CZ,quantile,0.010,1432
2022-06-05,5 wk ahead inc case,2022-07-09,DK,quantile,0.010,35527
2022-06-05,5 wk ahead inc case,2022-07-09,EE,quantile,0.010,1152
2022-06-05,5 wk ahead inc case,2022-07-09,FI,quantile,0.010,7007
2022-06-05,5 wk ahead inc case,2022-07-09,FR,quantile,0.010,165101
2022-06-05,5 wk ahead inc case,2022-07-09,DE,quantile,0.010,262795
2022-06-05,5 wk ahead inc case,2022-07-09,GR,quantile,0.010,39809
2022-06-05,5 wk ahead inc case,2022-07-09,HU,quantile,0.010,1205
2022-06-05,5 wk ahead inc case,2022-07-09,IS,quantile,0.010,5594
2022-06-05,5 wk ahead inc case,2022-07-09,IE,quantile,0.010,4780
2022-06-05,5 wk ahead inc case,2022-07-09,IT,quantile,0.010,119311
2022-06-05,5 wk ahead inc case,2022-07-09,LV,quantile,0.010,1420
2022-06-05,5 wk ahead inc case,2022-07-09,LI,quantile,0.010,706
2022-06-05,5 wk ahead inc case,2022-07-09,LT,quantile,0.010,1310
2022-06-05,5 wk ahead inc case,2022-07-09,LU,quantile,0.010,89
2022-06-05,5 wk ahead inc case,2022-07-09,MT,quantile,0.010,2157
2022-06-05,5 wk ahead inc case,2022-07-09,NL,quantile,0.010,46920
2022-06-05,5 wk ahead inc case,2022-07-09,NO,quantile,0.010,9402
2022-06-05,5 wk ahead inc case,2022-07-09,PL,quantile,0.010,1306
2022-06-05,5 wk ahead inc case,2022-07-09,PT,quantile,0.010,125522
2022-06-05,5 wk ahead inc case,2022-07-09,RO,quantile,0.010,1739
2022-06-05,5 wk ahead inc case,2022-07-09,SK,quantile,0.010,1440
2022-06-05,5 wk ahead inc case,2022-07-09,SI,quantile,0.010,2217
2022-06-05,5 wk ahead inc case,2022-07-09,ES,quantile,0.010,114855
2022-06-05,5 wk ahead inc case,2022-07-09,SE,quantile,0.010,6986
2022-06-05,5 wk ahead inc case,2022-07-09,CH,quantile,0.010,15376
2022-06-05,5 wk ahead inc case,2022-07-09,GB,quantile,0.010,108246
2022-06-05,1 wk ahead inc case,2022-06-11,AT,quantile,0.025,20036
2022-06-05,1 wk ahead inc case,2022-06-11,BE,quantile,0.025,13523
2022-06-05,1 wk ahead inc case,2022-06-11,BG,quantile,0.025,1251
2022-06-05,1 wk ahead inc case,2022-06-11,HR,quantile,0.025,320
2022-06-05,1 wk ahead inc case,2022-06-11,CY,quantile,0.025,1969
2022-06-05,1 wk ahead inc case,2022-06-11,CZ,quantile,0.025,1576
2022-06-05,1 wk ahead inc case,2022-06-11,DK,quantile,0.025,5629
2022-06-05,1 wk ahead inc case,2022-06-11,EE,quantile,0.025,978
2022-06-05,1 wk ahead inc case,2022-06-11,FI,quantile,0.025,10188
2022-06-05,1 wk ahead inc case,2022-06-11,FR,quantile,0.025,93515
2022-06-05,1 wk ahead inc case,2022-06-11,DE,quantile,0.025,257339
2022-06-05,1 wk ahead inc case,2022-06-11,GR,quantile,0.025,29653
2022-06-05,1 wk ahead inc case,2022-06-11,HU,quantile,0.025,1895
2022-06-05,1 wk ahead inc case,2022-06-11,IS,quantile,0.025,1399
2022-06-05,1 wk ahead inc case,2022-06-11,IE,quantile,0.025,2095
2022-06-05,1 wk ahead inc case,2022-06-11,IT,quantile,0.025,135609
2022-06-05,1 wk ahead inc case,2022-06-11,LV,quantile,0.025,1226
2022-06-05,1 wk ahead inc case,2022-06-11,LI,quantile,0.025,143
2022-06-05,1 wk ahead inc case,2022-06-11,LT,quantile,0.025,918
2022-06-05,1 wk ahead inc case,2022-06-11,LU,quantile,0.025,415
2022-06-05,1 wk ahead inc case,2022-06-11,MT,quantile,0.025,781
2022-06-05,1 wk ahead inc case,2022-06-11,NL,quantile,0.025,12514
2022-06-05,1 wk ahead inc case,2022-06-11,NO,quantile,0.025,2669
2022-06-05,1 wk ahead inc case,2022-06-11,PL,quantile,0.025,1574
2022-06-05,1 wk ahead inc case,2022-06-11,PT,quantile,0.025,170936
2022-06-05,1 wk ahead inc case,2022-06-11,RO,quantile,0.025,2268
2022-06-05,1 wk ahead inc case,2022-06-11,SK,quantile,0.025,1363
2022-06-05,1 wk ahead inc case,2022-06-11,SI,quantile,0.025,1851
2022-06-05,1 wk ahead inc case,2022-06-11,ES,quantile,0.025,68592
2022-06-05,1 wk ahead inc case,2022-06-11,SE,quantile,0.025,1846
2022-06-05,1 wk ahead inc case,2022-06-11,CH,quantile,0.025,8860
2022-06-05,1 wk ahead inc case,2022-06-11,GB,quantile,0.025,43165
2022-06-05,2 wk ahead inc case,2022-06-18,AT,quantile,0.025,26666
2022-06-05,2 wk ahead inc case,2022-06-18,BE,quantile,0.025,15286
2022-06-05,2 wk ahead inc case,2022-06-18,BG,quantile,0.025,1186
2022-06-05,2 wk ahead inc case,2022-06-18,HR,quantile,0.025,42
2022-06-05,2 wk ahead inc case,2022-06-18,CY,quantile,0.025,2173
2022-06-05,2 wk ahead inc case,2022-06-18,CZ,quantile,0.025,1635
2022-06-05,2 wk ahead inc case,2022-06-18,DK,quantile,0.025,8395
2022-06-05,2 wk ahead inc case,2022-06-18,EE,quantile,0.025,1069
2022-06-05,2 wk ahead inc case,2022-06-18,FI,quantile,0.025,9671
2022-06-05,2 wk ahead inc case,2022-06-18,FR,quantile,0.025,118086
2022-06-05,2 wk ahead inc case,2022-06-18,DE,quantile,0.025,285751
2022-06-05,2 wk ahead inc case,2022-06-18,GR,quantile,0.025,34321
2022-06-05,2 wk ahead inc case,2022-06-18,HU,quantile,0.025,1491
2022-06-05,2 wk ahead inc case,2022-06-18,IS,quantile,0.025,2088
2022-06-05,2 wk ahead inc case,2022-06-18,IE,quantile,0.025,1409
2022-06-05,2 wk ahead inc case,2022-06-18,IT,quantile,0.025,136973
2022-06-05,2 wk ahead inc case,2022-06-18,LV,quantile,0.025,1356
2022-06-05,2 wk ahead inc case,2022-06-18,LI,quantile,0.025,239
2022-06-05,2 wk ahead inc case,2022-06-18,LT,quantile,0.025,1062
2022-06-05,2 wk ahead inc case,2022-06-18,LU,quantile,0.025,298
2022-06-05,2 wk ahead inc case,2022-06-18,MT,quantile,0.025,1031
2022-06-05,2 wk ahead inc case,2022-06-18,NL,quantile,0.025,17246
2022-06-05,2 wk ahead inc case,2022-06-18,NO,quantile,0.025,3864
2022-06-05,2 wk ahead inc case,2022-06-18,PL,quantile,0.025,1608
2022-06-05,2 wk ahead inc case,2022-06-18,PT,quantile,0.025,166577
2022-06-05,2 wk ahead inc case,2022-06-18,RO,quantile,0.025,2227
2022-06-05,2 wk ahead inc case,2022-06-18,SK,quantile,0.025,1286
2022-06-05,2 wk ahead inc case,2022-06-18,SI,quantile,0.025,1798
2022-06-05,2 wk ahead inc case,2022-06-18,ES,quantile,0.025,75906
2022-06-05,2 wk ahead inc case,2022-06-18,SE,quantile,0.025,2476
2022-06-05,2 wk ahead inc case,2022-06-18,CH,quantile,0.025,10420
2022-06-05,2 wk ahead inc case,2022-06-18,GB,quantile,0.025,52884
2022-06-05,3 wk ahead inc case,2022-06-25,AT,quantile,0.025,34592
2022-06-05,3 wk ahead inc case,2022-06-25,BE,quantile,0.025,17310
2022-06-05,3 wk ahead inc case,2022-06-25,BG,quantile,0.025,1230
2022-06-05,3 wk ahead inc case,2022-06-25,HR,quantile,0.025,0
2022-06-05,3 wk ahead inc case,2022-06-25,CY,quantile,0.025,2300
2022-06-05,3 wk ahead inc case,2022-06-25,CZ,quantile,0.025,1662
2022-06-05,3 wk ahead inc case,2022-06-25,DK,quantile,0.025,13158
2022-06-05,3 wk ahead inc case,2022-06-25,EE,quantile,0.025,1161
2022-06-05,3 wk ahead inc case,2022-06-25,FI,quantile,0.025,8031
2022-06-05,3 wk ahead inc case,2022-06-25,FR,quantile,0.025,148338
2022-06-05,3 wk ahead inc case,2022-06-25,DE,quantile,0.025,281191
2022-06-05,3 wk ahead inc case,2022-06-25,GR,quantile,0.025,37922
2022-06-05,3 wk ahead inc case,2022-06-25,HU,quantile,0.025,1238
2022-06-05,3 wk ahead inc case,2022-06-25,IS,quantile,0.025,2984
2022-06-05,3 wk ahead inc case,2022-06-25,IE,quantile,0.025,1456
2022-06-05,3 wk ahead inc case,2022-06-25,IT,quantile,0.025,138115
2022-06-05,3 wk ahead inc case,2022-06-25,LV,quantile,0.025,1458
2022-06-05,3 wk ahead inc case,2022-06-25,LI,quantile,0.025,342
2022-06-05,3 wk ahead inc case,2022-06-25,LT,quantile,0.025,1201
2022-06-05,3 wk ahead inc case,2022-06-25,LU,quantile,0.025,195
2022-06-05,3 wk ahead inc case,2022-06-25,MT,quantile,0.025,1275
2022-06-05,3 wk ahead inc case,2022-06-25,NL,quantile,0.025,23099
2022-06-05,3 wk ahead inc case,2022-06-25,NO,quantile,0.025,5223
2022-06-05,3 wk ahead inc case,2022-06-25,PL,quantile,0.025,1616
2022-06-05,3 wk ahead inc case,2022-06-25,PT,quantile,0.025,158277
2022-06-05,3 wk ahead inc case,2022-06-25,RO,quantile,0.025,2246
2022-06-05,3 wk ahead inc case,2022-06-25,SK,quantile,0.025,1304
2022-06-05,3 wk ahead inc case,2022-06-25,SI,quantile,0.025,1888
2022-06-05,3 wk ahead inc case,2022-06-25,ES,quantile,0.025,88823
2022-06-05,3 wk ahead inc case,2022-06-25,SE,quantile,0.025,3401
2022-06-05,3 wk ahead inc case,2022-06-25,CH,quantile,0.025,12155
2022-06-05,3 wk ahead inc case,2022-06-25,GB,quantile,0.025,69736
2022-06-05,4 wk ahead inc case,2022-07-02,AT,quantile,0.025,44184
2022-06-05,4 wk ahead inc case,2022-07-02,BE,quantile,0.025,18316
2022-06-05,4 wk ahead inc case,2022-07-02,BG,quantile,0.025,1136
2022-06-05,4 wk ahead inc case,2022-07-02,HR,quantile,0.025,36
2022-06-05,4 wk ahead inc case,2022-07-02,CY,quantile,0.025,2228
2022-06-05,4 wk ahead inc case,2022-07-02,CZ,quantile,0.025,1527
2022-06-05,4 wk ahead inc case,2022-07-02,DK,quantile,0.025,20824
2022-06-05,4 wk ahead inc case,2022-07-02,EE,quantile,0.025,1141
2022-06-05,4 wk ahead inc case,2022-07-02,FI,quantile,0.025,7278
2022-06-05,4 wk ahead inc case,2022-07-02,FR,quantile,0.025,155476
2022-06-05,4 wk ahead inc case,2022-07-02,DE,quantile,0.025,269328
2022-06-05,4 wk ahead inc case,2022-07-02,GR,quantile,0.025,38557
2022-06-05,4 wk ahead inc case,2022-07-02,HU,quantile,0.025,1134
2022-06-05,4 wk ahead inc case,2022-07-02,IS,quantile,0.025,4050
2022-06-05,4 wk ahead inc case,2022-07-02,IE,quantile,0.025,2452
2022-06-05,4 wk ahead inc case,2022-07-02,IT,quantile,0.025,128327
2022-06-05,4 wk ahead inc case,2022-07-02,LV,quantile,0.025,1423
2022-06-05,4 wk ahead inc case,2022-07-02,LI,quantile,0.025,492
2022-06-05,4 wk ahead inc case,2022-07-02,LT,quantile,0.025,1239
2022-06-05,4 wk ahead inc case,2022-07-02,LU,quantile,0.025,128
2022-06-05,4 wk ahead inc case,2022-07-02,MT,quantile,0.025,1592
2022-06-05,4 wk ahead inc case,2022-07-02,NL,quantile,0.025,31513
2022-06-05,4 wk ahead inc case,2022-07-02,NO,quantile,0.025,6875
2022-06-05,4 wk ahead inc case,2022-07-02,PL,quantile,0.025,1443
2022-06-05,4 wk ahead inc case,2022-07-02,PT,quantile,0.025,145569
2022-06-05,4 wk ahead inc case,2022-07-02,RO,quantile,0.025,1984
2022-06-05,4 wk ahead inc case,2022-07-02,SK,quantile,0.025,1435
2022-06-05,4 wk ahead inc case,2022-07-02,SI,quantile,0.025,2151
2022-06-05,4 wk ahead inc case,2022-07-02,ES,quantile,0.025,98910
2022-06-05,4 wk ahead inc case,2022-07-02,SE,quantile,0.025,4654
2022-06-05,4 wk ahead inc case,2022-07-02,CH,quantile,0.025,13372
2022-06-05,4 wk ahead inc case,2022-07-02,GB,quantile,0.025,85085
2022-06-05,5 wk ahead inc case,2022-07-09,AT,quantile,0.025,58163
2022-06-05,5 wk ahead inc case,2022-07-09,BE,quantile,0.025,19774
2022-06-05,5 wk ahead inc case,2022-07-09,BG,quantile,0.025,1015
2022-06-05,5 wk ahead inc case,2022-07-09,HR,quantile,0.025,113
2022-06-05,5 wk ahead inc case,2022-07-09,CY,quantile,0.025,2207
2022-06-05,5 wk ahead inc case,2022-07-09,CZ,quantile,0.025,1432
2022-06-05,5 wk ahead inc case,2022-07-09,DK,quantile,0.025,35527
2022-06-05,5 wk ahead inc case,2022-07-09,EE,quantile,0.025,1152
2022-06-05,5 wk ahead inc case,2022-07-09,FI,quantile,0.025,7007
2022-06-05,5 wk ahead inc case,2022-07-09,FR,quantile,0.025,165101
2022-06-05,5 wk ahead inc case,2022-07-09,DE,quantile,0.025,262795
2022-06-05,5 wk ahead inc case,2022-07-09,GR,quantile,0.025,39809
2022-06-05,5 wk ahead inc case,2022-07-09,HU,quantile,0.025,1205
2022-06-05,5 wk ahead inc case,2022-07-09,IS,quantile,0.025,5594
2022-06-05,5 wk ahead inc case,2022-07-09,IE,quantile,0.025,4780
2022-06-05,5 wk ahead inc case,2022-07-09,IT,quantile,0.025,119311
2022-06-05,5 wk ahead inc case,2022-07-09,LV,quantile,0.025,1420
2022-06-05,5 wk ahead inc case,2022-07-09,LI,quantile,0.025,706
2022-06-05,5 wk ahead inc case,2022-07-09,LT,quantile,0.025,1310
2022-06-05,5 wk ahead inc case,2022-07-09,LU,quantile,0.025,89
2022-06-05,5 wk ahead inc case,2022-07-09,MT,quantile,0.025,2157
2022-06-05,5 wk ahead inc case,2022-07-09,NL,quantile,0.025,46920
2022-06-05,5 wk ahead inc case,2022-07-09,NO,quantile,0.025,9402
2022-06-05,5 wk ahead inc case,2022-07-09,PL,quantile,0.025,1306
2022-06-05,5 wk ahead inc case,2022-07-09,PT,quantile,0.025,125522
2022-06-05,5 wk ahead inc case,2022-07-09,RO,quantile,0.025,1739
2022-06-05,5 wk ahead inc case,2022-07-09,SK,quantile,0.025,1440
2022-06-05,5 wk ahead inc case,2022-07-09,SI,quantile,0.025,2217
2022-06-05,5 wk ahead inc case,2022-07-09,ES,quantile,0.025,114855
2022-06-05,5 wk ahead inc case,2022-07-09,SE,quantile,0.025,6986
2022-06-05,5 wk ahead inc case,2022-07-09,CH,quantile,0.025,15376
2022-06-05,5 wk ahead inc case,2022-07-09,GB,quantile,0.025,108246
2022-06-05,1 wk ahead inc case,2022-06-11,AT,quantile,0.050,20036
2022-06-05,1 wk ahead inc case,2022-06-11,BE,quantile,0.050,13589
2022-06-05,1 wk ahead inc case,2022-06-11,BG,quantile,0.050,1251
2022-06-05,1 wk ahead inc case,2022-06-11,HR,quantile,0.050,320
2022-06-05,1 wk ahead inc case,2022-06-11,CY,quantile,0.050,1975
2022-06-05,1 wk ahead inc case,2022-06-11,CZ,quantile,0.050,1578
2022-06-05,1 wk ahead inc case,2022-06-11,DK,quantile,0.050,5629
2022-06-05,1 wk ahead inc case,2022-06-11,EE,quantile,0.050,984
2022-06-05,1 wk ahead inc case,2022-06-11,FI,quantile,0.050,10254
2022-06-05,1 wk ahead inc case,2022-06-11,FR,quantile,0.050,93515
2022-06-05,1 wk ahead inc case,2022-06-11,DE,quantile,0.050,257781
2022-06-05,1 wk ahead inc case,2022-06-11,GR,quantile,0.050,29803
2022-06-05,1 wk ahead inc case,2022-06-11,HU,quantile,0.050,1895
2022-06-05,1 wk ahead inc case,2022-06-11,IS,quantile,0.050,1399
2022-06-05,1 wk ahead inc case,2022-06-11,IE,quantile,0.050,2095
2022-06-05,1 wk ahead inc case,2022-06-11,IT,quantile,0.050,136018
2022-06-05,1 wk ahead inc case,2022-06-11,LV,quantile,0.050,1232
2022-06-05,1 wk ahead inc case,2022-06-11,LI,quantile,0.050,143
2022-06-05,1 wk ahead inc case,2022-06-11,LT,quantile,0.050,921
2022-06-05,1 wk ahead inc case,2022-06-11,LU,quantile,0.050,415
2022-06-05,1 wk ahead inc case,2022-06-11,MT,quantile,0.050,785
2022-06-05,1 wk ahead inc case,2022-06-11,NL,quantile,0.050,12514
2022-06-05,1 wk ahead inc case,2022-06-11,NO,quantile,0.050,2694
2022-06-05,1 wk ahead inc case,2022-06-11,PL,quantile,0.050,1575
2022-06-05,1 wk ahead inc case,2022-06-11,PT,quantile,0.050,171623
2022-06-05,1 wk ahead inc case,2022-06-11,RO,quantile,0.050,2269
2022-06-05,1 wk ahead inc case,2022-06-11,SK,quantile,0.050,1363
2022-06-05,1 wk ahead inc case,2022-06-11,SI,quantile,0.050,1851
2022-06-05,1 wk ahead inc case,2022-06-11,ES,quantile,0.050,68592
2022-06-05,1 wk ahead inc case,2022-06-11,SE,quantile,0.050,1860
2022-06-05,1 wk ahead inc case,2022-06-11,CH,quantile,0.050,8929
2022-06-05,1 wk ahead inc case,2022-06-11,GB,quantile,0.050,43165
2022-06-05,2 wk ahead inc case,2022-06-18,AT,quantile,0.050,26666
2022-06-05,2 wk ahead inc case,2022-06-18,BE,quantile,0.050,15513
2022-06-05,2 wk ahead inc case,2022-06-18,BG,quantile,0.050,1186
2022-06-05,2 wk ahead inc case,2022-06-18,HR,quantile,0.050,42
2022-06-05,2 wk ahead inc case,2022-06-18,CY,quantile,0.050,2208
2022-06-05,2 wk ahead inc case,2022-06-18,CZ,quantile,0.050,1646
2022-06-05,2 wk ahead inc case,2022-06-18,DK,quantile,0.050,8395
2022-06-05,2 wk ahead inc case,2022-06-18,EE,quantile,0.050,1091
2022-06-05,2 wk ahead inc case,2022-06-18,FI,quantile,0.050,9701
2022-06-05,2 wk ahead inc case,2022-06-18,FR,quantile,0.050,118086
2022-06-05,2 wk ahead inc case,2022-06-18,DE,quantile,0.050,285824
2022-06-05,2 wk ahead inc case,2022-06-18,GR,quantile,0.050,34975
2022-06-05,2 wk ahead inc case,2022-06-18,HU,quantile,0.050,1491
2022-06-05,2 wk ahead inc case,2022-06-18,IS,quantile,0.050,2088
2022-06-05,2 wk ahead inc case,2022-06-18,IE,quantile,0.050,1409
2022-06-05,2 wk ahead inc case,2022-06-18,IT,quantile,0.050,136973
2022-06-05,2 wk ahead inc case,2022-06-18,LV,quantile,0.050,1382
2022-06-05,2 wk ahead inc case,2022-06-18,LI,quantile,0.050,239
2022-06-05,2 wk ahead inc case,2022-06-18,LT,quantile,0.050,1079
2022-06-05,2 wk ahead inc case,2022-06-18,LU,quantile,0.050,298
2022-06-05,2 wk ahead inc case,2022-06-18,MT,quantile,0.050,1050
2022-06-05,2 wk ahead inc case,2022-06-18,NL,quantile,0.050,17246
2022-06-05,2 wk ahead inc case,2022-06-18,NO,quantile,0.050,3889
2022-06-05,2 wk ahead inc case,2022-06-18,PL,quantile,0.050,1621
2022-06-05,2 wk ahead inc case,2022-06-18,PT,quantile,0.050,169585
2022-06-05,2 wk ahead inc case,2022-06-18,RO,quantile,0.050,2227
2022-06-05,2 wk ahead inc case,2022-06-18,SK,quantile,0.050,1286
2022-06-05,2 wk ahead inc case,2022-06-18,SI,quantile,0.050,1798
2022-06-05,2 wk ahead inc case,2022-06-18,ES,quantile,0.050,75906
2022-06-05,2 wk ahead inc case,2022-06-18,SE,quantile,0.050,2527
2022-06-05,2 wk ahead inc case,2022-06-18,CH,quantile,0.050,10615
2022-06-05,2 wk ahead inc case,2022-06-18,GB,quantile,0.050,52884
2022-06-05,3 wk ahead inc case,2022-06-25,AT,quantile,0.050,34592
2022-06-05,3 wk ahead inc case,2022-06-25,BE,quantile,0.050,17507
2022-06-05,3 wk ahead inc case,2022-06-25,BG,quantile,0.050,1230
2022-06-05,3 wk ahead inc case,2022-06-25,HR,quantile,0.050,0
2022-06-05,3 wk ahead inc case,2022-06-25,CY,quantile,0.050,2307
2022-06-05,3 wk ahead inc case,2022-06-25,CZ,quantile,0.050,1664
2022-06-05,3 wk ahead inc case,2022-06-25,DK,quantile,0.050,13158
2022-06-05,3 wk ahead inc case,2022-06-25,EE,quantile,0.050,1175
2022-06-05,3 wk ahead inc case,2022-06-25,FI,quantile,0.050,8114
2022-06-05,3 wk ahead inc case,2022-06-25,FR,quantile,0.050,150038
2022-06-05,3 wk ahead inc case,2022-06-25,DE,quantile,0.050,282437
2022-06-05,3 wk ahead inc case,2022-06-25,GR,quantile,0.050,38193
2022-06-05,3 wk ahead inc case,2022-06-25,HU,quantile,0.050,1238
2022-06-05,3 wk ahead inc case,2022-06-25,IS,quantile,0.050,2984
2022-06-05,3 wk ahead inc case,2022-06-25,IE,quantile,0.050,1456
2022-06-05,3 wk ahead inc case,2022-06-25,IT,quantile,0.050,138115
2022-06-05,3 wk ahead inc case,2022-06-25,LV,quantile,0.050,1477
2022-06-05,3 wk ahead inc case,2022-06-25,LI,quantile,0.050,342
2022-06-05,3 wk ahead inc case,2022-06-25,LT,quantile,0.050,1206
2022-06-05,3 wk ahead inc case,2022-06-25,LU,quantile,0.050,195
2022-06-05,3 wk ahead inc case,2022-06-25,MT,quantile,0.050,1301
2022-06-05,3 wk ahead inc case,2022-06-25,NL,quantile,0.050,23099
2022-06-05,3 wk ahead inc case,2022-06-25,NO,quantile,0.050,5237
2022-06-05,3 wk ahead inc case,2022-06-25,PL,quantile,0.050,1620
2022-06-05,3 wk ahead inc case,2022-06-25,PT,quantile,0.050,162318
2022-06-05,3 wk ahead inc case,2022-06-25,RO,quantile,0.050,2246
2022-06-05,3 wk ahead inc case,2022-06-25,SK,quantile,0.050,1304
2022-06-05,3 wk ahead inc case,2022-06-25,SI,quantile,0.050,1888
2022-06-05,3 wk ahead inc case,2022-06-25,ES,quantile,0.050,89792
2022-06-05,3 wk ahead inc case,2022-06-25,SE,quantile,0.050,3448
2022-06-05,3 wk ahead inc case,2022-06-25,CH,quantile,0.050,12344
2022-06-05,3 wk ahead inc case,2022-06-25,GB,quantile,0.050,69736
2022-06-05,4 wk ahead inc case,2022-07-02,AT,quantile,0.050,44184
2022-06-05,4 wk ahead inc case,2022-07-02,BE,quantile,0.050,18615
2022-06-05,4 wk ahead inc case,2022-07-02,BG,quantile,0.050,1164
2022-06-05,4 wk ahead inc case,2022-07-02,HR,quantile,0.050,36
2022-06-05,4 wk ahead inc case,2022-07-02,CY,quantile,0.050,2240
2022-06-05,4 wk ahead inc case,2022-07-02,CZ,quantile,0.050,1529
2022-06-05,4 wk ahead inc case,2022-07-02,DK,quantile,0.050,20824
2022-06-05,4 wk ahead inc case,2022-07-02,EE,quantile,0.050,1160
2022-06-05,4 wk ahead inc case,2022-07-02,FI,quantile,0.050,7353
2022-06-05,4 wk ahead inc case,2022-07-02,FR,quantile,0.050,158638
2022-06-05,4 wk ahead inc case,2022-07-02,DE,quantile,0.050,273022
2022-06-05,4 wk ahead inc case,2022-07-02,GR,quantile,0.050,38914
2022-06-05,4 wk ahead inc case,2022-07-02,HU,quantile,0.050,1134
2022-06-05,4 wk ahead inc case,2022-07-02,IS,quantile,0.050,4050
2022-06-05,4 wk ahead inc case,2022-07-02,IE,quantile,0.050,2452
2022-06-05,4 wk ahead inc case,2022-07-02,IT,quantile,0.050,129509
2022-06-05,4 wk ahead inc case,2022-07-02,LV,quantile,0.050,1449
2022-06-05,4 wk ahead inc case,2022-07-02,LI,quantile,0.050,492
2022-06-05,4 wk ahead inc case,2022-07-02,LT,quantile,0.050,1246
2022-06-05,4 wk ahead inc case,2022-07-02,LU,quantile,0.050,128
2022-06-05,4 wk ahead inc case,2022-07-02,MT,quantile,0.050,1647
2022-06-05,4 wk ahead inc case,2022-07-02,NL,quantile,0.050,31513
2022-06-05,4 wk ahead inc case,2022-07-02,NO,quantile,0.050,7028
2022-06-05,4 wk ahead inc case,2022-07-02,PL,quantile,0.050,1450
2022-06-05,4 wk ahead inc case,2022-07-02,PT,quantile,0.050,147593
2022-06-05,4 wk ahead inc case,2022-07-02,RO,quantile,0.050,1993
2022-06-05,4 wk ahead inc case,2022-07-02,SK,quantile,0.050,1435
2022-06-05,4 wk ahead inc case,2022-07-02,SI,quantile,0.050,2151
2022-06-05,4 wk ahead inc case,2022-07-02,ES,quantile,0.050,101364
2022-06-05,4 wk ahead inc case,2022-07-02,SE,quantile,0.050,4735
2022-06-05,4 wk ahead inc case,2022-07-02,CH,quantile,0.050,13641
2022-06-05,4 wk ahead inc case,2022-07-02,GB,quantile,0.050,90470
2022-06-05,5 wk ahead inc case,2022-07-09,AT,quantile,0.050,58163
2022-06-05,5 wk ahead inc case,2022-07-09,BE,quantile,0.050,20207
2022-06-05,5 wk ahead inc case,2022-07-09,BG,quantile,0.050,1051
2022-06-05,5 wk ahead inc case,2022-07-09,HR,quantile,0.050,115
2022-06-05,5 wk ahead inc case,2022-07-09,CY,quantile,0.050,2222
2022-06-05,5 wk ahead inc case,2022-07-09,CZ,quantile,0.050,1434
2022-06-05,5 wk ahead inc case,2022-07-09,DK,quantile,0.050,35527
2022-06-05,5 wk ahead inc case,2022-07-09,EE,quantile,0.050,1175
2022-06-05,5 wk ahead inc case,2022-07-09,FI,quantile,0.050,7090
2022-06-05,5 wk ahead inc case,2022-07-09,FR,quantile,0.050,170301
2022-06-05,5 wk ahead inc case,2022-07-09,DE,quantile,0.050,268278
2022-06-05,5 wk ahead inc case,2022-07-09,GR,quantile,0.050,40245
2022-06-05,5 wk ahead inc case,2022-07-09,HU,quantile,0.050,1205
2022-06-05,5 wk ahead inc case,2022-07-09,IS,quantile,0.050,5594
2022-06-05,5 wk ahead inc case,2022-07-09,IE,quantile,0.050,4990
2022-06-05,5 wk ahead inc case,2022-07-09,IT,quantile,0.050,120638
2022-06-05,5 wk ahead inc case,2022-07-09,LV,quantile,0.050,1454
2022-06-05,5 wk ahead inc case,2022-07-09,LI,quantile,0.050,706
2022-06-05,5 wk ahead inc case,2022-07-09,LT,quantile,0.050,1317
2022-06-05,5 wk ahead inc case,2022-07-09,LU,quantile,0.050,89
2022-06-05,5 wk ahead inc case,2022-07-09,MT,quantile,0.050,2274
2022-06-05,5 wk ahead inc case,2022-07-09,NL,quantile,0.050,46920
2022-06-05,5 wk ahead inc case,2022-07-09,NO,quantile,0.050,9646
2022-06-05,5 wk ahead inc case,2022-07-09,PL,quantile,0.050,1315
2022-06-05,5 wk ahead inc case,2022-07-09,PT,quantile,0.050,127994
2022-06-05,5 wk ahead inc case,2022-07-09,RO,quantile,0.050,1751
2022-06-05,5 wk ahead inc case,2022-07-09,SK,quantile,0.050,1440
2022-06-05,5 wk ahead inc case,2022-07-09,SI,quantile,0.050,2217
2022-06-05,5 wk ahead inc case,2022-07-09,ES,quantile,0.050,118511
2022-06-05,5 wk ahead inc case,2022-07-09,SE,quantile,0.050,7131
2022-06-05,5 wk ahead inc case,2022-07-09,CH,quantile,0.050,15753
2022-06-05,5 wk ahead inc case,2022-07-09,GB,quantile,0.050,117688
2022-06-05,1 wk ahead inc case,2022-06-11,AT,quantile,0.100,20310
2022-06-05,1 wk ahead inc case,2022-06-11,BE,quantile,0.100,14040
2022-06-05,1 wk ahead inc case,2022-06-11,BG,quantile,0.100,1254
2022-06-05,1 wk ahead inc case,2022-06-11,HR,quantile,0.100,528
2022-06-05,1 wk ahead inc case,2022-06-11,CY,quantile,0.100,2063
2022-06-05,1 wk ahead inc case,2022-06-11,CZ,quantile,0.100,1634
2022-06-05,1 wk ahead inc case,2022-06-11,DK,quantile,0.100,5940
2022-06-05,1 wk ahead inc case,2022-06-11,EE,quantile,0.100,1007
2022-06-05,1 wk ahead inc case,2022-06-11,FI,quantile,0.100,12873
2022-06-05,1 wk ahead inc case,2022-06-11,FR,quantile,0.100,140384
2022-06-05,1 wk ahead inc case,2022-06-11,DE,quantile,0.100,258425
2022-06-05,1 wk ahead inc case,2022-06-11,GR,quantile,0.100,29951
2022-06-05,1 wk ahead inc case,2022-06-11,HU,quantile,0.100,2315
2022-06-05,1 wk ahead inc case,2022-06-11,IS,quantile,0.100,1433
2022-06-05,1 wk ahead inc case,2022-06-11,IE,quantile,0.100,5803
2022-06-05,1 wk ahead inc case,2022-06-11,IT,quantile,0.100,136387
2022-06-05,1 wk ahead inc case,2022-06-11,LV,quantile,0.100,1276
2022-06-05,1 wk ahead inc case,2022-06-11,LI,quantile,0.100,143
2022-06-05,1 wk ahead inc case,2022-06-11,LT,quantile,0.100,959
2022-06-05,1 wk ahead inc case,2022-06-11,LU,quantile,0.100,507
2022-06-05,1 wk ahead inc case,2022-06-11,MT,quantile,0.100,794
2022-06-05,1 wk ahead inc case,2022-06-11,NL,quantile,0.100,12584
2022-06-05,1 wk ahead inc case,2022-06-11,NO,quantile,0.100,2721
2022-06-05,1 wk ahead inc case,2022-06-11,PL,quantile,0.100,1587
2022-06-05,1 wk ahead inc case,2022-06-11,PT,quantile,0.100,171852
2022-06-05,1 wk ahead inc case,2022-06-11,RO,quantile,0.100,2272
2022-06-05,1 wk ahead inc case,2022-06-11,SK,quantile,0.100,1417
2022-06-05,1 wk ahead inc case,2022-06-11,SI,quantile,0.100,1913
2022-06-05,1 wk ahead inc case,2022-06-11,ES,quantile,0.100,80735
2022-06-05,1 wk ahead inc case,2022-06-11,SE,quantile,0.100,1877
2022-06-05,1 wk ahead inc case,2022-06-11,CH,quantile,0.100,9310
2022-06-05,1 wk ahead inc case,2022-06-11,GB,quantile,0.100,43970
2022-06-05,2 wk ahead inc case,2022-06-18,AT,quantile,0.100,27489
2022-06-05,2 wk ahead inc case,2022-06-18,BE,quantile,0.100,16579
2022-06-05,2 wk ahead inc case,2022-06-18,BG,quantile,0.100,1269
2022-06-05,2 wk ahead inc case,2022-06-18,HR,quantile,0.100,465
2022-06-05,2 wk ahead inc case,2022-06-18,CY,quantile,0.100,2386
2022-06-05,2 wk ahead inc case,2022-06-18,CZ,quantile,0.100,1751
2022-06-05,2 wk ahead inc case,2022-06-18,DK,quantile,0.100,9150
2022-06-05,2 wk ahead inc case,2022-06-18,EE,quantile,0.100,1137
2022-06-05,2 wk ahead inc case,2022-06-18,FI,quantile,0.100,9806
2022-06-05,2 wk ahead inc case,2022-06-18,FR,quantile,0.100,143462
2022-06-05,2 wk ahead inc case,2022-06-18,DE,quantile,0.100,289296
2022-06-05,2 wk ahead inc case,2022-06-18,GR,quantile,0.100,35204
2022-06-05,2 wk ahead inc case,2022-06-18,HU,quantile,0.100,2178
2022-06-05,2 wk ahead inc case,2022-06-18,IS,quantile,0.100,2204
2022-06-05,2 wk ahead inc case,2022-06-18,IE,quantile,0.100,5435
2022-06-05,2 wk ahead inc case,2022-06-18,IT,quantile,0.100,140819
2022-06-05,2 wk ahead inc case,2022-06-18,LV,quantile,0.100,1469
2022-06-05,2 wk ahead inc case,2022-06-18,LI,quantile,0.100,241
2022-06-05,2 wk ahead inc case,2022-06-18,LT,quantile,0.100,1158
2022-06-05,2 wk ahead inc case,2022-06-18,LU,quantile,0.100,380
2022-06-05,2 wk ahead inc case,2022-06-18,MT,quantile,0.100,1063
2022-06-05,2 wk ahead inc case,2022-06-18,NL,quantile,0.100,17487
2022-06-05,2 wk ahead inc case,2022-06-18,NO,quantile,0.100,4012
2022-06-05,2 wk ahead inc case,2022-06-18,PL,quantile,0.100,1632
2022-06-05,2 wk ahead inc case,2022-06-18,PT,quantile,0.100,173456
2022-06-05,2 wk ahead inc case,2022-06-18,RO,quantile,0.100,2299
2022-06-05,2 wk ahead inc case,2022-06-18,SK,quantile,0.100,1467
2022-06-05,2 wk ahead inc case,2022-06-18,SI,quantile,0.100,2022
2022-06-05,2 wk ahead inc case,2022-06-18,ES,quantile,0.100,83048
2022-06-05,2 wk ahead inc case,2022-06-18,SE,quantile,0.100,2580
2022-06-05,2 wk ahead inc case,2022-06-18,CH,quantile,0.100,11543
2022-06-05,2 wk ahead inc case,2022-06-18,GB,quantile,0.100,55115
2022-06-05,3 wk ahead inc case,2022-06-25,AT,quantile,0.100,35658
2022-06-05,3 wk ahead inc case,2022-06-25,BE,quantile,0.100,18961
2022-06-05,3 wk ahead inc case,2022-06-25,BG,quantile,0.100,1283
2022-06-05,3 wk ahead inc case,2022-06-25,HR,quantile,0.100,261
2022-06-05,3 wk ahead inc case,2022-06-25,CY,quantile,0.100,2588
2022-06-05,3 wk ahead inc case,2022-06-25,CZ,quantile,0.100,1842
2022-06-05,3 wk ahead inc case,2022-06-25,DK,quantile,0.100,13780
2022-06-05,3 wk ahead inc case,2022-06-25,EE,quantile,0.100,1281
2022-06-05,3 wk ahead inc case,2022-06-25,FI,quantile,0.100,11952
2022-06-05,3 wk ahead inc case,2022-06-25,FR,quantile,0.100,151968
2022-06-05,3 wk ahead inc case,2022-06-25,DE,quantile,0.100,286111
2022-06-05,3 wk ahead inc case,2022-06-25,GR,quantile,0.100,38857
2022-06-05,3 wk ahead inc case,2022-06-25,HU,quantile,0.100,2112
2022-06-05,3 wk ahead inc case,2022-06-25,IS,quantile,0.100,3118
2022-06-05,3 wk ahead inc case,2022-06-25,IE,quantile,0.100,5460
2022-06-05,3 wk ahead inc case,2022-06-25,IT,quantile,0.100,140490
2022-06-05,3 wk ahead inc case,2022-06-25,LV,quantile,0.100,1647
2022-06-05,3 wk ahead inc case,2022-06-25,LI,quantile,0.100,348
2022-06-05,3 wk ahead inc case,2022-06-25,LT,quantile,0.100,1369
2022-06-05,3 wk ahead inc case,2022-06-25,LU,quantile,0.100,279
2022-06-05,3 wk ahead inc case,2022-06-25,MT,quantile,0.100,1330
2022-06-05,3 wk ahead inc case,2022-06-25,NL,quantile,0.100,23510
2022-06-05,3 wk ahead inc case,2022-06-25,NO,quantile,0.100,5345
2022-06-05,3 wk ahead inc case,2022-06-25,PL,quantile,0.100,1651
2022-06-05,3 wk ahead inc case,2022-06-25,PT,quantile,0.100,164893
2022-06-05,3 wk ahead inc case,2022-06-25,RO,quantile,0.100,2276
2022-06-05,3 wk ahead inc case,2022-06-25,SK,quantile,0.100,1562
2022-06-05,3 wk ahead inc case,2022-06-25,SI,quantile,0.100,2213
2022-06-05,3 wk ahead inc case,2022-06-25,ES,quantile,0.100,90115
2022-06-05,3 wk ahead inc case,2022-06-25,SE,quantile,0.100,3674
2022-06-05,3 wk ahead inc case,2022-06-25,CH,quantile,0.100,13318
2022-06-05,3 wk ahead inc case,2022-06-25,GB,quantile,0.100,69886
2022-06-05,4 wk ahead inc case,2022-07-02,AT,quantile,0.100,46108
2022-06-05,4 wk ahead inc case,2022-07-02,BE,quantile,0.100,22252
2022-06-05,4 wk ahead inc case,2022-07-02,BG,quantile,0.100,1179
2022-06-05,4 wk ahead inc case,2022-07-02,HR,quantile,0.100,164
2022-06-05,4 wk ahead inc case,2022-07-02,CY,quantile,0.100,2683
2022-06-05,4 wk ahead inc case,2022-07-02,CZ,quantile,0.100,1780
2022-06-05,4 wk ahead inc case,2022-07-02,DK,quantile,0.100,24069
2022-06-05,4 wk ahead inc case,2022-07-02,EE,quantile,0.100,1338
2022-06-05,4 wk ahead inc case,2022-07-02,FI,quantile,0.100,11380
2022-06-05,4 wk ahead inc case,2022-07-02,FR,quantile,0.100,167590
2022-06-05,4 wk ahead inc case,2022-07-02,DE,quantile,0.100,275479
2022-06-05,4 wk ahead inc case,2022-07-02,GR,quantile,0.100,40508
2022-06-05,4 wk ahead inc case,2022-07-02,HU,quantile,0.100,1777
2022-06-05,4 wk ahead inc case,2022-07-02,IS,quantile,0.100,4290
2022-06-05,4 wk ahead inc case,2022-07-02,IE,quantile,0.100,5016
2022-06-05,4 wk ahead inc case,2022-07-02,IT,quantile,0.100,131855
2022-06-05,4 wk ahead inc case,2022-07-02,LV,quantile,0.100,1719
2022-06-05,4 wk ahead inc case,2022-07-02,LI,quantile,0.100,505
2022-06-05,4 wk ahead inc case,2022-07-02,LT,quantile,0.100,1512
2022-06-05,4 wk ahead inc case,2022-07-02,LU,quantile,0.100,214
2022-06-05,4 wk ahead inc case,2022-07-02,MT,quantile,0.100,1721
2022-06-05,4 wk ahead inc case,2022-07-02,NL,quantile,0.100,32244
2022-06-05,4 wk ahead inc case,2022-07-02,NO,quantile,0.100,7099
2022-06-05,4 wk ahead inc case,2022-07-02,PL,quantile,0.100,1488
2022-06-05,4 wk ahead inc case,2022-07-02,PT,quantile,0.100,149979
2022-06-05,4 wk ahead inc case,2022-07-02,RO,quantile,0.100,2001
2022-06-05,4 wk ahead inc case,2022-07-02,SK,quantile,0.100,1481
2022-06-05,4 wk ahead inc case,2022-07-02,SI,quantile,0.100,2178
2022-06-05,4 wk ahead inc case,2022-07-02,ES,quantile,0.100,108591
2022-06-05,4 wk ahead inc case,2022-07-02,SE,quantile,0.100,5295
2022-06-05,4 wk ahead inc case,2022-07-02,CH,quantile,0.100,17195
2022-06-05,4 wk ahead inc case,2022-07-02,GB,quantile,0.100,92632
2022-06-05,5 wk ahead inc case,2022-07-09,AT,quantile,0.100,61407
2022-06-05,5 wk ahead inc case,2022-07-09,BE,quantile,0.100,24438
2022-06-05,5 wk ahead inc case,2022-07-09,BG,quantile,0.100,1070
2022-06-05,5 wk ahead inc case,2022-07-09,HR,quantile,0.100,117
2022-06-05,5 wk ahead inc case,2022-07-09,CY,quantile,0.100,2888
2022-06-05,5 wk ahead inc case,2022-07-09,CZ,quantile,0.100,1775
2022-06-05,5 wk ahead inc case,2022-07-09,DK,quantile,0.100,39386
2022-06-05,5 wk ahead inc case,2022-07-09,EE,quantile,0.100,1461
2022-06-05,5 wk ahead inc case,2022-07-09,FI,quantile,0.100,11175
2022-06-05,5 wk ahead inc case,2022-07-09,FR,quantile,0.100,181189
2022-06-05,5 wk ahead inc case,2022-07-09,DE,quantile,0.100,279097
2022-06-05,5 wk ahead inc case,2022-07-09,GR,quantile,0.100,43267
2022-06-05,5 wk ahead inc case,2022-07-09,HU,quantile,0.100,1511
2022-06-05,5 wk ahead inc case,2022-07-09,IS,quantile,0.100,5998
2022-06-05,5 wk ahead inc case,2022-07-09,IE,quantile,0.100,5060
2022-06-05,5 wk ahead inc case,2022-07-09,IT,quantile,0.100,122934
2022-06-05,5 wk ahead inc case,2022-07-09,LV,quantile,0.100,1870
2022-06-05,5 wk ahead inc case,2022-07-09,LI,quantile,0.100,727
2022-06-05,5 wk ahead inc case,2022-07-09,LT,quantile,0.100,1731
2022-06-05,5 wk ahead inc case,2022-07-09,LU,quantile,0.100,178
2022-06-05,5 wk ahead inc case,2022-07-09,MT,quantile,0.100,2449
2022-06-05,5 wk ahead inc case,2022-07-09,NL,quantile,0.100,48230
2022-06-05,5 wk ahead inc case,2022-07-09,NO,quantile,0.100,10129
2022-06-05,5 wk ahead inc case,2022-07-09,PL,quantile,0.100,1361
2022-06-05,5 wk ahead inc case,2022-07-09,PT,quantile,0.100,130516
2022-06-05,5 wk ahead inc case,2022-07-09,RO,quantile,0.100,1760
2022-06-05,5 wk ahead inc case,2022-07-09,SK,quantile,0.100,1470
2022-06-05,5 wk ahead inc case,2022-07-09,SI,quantile,0.100,2356
2022-06-05,5 wk ahead inc case,2022-07-09,ES,quantile,0.100,132682
2022-06-05,5 wk ahead inc case,2022-07-09,SE,quantile,0.100,8483
2022-06-05,5 wk ahead inc case,2022-07-09,CH,quantile,0.100,19550
2022-06-05,5 wk ahead inc case,2022-07-09,GB,quantile,0.100,121307
2022-06-05,1 wk ahead inc case,2022-06-11,AT,quantile,0.150,20310
2022-06-05,1 wk ahead inc case,2022-06-11,BE,quantile,0.150,14164
2022-06-05,1 wk ahead inc case,2022-06-11,BG,quantile,0.150,1256
2022-06-05,1 wk ahead inc case,2022-06-11,HR,quantile,0.150,533
2022-06-05,1 wk ahead inc case,2022-06-11,CY,quantile,0.150,2073
2022-06-05,1 wk ahead inc case,2022-06-11,CZ,quantile,0.150,1637
2022-06-05,1 wk ahead inc case,2022-06-11,DK,quantile,0.150,5940
2022-06-05,1 wk ahead inc case,2022-06-11,EE,quantile,0.150,1017
2022-06-05,1 wk ahead inc case,2022-06-11,FI,quantile,0.150,12942
2022-06-05,1 wk ahead inc case,2022-06-11,FR,quantile,0.150,141265
2022-06-05,1 wk ahead inc case,2022-06-11,DE,quantile,0.150,258857
2022-06-05,1 wk ahead inc case,2022-06-11,GR,quantile,0.150,30081
2022-06-05,1 wk ahead inc case,2022-06-11,HU,quantile,0.150,2322
2022-06-05,1 wk ahead inc case,2022-06-11,IS,quantile,0.150,1433
2022-06-05,1 wk ahead inc case,2022-06-11,IE,quantile,0.150,5896
2022-06-05,1 wk ahead inc case,2022-06-11,IT,quantile,0.150,136949
2022-06-05,1 wk ahead inc case,2022-06-11,LV,quantile,0.150,1286
2022-06-05,1 wk ahead inc case,2022-06-11,LI,quantile,0.150,143
2022-06-05,1 wk ahead inc case,2022-06-11,LT,quantile,0.150,966
2022-06-05,1 wk ahead inc case,2022-06-11,LU,quantile,0.150,645
2022-06-05,1 wk ahead inc case,2022-06-11,MT,quantile,0.150,803
2022-06-05,1 wk ahead inc case,2022-06-11,NL,quantile,0.150,12584
2022-06-05,1 wk ahead inc case,2022-06-11,NO,quantile,0.150,2739
2022-06-05,1 wk ahead inc case,2022-06-11,PL,quantile,0.150,1588
2022-06-05,1 wk ahead inc case,2022-06-11,PT,quantile,0.150,173753
2022-06-05,1 wk ahead inc case,2022-06-11,RO,quantile,0.150,2274
2022-06-05,1 wk ahead inc case,2022-06-11,SK,quantile,0.150,1419
2022-06-05,1 wk ahead inc case,2022-06-11,SI,quantile,0.150,1921
2022-06-05,1 wk ahead inc case,2022-06-11,ES,quantile,0.150,81382
2022-06-05,1 wk ahead inc case,2022-06-11,SE,quantile,0.150,1899
2022-06-05,1 wk ahead inc case,2022-06-11,CH,quantile,0.150,9447
2022-06-05,1 wk ahead inc case,2022-06-11,GB,quantile,0.150,44752
2022-06-05,2 wk ahead inc case,2022-06-18,AT,quantile,0.150,27489
2022-06-05,2 wk ahead inc case,2022-06-18,BE,quantile,0.150,16976
2022-06-05,2 wk ahead inc case,2022-06-18,BG,quantile,0.150,1279
2022-06-05,2 wk ahead inc case,2022-06-18,HR,quantile,0.150,472
2022-06-05,2 wk ahead inc case,2022-06-18,CY,quantile,0.150,2430
2022-06-05,2 wk ahead inc case,2022-06-18,CZ,quantile,0.150,1767
2022-06-05,2 wk ahead inc case,2022-06-18,DK,quantile,0.150,9150
2022-06-05,2 wk ahead inc case,2022-06-18,EE,quantile,0.150,1171
2022-06-05,2 wk ahead inc case,2022-06-18,FI,quantile,0.150,9826
2022-06-05,2 wk ahead inc case,2022-06-18,FR,quantile,0.150,145581
2022-06-05,2 wk ahead inc case,2022-06-18,DE,quantile,0.150,289750
2022-06-05,2 wk ahead inc case,2022-06-18,GR,quantile,0.150,35838
2022-06-05,2 wk ahead inc case,2022-06-18,HU,quantile,0.150,2195
2022-06-05,2 wk ahead inc case,2022-06-18,IS,quantile,0.150,2204
2022-06-05,2 wk ahead inc case,2022-06-18,IE,quantile,0.150,5641
2022-06-05,2 wk ahead inc case,2022-06-18,IT,quantile,0.150,142240
2022-06-05,2 wk ahead inc case,2022-06-18,LV,quantile,0.150,1508
2022-06-05,2 wk ahead inc case,2022-06-18,LI,quantile,0.150,241
2022-06-05,2 wk ahead inc case,2022-06-18,LT,quantile,0.150,1184
2022-06-05,2 wk ahead inc case,2022-06-18,LU,quantile,0.150,503
2022-06-05,2 wk ahead inc case,2022-06-18,MT,quantile,0.150,1098
2022-06-05,2 wk ahead inc case,2022-06-18,NL,quantile,0.150,17487
2022-06-05,2 wk ahead inc case,2022-06-18,NO,quantile,0.150,4021
2022-06-05,2 wk ahead inc case,2022-06-18,PL,quantile,0.150,1649
2022-06-05,2 wk ahead inc case,2022-06-18,PT,quantile,0.150,178224
2022-06-05,2 wk ahead inc case,2022-06-18,RO,quantile,0.150,2311
2022-06-05,2 wk ahead inc case,2022-06-18,SK,quantile,0.150,1475
2022-06-05,2 wk ahead inc case,2022-06-18,SI,quantile,0.150,2042
2022-06-05,2 wk ahead inc case,2022-06-18,ES,quantile,0.150,84573
2022-06-05,2 wk ahead inc case,2022-06-18,SE,quantile,0.150,2658
2022-06-05,2 wk ahead inc case,2022-06-18,CH,quantile,0.150,11692
2022-06-05,2 wk ahead inc case,2022-06-18,GB,quantile,0.150,57175
2022-06-05,3 wk ahead inc case,2022-06-25,AT,quantile,0.150,35658
2022-06-05,3 wk ahead inc case,2022-06-25,BE,quantile,0.150,19719
2022-06-05,3 wk ahead inc case,2022-06-25,BG,quantile,0.150,1311
2022-06-05,3 wk ahead inc case,2022-06-25,HR,quantile,0.150,266
2022-06-05,3 wk ahead inc case,2022-06-25,CY,quantile,0.150,2600
2022-06-05,3 wk ahead inc case,2022-06-25,CZ,quantile,0.150,1846
2022-06-05,3 wk ahead inc case,2022-06-25,DK,quantile,0.150,13780
2022-06-05,3 wk ahead inc case,2022-06-25,EE,quantile,0.150,1304
2022-06-05,3 wk ahead inc case,2022-06-25,FI,quantile,0.150,12282
2022-06-05,3 wk ahead inc case,2022-06-25,FR,quantile,0.150,153221
2022-06-05,3 wk ahead inc case,2022-06-25,DE,quantile,0.150,287848
2022-06-05,3 wk ahead inc case,2022-06-25,GR,quantile,0.150,39280
2022-06-05,3 wk ahead inc case,2022-06-25,HU,quantile,0.150,2133
2022-06-05,3 wk ahead inc case,2022-06-25,IS,quantile,0.150,3118
2022-06-05,3 wk ahead inc case,2022-06-25,IE,quantile,0.150,5583
2022-06-05,3 wk ahead inc case,2022-06-25,IT,quantile,0.150,142266
2022-06-05,3 wk ahead inc case,2022-06-25,LV,quantile,0.150,1679
2022-06-05,3 wk ahead inc case,2022-06-25,LI,quantile,0.150,348
2022-06-05,3 wk ahead inc case,2022-06-25,LT,quantile,0.150,1370
2022-06-05,3 wk ahead inc case,2022-06-25,LU,quantile,0.150,404
2022-06-05,3 wk ahead inc case,2022-06-25,MT,quantile,0.150,1393
2022-06-05,3 wk ahead inc case,2022-06-25,NL,quantile,0.150,23510
2022-06-05,3 wk ahead inc case,2022-06-25,NO,quantile,0.150,5459
2022-06-05,3 wk ahead inc case,2022-06-25,PL,quantile,0.150,1658
2022-06-05,3 wk ahead inc case,2022-06-25,PT,quantile,0.150,167218
2022-06-05,3 wk ahead inc case,2022-06-25,RO,quantile,0.150,2286
2022-06-05,3 wk ahead inc case,2022-06-25,SK,quantile,0.150,1568
2022-06-05,3 wk ahead inc case,2022-06-25,SI,quantile,0.150,2234
2022-06-05,3 wk ahead inc case,2022-06-25,ES,quantile,0.150,91661
2022-06-05,3 wk ahead inc case,2022-06-25,SE,quantile,0.150,3758
2022-06-05,3 wk ahead inc case,2022-06-25,CH,quantile,0.150,13923
2022-06-05,3 wk ahead inc case,2022-06-25,GB,quantile,0.150,72904
2022-06-05,4 wk ahead inc case,2022-07-02,AT,quantile,0.150,46108
2022-06-05,4 wk ahead inc case,2022-07-02,BE,quantile,0.150,22942
2022-06-05,4 wk ahead inc case,2022-07-02,BG,quantile,0.150,1211
2022-06-05,4 wk ahead inc case,2022-07-02,HR,quantile,0.150,169
2022-06-05,4 wk ahead inc case,2022-07-02,CY,quantile,0.150,2697
2022-06-05,4 wk ahead inc case,2022-07-02,CZ,quantile,0.150,1784
2022-06-05,4 wk ahead inc case,2022-07-02,DK,quantile,0.150,24069
2022-06-05,4 wk ahead inc case,2022-07-02,EE,quantile,0.150,1375
2022-06-05,4 wk ahead inc case,2022-07-02,FI,quantile,0.150,11598
2022-06-05,4 wk ahead inc case,2022-07-02,FR,quantile,0.150,171786
2022-06-05,4 wk ahead inc case,2022-07-02,DE,quantile,0.150,280432
2022-06-05,4 wk ahead inc case,2022-07-02,GR,quantile,0.150,41066
2022-06-05,4 wk ahead inc case,2022-07-02,HU,quantile,0.150,1801
2022-06-05,4 wk ahead inc case,2022-07-02,IS,quantile,0.150,4290
2022-06-05,4 wk ahead inc case,2022-07-02,IE,quantile,0.150,5415
2022-06-05,4 wk ahead inc case,2022-07-02,IT,quantile,0.150,133612
2022-06-05,4 wk ahead inc case,2022-07-02,LV,quantile,0.150,1765
2022-06-05,4 wk ahead inc case,2022-07-02,LI,quantile,0.150,505
2022-06-05,4 wk ahead inc case,2022-07-02,LT,quantile,0.150,1530
2022-06-05,4 wk ahead inc case,2022-07-02,LU,quantile,0.150,342
2022-06-05,4 wk ahead inc case,2022-07-02,MT,quantile,0.150,1869
2022-06-05,4 wk ahead inc case,2022-07-02,NL,quantile,0.150,32244
2022-06-05,4 wk ahead inc case,2022-07-02,NO,quantile,0.150,7505
2022-06-05,4 wk ahead inc case,2022-07-02,PL,quantile,0.150,1498
2022-06-05,4 wk ahead inc case,2022-07-02,PT,quantile,0.150,151526
2022-06-05,4 wk ahead inc case,2022-07-02,RO,quantile,0.150,2014
2022-06-05,4 wk ahead inc case,2022-07-02,SK,quantile,0.150,1488
2022-06-05,4 wk ahead inc case,2022-07-02,SI,quantile,0.150,2205
2022-06-05,4 wk ahead inc case,2022-07-02,ES,quantile,0.150,112756
2022-06-05,4 wk ahead inc case,2022-07-02,SE,quantile,0.150,5453
2022-06-05,4 wk ahead inc case,2022-07-02,CH,quantile,0.150,17531
2022-06-05,4 wk ahead inc case,2022-07-02,GB,quantile,0.150,97717
2022-06-05,5 wk ahead inc case,2022-07-09,AT,quantile,0.150,61407
2022-06-05,5 wk ahead inc case,2022-07-09,BE,quantile,0.150,24892
2022-06-05,5 wk ahead inc case,2022-07-09,BG,quantile,0.150,1104
2022-06-05,5 wk ahead inc case,2022-07-09,HR,quantile,0.150,120
2022-06-05,5 wk ahead inc case,2022-07-09,CY,quantile,0.150,2901
2022-06-05,5 wk ahead inc case,2022-07-09,CZ,quantile,0.150,1779
2022-06-05,5 wk ahead inc case,2022-07-09,DK,quantile,0.150,39386
2022-06-05,5 wk ahead inc case,2022-07-09,EE,quantile,0.150,1511
2022-06-05,5 wk ahead inc case,2022-07-09,FI,quantile,0.150,11244
2022-06-05,5 wk ahead inc case,2022-07-09,FR,quantile,0.150,188203
2022-06-05,5 wk ahead inc case,2022-07-09,DE,quantile,0.150,286758
2022-06-05,5 wk ahead inc case,2022-07-09,GR,quantile,0.150,43946
2022-06-05,5 wk ahead inc case,2022-07-09,HU,quantile,0.150,1538
2022-06-05,5 wk ahead inc case,2022-07-09,IS,quantile,0.150,5998
2022-06-05,5 wk ahead inc case,2022-07-09,IE,quantile,0.150,5361
2022-06-05,5 wk ahead inc case,2022-07-09,IT,quantile,0.150,124931
2022-06-05,5 wk ahead inc case,2022-07-09,LV,quantile,0.150,1930
2022-06-05,5 wk ahead inc case,2022-07-09,LI,quantile,0.150,727
2022-06-05,5 wk ahead inc case,2022-07-09,LT,quantile,0.150,1752
2022-06-05,5 wk ahead inc case,2022-07-09,LU,quantile,0.150,312
2022-06-05,5 wk ahead inc case,2022-07-09,MT,quantile,0.150,2767
2022-06-05,5 wk ahead inc case,2022-07-09,NL,quantile,0.150,48230
2022-06-05,5 wk ahead inc case,2022-07-09,NO,quantile,0.150,10874
2022-06-05,5 wk ahead inc case,2022-07-09,PL,quantile,0.150,1373
2022-06-05,5 wk ahead inc case,2022-07-09,PT,quantile,0.150,131960
2022-06-05,5 wk ahead inc case,2022-07-09,RO,quantile,0.150,1776
2022-06-05,5 wk ahead inc case,2022-07-09,SK,quantile,0.150,1470
2022-06-05,5 wk ahead inc case,2022-07-09,SI,quantile,0.150,2356
2022-06-05,5 wk ahead inc case,2022-07-09,ES,quantile,0.150,139198
2022-06-05,5 wk ahead inc case,2022-07-09,SE,quantile,0.150,8790
2022-06-05,5 wk ahead inc case,2022-07-09,CH,quantile,0.150,20031
2022-06-05,5 wk ahead inc case,2022-07-09,GB,quantile,0.150,122245
2022-06-05,1 wk ahead inc case,2022-06-11,AT,quantile,0.200,24681
2022-06-05,1 wk ahead inc case,2022-06-11,BE,quantile,0.200,15259
2022-06-05,1 wk ahead inc case,2022-06-11,BG,quantile,0.200,1259
2022-06-05,1 wk ahead inc case,2022-06-11,HR,quantile,0.200,540
2022-06-05,1 wk ahead inc case,2022-06-11,CY,quantile,0.200,2629
2022-06-05,1 wk ahead inc case,2022-06-11,CZ,quantile,0.200,1727
2022-06-05,1 wk ahead inc case,2022-06-11,DK,quantile,0.200,6240
2022-06-05,1 wk ahead inc case,2022-06-11,EE,quantile,0.200,1053
2022-06-05,1 wk ahead inc case,2022-06-11,FI,quantile,0.200,13346
2022-06-05,1 wk ahead inc case,2022-06-11,FR,quantile,0.200,143216
2022-06-05,1 wk ahead inc case,2022-06-11,DE,quantile,0.200,298310
2022-06-05,1 wk ahead inc case,2022-06-11,GR,quantile,0.200,30186
2022-06-05,1 wk ahead inc case,2022-06-11,HU,quantile,0.200,2327
2022-06-05,1 wk ahead inc case,2022-06-11,IS,quantile,0.200,1791
2022-06-05,1 wk ahead inc case,2022-06-11,IE,quantile,0.200,5977
2022-06-05,1 wk ahead inc case,2022-06-11,IT,quantile,0.200,140508
2022-06-05,1 wk ahead inc case,2022-06-11,LV,quantile,0.200,1363
2022-06-05,1 wk ahead inc case,2022-06-11,LI,quantile,0.200,152
2022-06-05,1 wk ahead inc case,2022-06-11,LT,quantile,0.200,1037
2022-06-05,1 wk ahead inc case,2022-06-11,LU,quantile,0.200,651
2022-06-05,1 wk ahead inc case,2022-06-11,MT,quantile,0.200,850
2022-06-05,1 wk ahead inc case,2022-06-11,NL,quantile,0.200,13090
2022-06-05,1 wk ahead inc case,2022-06-11,NO,quantile,0.200,2805
2022-06-05,1 wk ahead inc case,2022-06-11,PL,quantile,0.200,1620
2022-06-05,1 wk ahead inc case,2022-06-11,PT,quantile,0.200,177181
2022-06-05,1 wk ahead inc case,2022-06-11,RO,quantile,0.200,2280
2022-06-05,1 wk ahead inc case,2022-06-11,SK,quantile,0.200,1428
2022-06-05,1 wk ahead inc case,2022-06-11,SI,quantile,0.200,1944
2022-06-05,1 wk ahead inc case,2022-06-11,ES,quantile,0.200,81580
2022-06-05,1 wk ahead inc case,2022-06-11,SE,quantile,0.200,1945
2022-06-05,1 wk ahead inc case,2022-06-11,CH,quantile,0.200,10897
2022-06-05,1 wk ahead inc case,2022-06-11,GB,quantile,0.200,45326
2022-06-05,2 wk ahead inc case,2022-06-18,AT,quantile,0.200,28481
2022-06-05,2 wk ahead inc case,2022-06-18,BE,quantile,0.200,17034
2022-06-05,2 wk ahead inc case,2022-06-18,BG,quantile,0.200,1289
2022-06-05,2 wk ahead inc case,2022-06-18,HR,quantile,0.200,479
2022-06-05,2 wk ahead inc case,2022-06-18,CY,quantile,0.200,2435
2022-06-05,2 wk ahead inc case,2022-06-18,CZ,quantile,0.200,1844
2022-06-05,2 wk ahead inc case,2022-06-18,DK,quantile,0.200,9390
2022-06-05,2 wk ahead inc case,2022-06-18,EE,quantile,0.200,1212
2022-06-05,2 wk ahead inc case,2022-06-18,FI,quantile,0.200,13372
2022-06-05,2 wk ahead inc case,2022-06-18,FR,quantile,0.200,149460
2022-06-05,2 wk ahead inc case,2022-06-18,DE,quantile,0.200,300346
2022-06-05,2 wk ahead inc case,2022-06-18,GR,quantile,0.200,36132
2022-06-05,2 wk ahead inc case,2022-06-18,HU,quantile,0.200,2212
2022-06-05,2 wk ahead inc case,2022-06-18,IS,quantile,0.200,2275
2022-06-05,2 wk ahead inc case,2022-06-18,IE,quantile,0.200,5852
2022-06-05,2 wk ahead inc case,2022-06-18,IT,quantile,0.200,143781
2022-06-05,2 wk ahead inc case,2022-06-18,LV,quantile,0.200,1528
2022-06-05,2 wk ahead inc case,2022-06-18,LI,quantile,0.200,245
2022-06-05,2 wk ahead inc case,2022-06-18,LT,quantile,0.200,1191
2022-06-05,2 wk ahead inc case,2022-06-18,LU,quantile,0.200,520
2022-06-05,2 wk ahead inc case,2022-06-18,MT,quantile,0.200,1100
2022-06-05,2 wk ahead inc case,2022-06-18,NL,quantile,0.200,18474
2022-06-05,2 wk ahead inc case,2022-06-18,NO,quantile,0.200,4093
2022-06-05,2 wk ahead inc case,2022-06-18,PL,quantile,0.200,1693
2022-06-05,2 wk ahead inc case,2022-06-18,PT,quantile,0.200,178846
2022-06-05,2 wk ahead inc case,2022-06-18,RO,quantile,0.200,2322
2022-06-05,2 wk ahead inc case,2022-06-18,SK,quantile,0.200,1498
2022-06-05,2 wk ahead inc case,2022-06-18,SI,quantile,0.200,2104
2022-06-05,2 wk ahead inc case,2022-06-18,ES,quantile,0.200,86002
2022-06-05,2 wk ahead inc case,2022-06-18,SE,quantile,0.200,2725
2022-06-05,2 wk ahead inc case,2022-06-18,CH,quantile,0.200,11705
2022-06-05,2 wk ahead inc case,2022-06-18,GB,quantile,0.200,58682
2022-06-05,3 wk ahead inc case,2022-06-25,AT,quantile,0.200,37698
2022-06-05,3 wk ahead inc case,2022-06-25,BE,quantile,0.200,19746
2022-06-05,3 wk ahead inc case,2022-06-25,BG,quantile,0.200,1328
2022-06-05,3 wk ahead inc case,2022-06-25,HR,quantile,0.200,271
2022-06-05,3 wk ahead inc case,2022-06-25,CY,quantile,0.200,2779
2022-06-05,3 wk ahead inc case,2022-06-25,CZ,quantile,0.200,1909
2022-06-05,3 wk ahead inc case,2022-06-25,DK,quantile,0.200,15251
2022-06-05,3 wk ahead inc case,2022-06-25,EE,quantile,0.200,1308
2022-06-05,3 wk ahead inc case,2022-06-25,FI,quantile,0.200,12528
2022-06-05,3 wk ahead inc case,2022-06-25,FR,quantile,0.200,158080
2022-06-05,3 wk ahead inc case,2022-06-25,DE,quantile,0.200,354993
2022-06-05,3 wk ahead inc case,2022-06-25,GR,quantile,0.200,40456
2022-06-05,3 wk ahead inc case,2022-06-25,HU,quantile,0.200,2143
2022-06-05,3 wk ahead inc case,2022-06-25,IS,quantile,0.200,3432
2022-06-05,3 wk ahead inc case,2022-06-25,IE,quantile,0.200,5739
2022-06-05,3 wk ahead inc case,2022-06-25,IT,quantile,0.200,144329
2022-06-05,3 wk ahead inc case,2022-06-25,LV,quantile,0.200,1733
2022-06-05,3 wk ahead inc case,2022-06-25,LI,quantile,0.200,404
2022-06-05,3 wk ahead inc case,2022-06-25,LT,quantile,0.200,1383
2022-06-05,3 wk ahead inc case,2022-06-25,LU,quantile,0.200,425
2022-06-05,3 wk ahead inc case,2022-06-25,MT,quantile,0.200,1572
2022-06-05,3 wk ahead inc case,2022-06-25,NL,quantile,0.200,26893
2022-06-05,3 wk ahead inc case,2022-06-25,NO,quantile,0.200,5772
2022-06-05,3 wk ahead inc case,2022-06-25,PL,quantile,0.200,1721
2022-06-05,3 wk ahead inc case,2022-06-25,PT,quantile,0.200,171177
2022-06-05,3 wk ahead inc case,2022-06-25,RO,quantile,0.200,2294
2022-06-05,3 wk ahead inc case,2022-06-25,SK,quantile,0.200,1584
2022-06-05,3 wk ahead inc case,2022-06-25,SI,quantile,0.200,2296
2022-06-05,3 wk ahead inc case,2022-06-25,ES,quantile,0.200,95049
2022-06-05,3 wk ahead inc case,2022-06-25,SE,quantile,0.200,3783
2022-06-05,3 wk ahead inc case,2022-06-25,CH,quantile,0.200,14699
2022-06-05,3 wk ahead inc case,2022-06-25,GB,quantile,0.200,73966
2022-06-05,4 wk ahead inc case,2022-07-02,AT,quantile,0.200,49875
2022-06-05,4 wk ahead inc case,2022-07-02,BE,quantile,0.200,23140
2022-06-05,4 wk ahead inc case,2022-07-02,BG,quantile,0.200,1219
2022-06-05,4 wk ahead inc case,2022-07-02,HR,quantile,0.200,172
2022-06-05,4 wk ahead inc case,2022-07-02,CY,quantile,0.200,3366
2022-06-05,4 wk ahead inc case,2022-07-02,CZ,quantile,0.200,1995
2022-06-05,4 wk ahead inc case,2022-07-02,DK,quantile,0.200,24348
2022-06-05,4 wk ahead inc case,2022-07-02,EE,quantile,0.200,1693
2022-06-05,4 wk ahead inc case,2022-07-02,FI,quantile,0.200,11762
2022-06-05,4 wk ahead inc case,2022-07-02,FR,quantile,0.200,198000
2022-06-05,4 wk ahead inc case,2022-07-02,DE,quantile,0.200,365172
2022-06-05,4 wk ahead inc case,2022-07-02,GR,quantile,0.200,43991
2022-06-05,4 wk ahead inc case,2022-07-02,HU,quantile,0.200,1816
2022-06-05,4 wk ahead inc case,2022-07-02,IS,quantile,0.200,5803
2022-06-05,4 wk ahead inc case,2022-07-02,IE,quantile,0.200,5935
2022-06-05,4 wk ahead inc case,2022-07-02,IT,quantile,0.200,151460
2022-06-05,4 wk ahead inc case,2022-07-02,LV,quantile,0.200,2203
2022-06-05,4 wk ahead inc case,2022-07-02,LI,quantile,0.200,592
2022-06-05,4 wk ahead inc case,2022-07-02,LT,quantile,0.200,1735
2022-06-05,4 wk ahead inc case,2022-07-02,LU,quantile,0.200,364
2022-06-05,4 wk ahead inc case,2022-07-02,MT,quantile,0.200,2133
2022-06-05,4 wk ahead inc case,2022-07-02,NL,quantile,0.200,40830
2022-06-05,4 wk ahead inc case,2022-07-02,NO,quantile,0.200,7831
2022-06-05,4 wk ahead inc case,2022-07-02,PL,quantile,0.200,1612
2022-06-05,4 wk ahead inc case,2022-07-02,PT,quantile,0.200,155464
2022-06-05,4 wk ahead inc case,2022-07-02,RO,quantile,0.200,2044
2022-06-05,4 wk ahead inc case,2022-07-02,SK,quantile,0.200,1507
2022-06-05,4 wk ahead inc case,2022-07-02,SI,quantile,0.200,2287
2022-06-05,4 wk ahead inc case,2022-07-02,ES,quantile,0.200,114191
2022-06-05,4 wk ahead inc case,2022-07-02,SE,quantile,0.200,6079
2022-06-05,4 wk ahead inc case,2022-07-02,CH,quantile,0.200,18254
2022-06-05,4 wk ahead inc case,2022-07-02,GB,quantile,0.200,98197
2022-06-05,5 wk ahead inc case,2022-07-09,AT,quantile,0.200,63358
2022-06-05,5 wk ahead inc case,2022-07-09,BE,quantile,0.200,25195
2022-06-05,5 wk ahead inc case,2022-07-09,BG,quantile,0.200,1113
2022-06-05,5 wk ahead inc case,2022-07-09,HR,quantile,0.200,277
2022-06-05,5 wk ahead inc case,2022-07-09,CY,quantile,0.200,3505
2022-06-05,5 wk ahead inc case,2022-07-09,CZ,quantile,0.200,1893
2022-06-05,5 wk ahead inc case,2022-07-09,DK,quantile,0.200,45138
2022-06-05,5 wk ahead inc case,2022-07-09,EE,quantile,0.200,1775
2022-06-05,5 wk ahead inc case,2022-07-09,FI,quantile,0.200,11518
2022-06-05,5 wk ahead inc case,2022-07-09,FR,quantile,0.200,259536
2022-06-05,5 wk ahead inc case,2022-07-09,DE,quantile,0.200,368771
2022-06-05,5 wk ahead inc case,2022-07-09,GR,quantile,0.200,49644
2022-06-05,5 wk ahead inc case,2022-07-09,HU,quantile,0.200,1558
2022-06-05,5 wk ahead inc case,2022-07-09,IS,quantile,0.200,8145
2022-06-05,5 wk ahead inc case,2022-07-09,IE,quantile,0.200,6340
2022-06-05,5 wk ahead inc case,2022-07-09,IT,quantile,0.200,160453
2022-06-05,5 wk ahead inc case,2022-07-09,LV,quantile,0.200,2321
2022-06-05,5 wk ahead inc case,2022-07-09,LI,quantile,0.200,791
2022-06-05,5 wk ahead inc case,2022-07-09,LT,quantile,0.200,1878
2022-06-05,5 wk ahead inc case,2022-07-09,LU,quantile,0.200,325
2022-06-05,5 wk ahead inc case,2022-07-09,MT,quantile,0.200,2794
2022-06-05,5 wk ahead inc case,2022-07-09,NL,quantile,0.200,58652
2022-06-05,5 wk ahead inc case,2022-07-09,NO,quantile,0.200,10980
2022-06-05,5 wk ahead inc case,2022-07-09,PL,quantile,0.200,1517
2022-06-05,5 wk ahead inc case,2022-07-09,PT,quantile,0.200,134527
2022-06-05,5 wk ahead inc case,2022-07-09,RO,quantile,0.200,1812
2022-06-05,5 wk ahead inc case,2022-07-09,SK,quantile,0.200,1726
2022-06-05,5 wk ahead inc case,2022-07-09,SI,quantile,0.200,2661
2022-06-05,5 wk ahead inc case,2022-07-09,ES,quantile,0.200,139838
2022-06-05,5 wk ahead inc case,2022-07-09,SE,quantile,0.200,8926
2022-06-05,5 wk ahead inc case,2022-07-09,CH,quantile,0.200,24337
2022-06-05,5 wk ahead inc case,2022-07-09,GB,quantile,0.200,134773
2022-06-05,1 wk ahead inc case,2022-06-11,AT,quantile,0.250,24930
2022-06-05,1 wk ahead inc case,2022-06-11,BE,quantile,0.250,15594
2022-06-05,1 wk ahead inc case,2022-06-11,BG,quantile,0.250,1265
2022-06-05,1 wk ahead inc case,2022-06-11,HR,quantile,0.250,552
2022-06-05,1 wk ahead inc case,2022-06-11,CY,quantile,0.250,2631
2022-06-05,1 wk ahead inc case,2022-06-11,CZ,quantile,0.250,1732
2022-06-05,1 wk ahead inc case,2022-06-11,DK,quantile,0.250,6240
2022-06-05,1 wk ahead inc case,2022-06-11,EE,quantile,0.250,1068
2022-06-05,1 wk ahead inc case,2022-06-11,FI,quantile,0.250,13499
2022-06-05,1 wk ahead inc case,2022-06-11,FR,quantile,0.250,151677
2022-06-05,1 wk ahead inc case,2022-06-11,DE,quantile,0.250,308457
2022-06-05,1 wk ahead inc case,2022-06-11,GR,quantile,0.250,30401
2022-06-05,1 wk ahead inc case,2022-06-11,HU,quantile,0.250,2337
2022-06-05,1 wk ahead inc case,2022-06-11,IS,quantile,0.250,1791
2022-06-05,1 wk ahead inc case,2022-06-11,IE,quantile,0.250,6181
2022-06-05,1 wk ahead inc case,2022-06-11,IT,quantile,0.250,141693
2022-06-05,1 wk ahead inc case,2022-06-11,LV,quantile,0.250,1385
2022-06-05,1 wk ahead inc case,2022-06-11,LI,quantile,0.250,153
2022-06-05,1 wk ahead inc case,2022-06-11,LT,quantile,0.250,1048
2022-06-05,1 wk ahead inc case,2022-06-11,LU,quantile,0.250,651
2022-06-05,1 wk ahead inc case,2022-06-11,MT,quantile,0.250,858
2022-06-05,1 wk ahead inc case,2022-06-11,NL,quantile,0.250,13221
2022-06-05,1 wk ahead inc case,2022-06-11,NO,quantile,0.250,2847
2022-06-05,1 wk ahead inc case,2022-06-11,PL,quantile,0.250,1620
2022-06-05,1 wk ahead inc case,2022-06-11,PT,quantile,0.250,180365
2022-06-05,1 wk ahead inc case,2022-06-11,RO,quantile,0.250,2282
2022-06-05,1 wk ahead inc case,2022-06-11,SK,quantile,0.250,1473
2022-06-05,1 wk ahead inc case,2022-06-11,SI,quantile,0.250,1956
2022-06-05,1 wk ahead inc case,2022-06-11,ES,quantile,0.250,82051
2022-06-05,1 wk ahead inc case,2022-06-11,SE,quantile,0.250,1997
2022-06-05,1 wk ahead inc case,2022-06-11,CH,quantile,0.250,11090
2022-06-05,1 wk ahead inc case,2022-06-11,GB,quantile,0.250,46005
2022-06-05,2 wk ahead inc case,2022-06-18,AT,quantile,0.250,28481
2022-06-05,2 wk ahead inc case,2022-06-18,BE,quantile,0.250,17194
2022-06-05,2 wk ahead inc case,2022-06-18,BG,quantile,0.250,1296
2022-06-05,2 wk ahead inc case,2022-06-18,HR,quantile,0.250,536
2022-06-05,2 wk ahead inc case,2022-06-18,CY,quantile,0.250,2436
2022-06-05,2 wk ahead inc case,2022-06-18,CZ,quantile,0.250,1848
2022-06-05,2 wk ahead inc case,2022-06-18,DK,quantile,0.250,9390
2022-06-05,2 wk ahead inc case,2022-06-18,EE,quantile,0.250,1225
2022-06-05,2 wk ahead inc case,2022-06-18,FI,quantile,0.250,13541
2022-06-05,2 wk ahead inc case,2022-06-18,FR,quantile,0.250,167956
2022-06-05,2 wk ahead inc case,2022-06-18,DE,quantile,0.250,304000
2022-06-05,2 wk ahead inc case,2022-06-18,GR,quantile,0.250,36958
2022-06-05,2 wk ahead inc case,2022-06-18,HU,quantile,0.250,2226
2022-06-05,2 wk ahead inc case,2022-06-18,IS,quantile,0.250,2275
2022-06-05,2 wk ahead inc case,2022-06-18,IE,quantile,0.250,6275
2022-06-05,2 wk ahead inc case,2022-06-18,IT,quantile,0.250,151523
2022-06-05,2 wk ahead inc case,2022-06-18,LV,quantile,0.250,1545
2022-06-05,2 wk ahead inc case,2022-06-18,LI,quantile,0.250,245
2022-06-05,2 wk ahead inc case,2022-06-18,LT,quantile,0.250,1195
2022-06-05,2 wk ahead inc case,2022-06-18,LU,quantile,0.250,530
2022-06-05,2 wk ahead inc case,2022-06-18,MT,quantile,0.250,1114
2022-06-05,2 wk ahead inc case,2022-06-18,NL,quantile,0.250,18474
2022-06-05,2 wk ahead inc case,2022-06-18,NO,quantile,0.250,4131
2022-06-05,2 wk ahead inc case,2022-06-18,PL,quantile,0.250,1713
2022-06-05,2 wk ahead inc case,2022-06-18,PT,quantile,0.250,179016
2022-06-05,2 wk ahead inc case,2022-06-18,RO,quantile,0.250,2326
2022-06-05,2 wk ahead inc case,2022-06-18,SK,quantile,0.250,1590
2022-06-05,2 wk ahead inc case,2022-06-18,SI,quantile,0.250,2130
2022-06-05,2 wk ahead inc case,2022-06-18,ES,quantile,0.250,86975
2022-06-05,2 wk ahead inc case,2022-06-18,SE,quantile,0.250,2759
2022-06-05,2 wk ahead inc case,2022-06-18,CH,quantile,0.250,12067
2022-06-05,2 wk ahead inc case,2022-06-18,GB,quantile,0.250,60218
2022-06-05,3 wk ahead inc case,2022-06-25,AT,quantile,0.250,37698
2022-06-05,3 wk ahead inc case,2022-06-25,BE,quantile,0.250,20145
2022-06-05,3 wk ahead inc case,2022-06-25,BG,quantile,0.250,1346
2022-06-05,3 wk ahead inc case,2022-06-25,HR,quantile,0.250,439
2022-06-05,3 wk ahead inc case,2022-06-25,CY,quantile,0.250,2940
2022-06-05,3 wk ahead inc case,2022-06-25,CZ,quantile,0.250,1922
2022-06-05,3 wk ahead inc case,2022-06-25,DK,quantile,0.250,15251
2022-06-05,3 wk ahead inc case,2022-06-25,EE,quantile,0.250,1384
2022-06-05,3 wk ahead inc case,2022-06-25,FI,quantile,0.250,12784
2022-06-05,3 wk ahead inc case,2022-06-25,FR,quantile,0.250,188744
2022-06-05,3 wk ahead inc case,2022-06-25,DE,quantile,0.250,363147
2022-06-05,3 wk ahead inc case,2022-06-25,GR,quantile,0.250,41197
2022-06-05,3 wk ahead inc case,2022-06-25,HU,quantile,0.250,2176
2022-06-05,3 wk ahead inc case,2022-06-25,IS,quantile,0.250,3432
2022-06-05,3 wk ahead inc case,2022-06-25,IE,quantile,0.250,5995
2022-06-05,3 wk ahead inc case,2022-06-25,IT,quantile,0.250,155765
2022-06-05,3 wk ahead inc case,2022-06-25,LV,quantile,0.250,1842
2022-06-05,3 wk ahead inc case,2022-06-25,LI,quantile,0.250,406
2022-06-05,3 wk ahead inc case,2022-06-25,LT,quantile,0.250,1439
2022-06-05,3 wk ahead inc case,2022-06-25,LU,quantile,0.250,429
2022-06-05,3 wk ahead inc case,2022-06-25,MT,quantile,0.250,1637
2022-06-05,3 wk ahead inc case,2022-06-25,NL,quantile,0.250,26893
2022-06-05,3 wk ahead inc case,2022-06-25,NO,quantile,0.250,5965
2022-06-05,3 wk ahead inc case,2022-06-25,PL,quantile,0.250,1738
2022-06-05,3 wk ahead inc case,2022-06-25,PT,quantile,0.250,174173
2022-06-05,3 wk ahead inc case,2022-06-25,RO,quantile,0.250,2315
2022-06-05,3 wk ahead inc case,2022-06-25,SK,quantile,0.250,1632
2022-06-05,3 wk ahead inc case,2022-06-25,SI,quantile,0.250,2314
2022-06-05,3 wk ahead inc case,2022-06-25,ES,quantile,0.250,97947
2022-06-05,3 wk ahead inc case,2022-06-25,SE,quantile,0.250,3981
2022-06-05,3 wk ahead inc case,2022-06-25,CH,quantile,0.250,15162
2022-06-05,3 wk ahead inc case,2022-06-25,GB,quantile,0.250,76096
2022-06-05,4 wk ahead inc case,2022-07-02,AT,quantile,0.250,49875
2022-06-05,4 wk ahead inc case,2022-07-02,BE,quantile,0.250,23429
2022-06-05,4 wk ahead inc case,2022-07-02,BG,quantile,0.250,1432
2022-06-05,4 wk ahead inc case,2022-07-02,HR,quantile,0.250,316
2022-06-05,4 wk ahead inc case,2022-07-02,CY,quantile,0.250,3374
2022-06-05,4 wk ahead inc case,2022-07-02,CZ,quantile,0.250,2029
2022-06-05,4 wk ahead inc case,2022-07-02,DK,quantile,0.250,24348
2022-06-05,4 wk ahead inc case,2022-07-02,EE,quantile,0.250,1700
2022-06-05,4 wk ahead inc case,2022-07-02,FI,quantile,0.250,11894
2022-06-05,4 wk ahead inc case,2022-07-02,FR,quantile,0.250,221734
2022-06-05,4 wk ahead inc case,2022-07-02,DE,quantile,0.250,381156
2022-06-05,4 wk ahead inc case,2022-07-02,GR,quantile,0.250,45133
2022-06-05,4 wk ahead inc case,2022-07-02,HU,quantile,0.250,1861
2022-06-05,4 wk ahead inc case,2022-07-02,IS,quantile,0.250,5803
2022-06-05,4 wk ahead inc case,2022-07-02,IE,quantile,0.250,6238
2022-06-05,4 wk ahead inc case,2022-07-02,IT,quantile,0.250,164537
2022-06-05,4 wk ahead inc case,2022-07-02,LV,quantile,0.250,2244
2022-06-05,4 wk ahead inc case,2022-07-02,LI,quantile,0.250,598
2022-06-05,4 wk ahead inc case,2022-07-02,LT,quantile,0.250,1735
2022-06-05,4 wk ahead inc case,2022-07-02,LU,quantile,0.250,364
2022-06-05,4 wk ahead inc case,2022-07-02,MT,quantile,0.250,2168
2022-06-05,4 wk ahead inc case,2022-07-02,NL,quantile,0.250,40830
2022-06-05,4 wk ahead inc case,2022-07-02,NO,quantile,0.250,8174
2022-06-05,4 wk ahead inc case,2022-07-02,PL,quantile,0.250,1623
2022-06-05,4 wk ahead inc case,2022-07-02,PT,quantile,0.250,156735
2022-06-05,4 wk ahead inc case,2022-07-02,RO,quantile,0.250,2535
2022-06-05,4 wk ahead inc case,2022-07-02,SK,quantile,0.250,1794
2022-06-05,4 wk ahead inc case,2022-07-02,SI,quantile,0.250,2471
2022-06-05,4 wk ahead inc case,2022-07-02,ES,quantile,0.250,114757
2022-06-05,4 wk ahead inc case,2022-07-02,SE,quantile,0.250,6200
2022-06-05,4 wk ahead inc case,2022-07-02,CH,quantile,0.250,18443
2022-06-05,4 wk ahead inc case,2022-07-02,GB,quantile,0.250,99543
2022-06-05,5 wk ahead inc case,2022-07-09,AT,quantile,0.250,63358
2022-06-05,5 wk ahead inc case,2022-07-09,BE,quantile,0.250,26214
2022-06-05,5 wk ahead inc case,2022-07-09,BG,quantile,0.250,1644
2022-06-05,5 wk ahead inc case,2022-07-09,HR,quantile,0.250,281
2022-06-05,5 wk ahead inc case,2022-07-09,CY,quantile,0.250,3512
2022-06-05,5 wk ahead inc case,2022-07-09,CZ,quantile,0.250,1933
2022-06-05,5 wk ahead inc case,2022-07-09,DK,quantile,0.250,45138
2022-06-05,5 wk ahead inc case,2022-07-09,EE,quantile,0.250,1828
2022-06-05,5 wk ahead inc case,2022-07-09,FI,quantile,0.250,11688
2022-06-05,5 wk ahead inc case,2022-07-09,FR,quantile,0.250,266208
2022-06-05,5 wk ahead inc case,2022-07-09,DE,quantile,0.250,382699
2022-06-05,5 wk ahead inc case,2022-07-09,GR,quantile,0.250,51322
2022-06-05,5 wk ahead inc case,2022-07-09,HU,quantile,0.250,1616
2022-06-05,5 wk ahead inc case,2022-07-09,IS,quantile,0.250,8145
2022-06-05,5 wk ahead inc case,2022-07-09,IE,quantile,0.250,6562
2022-06-05,5 wk ahead inc case,2022-07-09,IT,quantile,0.250,161212
2022-06-05,5 wk ahead inc case,2022-07-09,LV,quantile,0.250,2377
2022-06-05,5 wk ahead inc case,2022-07-09,LI,quantile,0.250,798
2022-06-05,5 wk ahead inc case,2022-07-09,LT,quantile,0.250,1879
2022-06-05,5 wk ahead inc case,2022-07-09,LU,quantile,0.250,325
2022-06-05,5 wk ahead inc case,2022-07-09,MT,quantile,0.250,2837
2022-06-05,5 wk ahead inc case,2022-07-09,NL,quantile,0.250,58652
2022-06-05,5 wk ahead inc case,2022-07-09,NO,quantile,0.250,11571
2022-06-05,5 wk ahead inc case,2022-07-09,PL,quantile,0.250,1530
2022-06-05,5 wk ahead inc case,2022-07-09,PT,quantile,0.250,136782
2022-06-05,5 wk ahead inc case,2022-07-09,RO,quantile,0.250,2784
2022-06-05,5 wk ahead inc case,2022-07-09,SK,quantile,0.250,1812
2022-06-05,5 wk ahead inc case,2022-07-09,SI,quantile,0.250,2755
2022-06-05,5 wk ahead inc case,2022-07-09,ES,quantile,0.250,147295
2022-06-05,5 wk ahead inc case,2022-07-09,SE,quantile,0.250,9144
2022-06-05,5 wk ahead inc case,2022-07-09,CH,quantile,0.250,25590
2022-06-05,5 wk ahead inc case,2022-07-09,GB,quantile,0.250,135603
2022-06-05,1 wk ahead inc case,2022-06-11,AT,quantile,0.300,25012
2022-06-05,1 wk ahead inc case,2022-06-11,BE,quantile,0.300,15616
2022-06-05,1 wk ahead inc case,2022-06-11,BG,quantile,0.300,1270
2022-06-05,1 wk ahead inc case,2022-06-11,HR,quantile,0.300,564
2022-06-05,1 wk ahead inc case,2022-06-11,CY,quantile,0.300,2700
2022-06-05,1 wk ahead inc case,2022-06-11,CZ,quantile,0.300,1919
2022-06-05,1 wk ahead inc case,2022-06-11,DK,quantile,0.300,7068
2022-06-05,1 wk ahead inc case,2022-06-11,EE,quantile,0.300,1194
2022-06-05,1 wk ahead inc case,2022-06-11,FI,quantile,0.300,14502
2022-06-05,1 wk ahead inc case,2022-06-11,FR,quantile,0.300,154832
2022-06-05,1 wk ahead inc case,2022-06-11,DE,quantile,0.300,332730
2022-06-05,1 wk ahead inc case,2022-06-11,GR,quantile,0.300,38473
2022-06-05,1 wk ahead inc case,2022-06-11,HU,quantile,0.300,2349
2022-06-05,1 wk ahead inc case,2022-06-11,IS,quantile,0.300,1822
2022-06-05,1 wk ahead inc case,2022-06-11,IE,quantile,0.300,6364
2022-06-05,1 wk ahead inc case,2022-06-11,IT,quantile,0.300,144690
2022-06-05,1 wk ahead inc case,2022-06-11,LV,quantile,0.300,1639
2022-06-05,1 wk ahead inc case,2022-06-11,LI,quantile,0.300,157
2022-06-05,1 wk ahead inc case,2022-06-11,LT,quantile,0.300,1209
2022-06-05,1 wk ahead inc case,2022-06-11,LU,quantile,0.300,656
2022-06-05,1 wk ahead inc case,2022-06-11,MT,quantile,0.300,1007
2022-06-05,1 wk ahead inc case,2022-06-11,NL,quantile,0.300,14692
2022-06-05,1 wk ahead inc case,2022-06-11,NO,quantile,0.300,3388
2022-06-05,1 wk ahead inc case,2022-06-11,PL,quantile,0.300,1877
2022-06-05,1 wk ahead inc case,2022-06-11,PT,quantile,0.300,183350
2022-06-05,1 wk ahead inc case,2022-06-11,RO,quantile,0.300,2282
2022-06-05,1 wk ahead inc case,2022-06-11,SK,quantile,0.300,1505
2022-06-05,1 wk ahead inc case,2022-06-11,SI,quantile,0.300,1996
2022-06-05,1 wk ahead inc case,2022-06-11,ES,quantile,0.300,82226
2022-06-05,1 wk ahead inc case,2022-06-11,SE,quantile,0.300,2334
2022-06-05,1 wk ahead inc case,2022-06-11,CH,quantile,0.300,11442
2022-06-05,1 wk ahead inc case,2022-06-11,GB,quantile,0.300,47218
2022-06-05,2 wk ahead inc case,2022-06-18,AT,quantile,0.300,29020
2022-06-05,2 wk ahead inc case,2022-06-18,BE,quantile,0.300,17785
2022-06-05,2 wk ahead inc case,2022-06-18,BG,quantile,0.300,1314
2022-06-05,2 wk ahead inc case,2022-06-18,HR,quantile,0.300,554
2022-06-05,2 wk ahead inc case,2022-06-18,CY,quantile,0.300,2594
2022-06-05,2 wk ahead inc case,2022-06-18,CZ,quantile,0.300,1851
2022-06-05,2 wk ahead inc case,2022-06-18,DK,quantile,0.300,10001
2022-06-05,2 wk ahead inc case,2022-06-18,EE,quantile,0.300,1242
2022-06-05,2 wk ahead inc case,2022-06-18,FI,quantile,0.300,13622
2022-06-05,2 wk ahead inc case,2022-06-18,FR,quantile,0.300,175778
2022-06-05,2 wk ahead inc case,2022-06-18,DE,quantile,0.300,304871
2022-06-05,2 wk ahead inc case,2022-06-18,GR,quantile,0.300,38024
2022-06-05,2 wk ahead inc case,2022-06-18,HU,quantile,0.300,2257
2022-06-05,2 wk ahead inc case,2022-06-18,IS,quantile,0.300,2344
2022-06-05,2 wk ahead inc case,2022-06-18,IE,quantile,0.300,6536
2022-06-05,2 wk ahead inc case,2022-06-18,IT,quantile,0.300,156394
2022-06-05,2 wk ahead inc case,2022-06-18,LV,quantile,0.300,1638
2022-06-05,2 wk ahead inc case,2022-06-18,LI,quantile,0.300,248
2022-06-05,2 wk ahead inc case,2022-06-18,LT,quantile,0.300,1286
2022-06-05,2 wk ahead inc case,2022-06-18,LU,quantile,0.300,534
2022-06-05,2 wk ahead inc case,2022-06-18,MT,quantile,0.300,1120
2022-06-05,2 wk ahead inc case,2022-06-18,NL,quantile,0.300,18574
2022-06-05,2 wk ahead inc case,2022-06-18,NO,quantile,0.300,4154
2022-06-05,2 wk ahead inc case,2022-06-18,PL,quantile,0.300,1739
2022-06-05,2 wk ahead inc case,2022-06-18,PT,quantile,0.300,184313
2022-06-05,2 wk ahead inc case,2022-06-18,RO,quantile,0.300,2331
2022-06-05,2 wk ahead inc case,2022-06-18,SK,quantile,0.300,1667
2022-06-05,2 wk ahead inc case,2022-06-18,SI,quantile,0.300,2232
2022-06-05,2 wk ahead inc case,2022-06-18,ES,quantile,0.300,88092
2022-06-05,2 wk ahead inc case,2022-06-18,SE,quantile,0.300,2797
2022-06-05,2 wk ahead inc case,2022-06-18,CH,quantile,0.300,12740
2022-06-05,2 wk ahead inc case,2022-06-18,GB,quantile,0.300,61155
2022-06-05,3 wk ahead inc case,2022-06-25,AT,quantile,0.300,38610
2022-06-05,3 wk ahead inc case,2022-06-25,BE,quantile,0.300,21483
2022-06-05,3 wk ahead inc case,2022-06-25,BG,quantile,0.300,1424
2022-06-05,3 wk ahead inc case,2022-06-25,HR,quantile,0.300,495
2022-06-05,3 wk ahead inc case,2022-06-25,CY,quantile,0.300,3150
2022-06-05,3 wk ahead inc case,2022-06-25,CZ,quantile,0.300,1949
2022-06-05,3 wk ahead inc case,2022-06-25,DK,quantile,0.300,15775
2022-06-05,3 wk ahead inc case,2022-06-25,EE,quantile,0.300,1392
2022-06-05,3 wk ahead inc case,2022-06-25,FI,quantile,0.300,12989
2022-06-05,3 wk ahead inc case,2022-06-25,FR,quantile,0.300,202645
2022-06-05,3 wk ahead inc case,2022-06-25,DE,quantile,0.300,371269
2022-06-05,3 wk ahead inc case,2022-06-25,GR,quantile,0.300,44448
2022-06-05,3 wk ahead inc case,2022-06-25,HU,quantile,0.300,2206
2022-06-05,3 wk ahead inc case,2022-06-25,IS,quantile,0.300,3787
2022-06-05,3 wk ahead inc case,2022-06-25,IE,quantile,0.300,6087
2022-06-05,3 wk ahead inc case,2022-06-25,IT,quantile,0.300,161305
2022-06-05,3 wk ahead inc case,2022-06-25,LV,quantile,0.300,1935
2022-06-05,3 wk ahead inc case,2022-06-25,LI,quantile,0.300,407
2022-06-05,3 wk ahead inc case,2022-06-25,LT,quantile,0.300,1543
2022-06-05,3 wk ahead inc case,2022-06-25,LU,quantile,0.300,431
2022-06-05,3 wk ahead inc case,2022-06-25,MT,quantile,0.300,1656
2022-06-05,3 wk ahead inc case,2022-06-25,NL,quantile,0.300,27606
2022-06-05,3 wk ahead inc case,2022-06-25,NO,quantile,0.300,6260
2022-06-05,3 wk ahead inc case,2022-06-25,PL,quantile,0.300,1753
2022-06-05,3 wk ahead inc case,2022-06-25,PT,quantile,0.300,180706
2022-06-05,3 wk ahead inc case,2022-06-25,RO,quantile,0.300,2616
2022-06-05,3 wk ahead inc case,2022-06-25,SK,quantile,0.300,1648
2022-06-05,3 wk ahead inc case,2022-06-25,SI,quantile,0.300,2319
2022-06-05,3 wk ahead inc case,2022-06-25,ES,quantile,0.300,99333
2022-06-05,3 wk ahead inc case,2022-06-25,SE,quantile,0.300,4063
2022-06-05,3 wk ahead inc case,2022-06-25,CH,quantile,0.300,15655
2022-06-05,3 wk ahead inc case,2022-06-25,GB,quantile,0.300,77839
2022-06-05,4 wk ahead inc case,2022-07-02,AT,quantile,0.300,51511
2022-06-05,4 wk ahead inc case,2022-07-02,BE,quantile,0.300,25219
2022-06-05,4 wk ahead inc case,2022-07-02,BG,quantile,0.300,1626
2022-06-05,4 wk ahead inc case,2022-07-02,HR,quantile,0.300,368
2022-06-05,4 wk ahead inc case,2022-07-02,CY,quantile,0.300,3721
2022-06-05,4 wk ahead inc case,2022-07-02,CZ,quantile,0.300,2171
2022-06-05,4 wk ahead inc case,2022-07-02,DK,quantile,0.300,25764
2022-06-05,4 wk ahead inc case,2022-07-02,EE,quantile,0.300,1716
2022-06-05,4 wk ahead inc case,2022-07-02,FI,quantile,0.300,16460
2022-06-05,4 wk ahead inc case,2022-07-02,FR,quantile,0.300,237336
2022-06-05,4 wk ahead inc case,2022-07-02,DE,quantile,0.300,381256
2022-06-05,4 wk ahead inc case,2022-07-02,GR,quantile,0.300,55339
2022-06-05,4 wk ahead inc case,2022-07-02,HU,quantile,0.300,1898
2022-06-05,4 wk ahead inc case,2022-07-02,IS,quantile,0.300,6157
2022-06-05,4 wk ahead inc case,2022-07-02,IE,quantile,0.300,6338
2022-06-05,4 wk ahead inc case,2022-07-02,IT,quantile,0.300,170227
2022-06-05,4 wk ahead inc case,2022-07-02,LV,quantile,0.300,2437
2022-06-05,4 wk ahead inc case,2022-07-02,LI,quantile,0.300,652
2022-06-05,4 wk ahead inc case,2022-07-02,LT,quantile,0.300,1975
2022-06-05,4 wk ahead inc case,2022-07-02,LU,quantile,0.300,365
2022-06-05,4 wk ahead inc case,2022-07-02,MT,quantile,0.300,2189
2022-06-05,4 wk ahead inc case,2022-07-02,NL,quantile,0.300,41544
2022-06-05,4 wk ahead inc case,2022-07-02,NO,quantile,0.300,9464
2022-06-05,4 wk ahead inc case,2022-07-02,PL,quantile,0.300,1868
2022-06-05,4 wk ahead inc case,2022-07-02,PT,quantile,0.300,175765
2022-06-05,4 wk ahead inc case,2022-07-02,RO,quantile,0.300,2910
2022-06-05,4 wk ahead inc case,2022-07-02,SK,quantile,0.300,1889
2022-06-05,4 wk ahead inc case,2022-07-02,SI,quantile,0.300,2673
2022-06-05,4 wk ahead inc case,2022-07-02,ES,quantile,0.300,119737
2022-06-05,4 wk ahead inc case,2022-07-02,SE,quantile,0.300,6502
2022-06-05,4 wk ahead inc case,2022-07-02,CH,quantile,0.300,19017
2022-06-05,4 wk ahead inc case,2022-07-02,GB,quantile,0.300,100617
2022-06-05,5 wk ahead inc case,2022-07-09,AT,quantile,0.300,66251
2022-06-05,5 wk ahead inc case,2022-07-09,BE,quantile,0.300,29129
2022-06-05,5 wk ahead inc case,2022-07-09,BG,quantile,0.300,1721
2022-06-05,5 wk ahead inc case,2022-07-09,HR,quantile,0.300,303
2022-06-05,5 wk ahead inc case,2022-07-09,CY,quantile,0.300,4032
2022-06-05,5 wk ahead inc case,2022-07-09,CZ,quantile,0.300,2253
2022-06-05,5 wk ahead inc case,2022-07-09,DK,quantile,0.300,46921
2022-06-05,5 wk ahead inc case,2022-07-09,EE,quantile,0.300,2089
2022-06-05,5 wk ahead inc case,2022-07-09,FI,quantile,0.300,16201
2022-06-05,5 wk ahead inc case,2022-07-09,FR,quantile,0.300,281762
2022-06-05,5 wk ahead inc case,2022-07-09,DE,quantile,0.300,389405
2022-06-05,5 wk ahead inc case,2022-07-09,GR,quantile,0.300,60239
2022-06-05,5 wk ahead inc case,2022-07-09,HU,quantile,0.300,1659
2022-06-05,5 wk ahead inc case,2022-07-09,IS,quantile,0.300,8743
2022-06-05,5 wk ahead inc case,2022-07-09,IE,quantile,0.300,6724
2022-06-05,5 wk ahead inc case,2022-07-09,IT,quantile,0.300,169016
2022-06-05,5 wk ahead inc case,2022-07-09,LV,quantile,0.300,2761
2022-06-05,5 wk ahead inc case,2022-07-09,LI,quantile,0.300,855
2022-06-05,5 wk ahead inc case,2022-07-09,LT,quantile,0.300,2308
2022-06-05,5 wk ahead inc case,2022-07-09,LU,quantile,0.300,337
2022-06-05,5 wk ahead inc case,2022-07-09,MT,quantile,0.300,2882
2022-06-05,5 wk ahead inc case,2022-07-09,NL,quantile,0.300,59950
2022-06-05,5 wk ahead inc case,2022-07-09,NO,quantile,0.300,12991
2022-06-05,5 wk ahead inc case,2022-07-09,PL,quantile,0.300,2068
2022-06-05,5 wk ahead inc case,2022-07-09,PT,quantile,0.300,164252
2022-06-05,5 wk ahead inc case,2022-07-09,RO,quantile,0.300,2785
2022-06-05,5 wk ahead inc case,2022-07-09,SK,quantile,0.300,1840
2022-06-05,5 wk ahead inc case,2022-07-09,SI,quantile,0.300,2908
2022-06-05,5 wk ahead inc case,2022-07-09,ES,quantile,0.300,153217
2022-06-05,5 wk ahead inc case,2022-07-09,SE,quantile,0.300,10523
2022-06-05,5 wk ahead inc case,2022-07-09,CH,quantile,0.300,27458
2022-06-05,5 wk ahead inc case,2022-07-09,GB,quantile,0.300,135918
2022-06-05,1 wk ahead inc case,2022-06-11,AT,quantile,0.350,25237
2022-06-05,1 wk ahead inc case,2022-06-11,BE,quantile,0.350,17607
2022-06-05,1 wk ahead inc case,2022-06-11,BG,quantile,0.350,1276
2022-06-05,1 wk ahead inc case,2022-06-11,HR,quantile,0.350,870
2022-06-05,1 wk ahead inc case,2022-06-11,CY,quantile,0.350,2770
2022-06-05,1 wk ahead inc case,2022-06-11,CZ,quantile,0.350,1959
2022-06-05,1 wk ahead inc case,2022-06-11,DK,quantile,0.350,7068
2022-06-05,1 wk ahead inc case,2022-06-11,EE,quantile,0.350,1296
2022-06-05,1 wk ahead inc case,2022-06-11,FI,quantile,0.350,14815
2022-06-05,1 wk ahead inc case,2022-06-11,FR,quantile,0.350,155041
2022-06-05,1 wk ahead inc case,2022-06-11,DE,quantile,0.350,334865
2022-06-05,1 wk ahead inc case,2022-06-11,GR,quantile,0.350,38807
2022-06-05,1 wk ahead inc case,2022-06-11,HU,quantile,0.350,2912
2022-06-05,1 wk ahead inc case,2022-06-11,IS,quantile,0.350,1867
2022-06-05,1 wk ahead inc case,2022-06-11,IE,quantile,0.350,7554
2022-06-05,1 wk ahead inc case,2022-06-11,IT,quantile,0.350,172458
2022-06-05,1 wk ahead inc case,2022-06-11,LV,quantile,0.350,1649
2022-06-05,1 wk ahead inc case,2022-06-11,LI,quantile,0.350,180
2022-06-05,1 wk ahead inc case,2022-06-11,LT,quantile,0.350,1213
2022-06-05,1 wk ahead inc case,2022-06-11,LU,quantile,0.350,658
2022-06-05,1 wk ahead inc case,2022-06-11,MT,quantile,0.350,1014
2022-06-05,1 wk ahead inc case,2022-06-11,NL,quantile,0.350,14907
2022-06-05,1 wk ahead inc case,2022-06-11,NO,quantile,0.350,3388
2022-06-05,1 wk ahead inc case,2022-06-11,PL,quantile,0.350,2037
2022-06-05,1 wk ahead inc case,2022-06-11,PT,quantile,0.350,183350
2022-06-05,1 wk ahead inc case,2022-06-11,RO,quantile,0.350,2286
2022-06-05,1 wk ahead inc case,2022-06-11,SK,quantile,0.350,1874
2022-06-05,1 wk ahead inc case,2022-06-11,SI,quantile,0.350,2525
2022-06-05,1 wk ahead inc case,2022-06-11,ES,quantile,0.350,82523
2022-06-05,1 wk ahead inc case,2022-06-11,SE,quantile,0.350,2387
2022-06-05,1 wk ahead inc case,2022-06-11,CH,quantile,0.350,11524
2022-06-05,1 wk ahead inc case,2022-06-11,GB,quantile,0.350,53557
2022-06-05,2 wk ahead inc case,2022-06-18,AT,quantile,0.350,29221
2022-06-05,2 wk ahead inc case,2022-06-18,BE,quantile,0.350,18284
2022-06-05,2 wk ahead inc case,2022-06-18,BG,quantile,0.350,1315
2022-06-05,2 wk ahead inc case,2022-06-18,HR,quantile,0.350,560
2022-06-05,2 wk ahead inc case,2022-06-18,CY,quantile,0.350,2776
2022-06-05,2 wk ahead inc case,2022-06-18,CZ,quantile,0.350,1884
2022-06-05,2 wk ahead inc case,2022-06-18,DK,quantile,0.350,10030
2022-06-05,2 wk ahead inc case,2022-06-18,EE,quantile,0.350,1248
2022-06-05,2 wk ahead inc case,2022-06-18,FI,quantile,0.350,13789
2022-06-05,2 wk ahead inc case,2022-06-18,FR,quantile,0.350,177049
2022-06-05,2 wk ahead inc case,2022-06-18,DE,quantile,0.350,310241
2022-06-05,2 wk ahead inc case,2022-06-18,GR,quantile,0.350,38288
2022-06-05,2 wk ahead inc case,2022-06-18,HU,quantile,0.350,2508
2022-06-05,2 wk ahead inc case,2022-06-18,IS,quantile,0.350,2521
2022-06-05,2 wk ahead inc case,2022-06-18,IE,quantile,0.350,6650
2022-06-05,2 wk ahead inc case,2022-06-18,IT,quantile,0.350,157403
2022-06-05,2 wk ahead inc case,2022-06-18,LV,quantile,0.350,1662
2022-06-05,2 wk ahead inc case,2022-06-18,LI,quantile,0.350,248
2022-06-05,2 wk ahead inc case,2022-06-18,LT,quantile,0.350,1309
2022-06-05,2 wk ahead inc case,2022-06-18,LU,quantile,0.350,536
2022-06-05,2 wk ahead inc case,2022-06-18,MT,quantile,0.350,1168
2022-06-05,2 wk ahead inc case,2022-06-18,NL,quantile,0.350,18694
2022-06-05,2 wk ahead inc case,2022-06-18,NO,quantile,0.350,4199
2022-06-05,2 wk ahead inc case,2022-06-18,PL,quantile,0.350,1834
2022-06-05,2 wk ahead inc case,2022-06-18,PT,quantile,0.350,190869
2022-06-05,2 wk ahead inc case,2022-06-18,RO,quantile,0.350,2342
2022-06-05,2 wk ahead inc case,2022-06-18,SK,quantile,0.350,1689
2022-06-05,2 wk ahead inc case,2022-06-18,SI,quantile,0.350,2324
2022-06-05,2 wk ahead inc case,2022-06-18,ES,quantile,0.350,88179
2022-06-05,2 wk ahead inc case,2022-06-18,SE,quantile,0.350,2844
2022-06-05,2 wk ahead inc case,2022-06-18,CH,quantile,0.350,13230
2022-06-05,2 wk ahead inc case,2022-06-18,GB,quantile,0.350,62233
2022-06-05,3 wk ahead inc case,2022-06-25,AT,quantile,0.350,39500
2022-06-05,3 wk ahead inc case,2022-06-25,BE,quantile,0.350,22146
2022-06-05,3 wk ahead inc case,2022-06-25,BG,quantile,0.350,1426
2022-06-05,3 wk ahead inc case,2022-06-25,HR,quantile,0.350,513
2022-06-05,3 wk ahead inc case,2022-06-25,CY,quantile,0.350,3297
2022-06-05,3 wk ahead inc case,2022-06-25,CZ,quantile,0.350,1955
2022-06-05,3 wk ahead inc case,2022-06-25,DK,quantile,0.350,15891
2022-06-05,3 wk ahead inc case,2022-06-25,EE,quantile,0.350,1431
2022-06-05,3 wk ahead inc case,2022-06-25,FI,quantile,0.350,14002
2022-06-05,3 wk ahead inc case,2022-06-25,FR,quantile,0.350,205829
2022-06-05,3 wk ahead inc case,2022-06-25,DE,quantile,0.350,372006
2022-06-05,3 wk ahead inc case,2022-06-25,GR,quantile,0.350,45675
2022-06-05,3 wk ahead inc case,2022-06-25,HU,quantile,0.350,2236
2022-06-05,3 wk ahead inc case,2022-06-25,IS,quantile,0.350,3880
2022-06-05,3 wk ahead inc case,2022-06-25,IE,quantile,0.350,6328
2022-06-05,3 wk ahead inc case,2022-06-25,IT,quantile,0.350,165105
2022-06-05,3 wk ahead inc case,2022-06-25,LV,quantile,0.350,1989
2022-06-05,3 wk ahead inc case,2022-06-25,LI,quantile,0.350,429
2022-06-05,3 wk ahead inc case,2022-06-25,LT,quantile,0.350,1602
2022-06-05,3 wk ahead inc case,2022-06-25,LU,quantile,0.350,448
2022-06-05,3 wk ahead inc case,2022-06-25,MT,quantile,0.350,1713
2022-06-05,3 wk ahead inc case,2022-06-25,NL,quantile,0.350,27971
2022-06-05,3 wk ahead inc case,2022-06-25,NO,quantile,0.350,6293
2022-06-05,3 wk ahead inc case,2022-06-25,PL,quantile,0.350,1872
2022-06-05,3 wk ahead inc case,2022-06-25,PT,quantile,0.350,192559
2022-06-05,3 wk ahead inc case,2022-06-25,RO,quantile,0.350,2621
2022-06-05,3 wk ahead inc case,2022-06-25,SK,quantile,0.350,1720
2022-06-05,3 wk ahead inc case,2022-06-25,SI,quantile,0.350,2422
2022-06-05,3 wk ahead inc case,2022-06-25,ES,quantile,0.350,101075
2022-06-05,3 wk ahead inc case,2022-06-25,SE,quantile,0.350,4240
2022-06-05,3 wk ahead inc case,2022-06-25,CH,quantile,0.350,15928
2022-06-05,3 wk ahead inc case,2022-06-25,GB,quantile,0.350,78405
2022-06-05,4 wk ahead inc case,2022-07-02,AT,quantile,0.350,51790
2022-06-05,4 wk ahead inc case,2022-07-02,BE,quantile,0.350,26767
2022-06-05,4 wk ahead inc case,2022-07-02,BG,quantile,0.350,1652
2022-06-05,4 wk ahead inc case,2022-07-02,HR,quantile,0.350,406
2022-06-05,4 wk ahead inc case,2022-07-02,CY,quantile,0.350,3826
2022-06-05,4 wk ahead inc case,2022-07-02,CZ,quantile,0.350,2211
2022-06-05,4 wk ahead inc case,2022-07-02,DK,quantile,0.350,26502
2022-06-05,4 wk ahead inc case,2022-07-02,EE,quantile,0.350,1732
2022-06-05,4 wk ahead inc case,2022-07-02,FI,quantile,0.350,16651
2022-06-05,4 wk ahead inc case,2022-07-02,FR,quantile,0.350,240775
2022-06-05,4 wk ahead inc case,2022-07-02,DE,quantile,0.350,408205
2022-06-05,4 wk ahead inc case,2022-07-02,GR,quantile,0.350,55673
2022-06-05,4 wk ahead inc case,2022-07-02,HU,quantile,0.350,2151
2022-06-05,4 wk ahead inc case,2022-07-02,IS,quantile,0.350,6184
2022-06-05,4 wk ahead inc case,2022-07-02,IE,quantile,0.350,6570
2022-06-05,4 wk ahead inc case,2022-07-02,IT,quantile,0.350,170874
2022-06-05,4 wk ahead inc case,2022-07-02,LV,quantile,0.350,2497
2022-06-05,4 wk ahead inc case,2022-07-02,LI,quantile,0.350,657
2022-06-05,4 wk ahead inc case,2022-07-02,LT,quantile,0.350,2016
2022-06-05,4 wk ahead inc case,2022-07-02,LU,quantile,0.350,394
2022-06-05,4 wk ahead inc case,2022-07-02,MT,quantile,0.350,2356
2022-06-05,4 wk ahead inc case,2022-07-02,NL,quantile,0.350,42776
2022-06-05,4 wk ahead inc case,2022-07-02,NO,quantile,0.350,9621
2022-06-05,4 wk ahead inc case,2022-07-02,PL,quantile,0.350,2028
2022-06-05,4 wk ahead inc case,2022-07-02,PT,quantile,0.350,187618
2022-06-05,4 wk ahead inc case,2022-07-02,RO,quantile,0.350,2930
2022-06-05,4 wk ahead inc case,2022-07-02,SK,quantile,0.350,1892
2022-06-05,4 wk ahead inc case,2022-07-02,SI,quantile,0.350,2857
2022-06-05,4 wk ahead inc case,2022-07-02,ES,quantile,0.350,122024
2022-06-05,4 wk ahead inc case,2022-07-02,SE,quantile,0.350,6674
2022-06-05,4 wk ahead inc case,2022-07-02,CH,quantile,0.350,20403
2022-06-05,4 wk ahead inc case,2022-07-02,GB,quantile,0.350,106175
2022-06-05,5 wk ahead inc case,2022-07-09,AT,quantile,0.350,68155
2022-06-05,5 wk ahead inc case,2022-07-09,BE,quantile,0.350,31163
2022-06-05,5 wk ahead inc case,2022-07-09,BG,quantile,0.350,1766
2022-06-05,5 wk ahead inc case,2022-07-09,HR,quantile,0.350,317
2022-06-05,5 wk ahead inc case,2022-07-09,CY,quantile,0.350,4739
2022-06-05,5 wk ahead inc case,2022-07-09,CZ,quantile,0.350,2367
2022-06-05,5 wk ahead inc case,2022-07-09,DK,quantile,0.350,47945
2022-06-05,5 wk ahead inc case,2022-07-09,EE,quantile,0.350,2127
2022-06-05,5 wk ahead inc case,2022-07-09,FI,quantile,0.350,16920
2022-06-05,5 wk ahead inc case,2022-07-09,FR,quantile,0.350,284588
2022-06-05,5 wk ahead inc case,2022-07-09,DE,quantile,0.350,455643
2022-06-05,5 wk ahead inc case,2022-07-09,GR,quantile,0.350,60774
2022-06-05,5 wk ahead inc case,2022-07-09,HU,quantile,0.350,2222
2022-06-05,5 wk ahead inc case,2022-07-09,IS,quantile,0.350,8789
2022-06-05,5 wk ahead inc case,2022-07-09,IE,quantile,0.350,6937
2022-06-05,5 wk ahead inc case,2022-07-09,IT,quantile,0.350,171161
2022-06-05,5 wk ahead inc case,2022-07-09,LV,quantile,0.350,2912
2022-06-05,5 wk ahead inc case,2022-07-09,LI,quantile,0.350,870
2022-06-05,5 wk ahead inc case,2022-07-09,LT,quantile,0.350,2456
2022-06-05,5 wk ahead inc case,2022-07-09,LU,quantile,0.350,366
2022-06-05,5 wk ahead inc case,2022-07-09,MT,quantile,0.350,3398
2022-06-05,5 wk ahead inc case,2022-07-09,NL,quantile,0.350,65135
2022-06-05,5 wk ahead inc case,2022-07-09,NO,quantile,0.350,13524
2022-06-05,5 wk ahead inc case,2022-07-09,PL,quantile,0.350,2092
2022-06-05,5 wk ahead inc case,2022-07-09,PT,quantile,0.350,176105
2022-06-05,5 wk ahead inc case,2022-07-09,RO,quantile,0.350,2811
2022-06-05,5 wk ahead inc case,2022-07-09,SK,quantile,0.350,1860
2022-06-05,5 wk ahead inc case,2022-07-09,SI,quantile,0.350,2908
2022-06-05,5 wk ahead inc case,2022-07-09,ES,quantile,0.350,161122
2022-06-05,5 wk ahead inc case,2022-07-09,SE,quantile,0.350,11079
2022-06-05,5 wk ahead inc case,2022-07-09,CH,quantile,0.350,29111
2022-06-05,5 wk ahead inc case,2022-07-09,GB,quantile,0.350,142802
2022-06-05,1 wk ahead inc case,2022-06-11,AT,quantile,0.400,25237
2022-06-05,1 wk ahead inc case,2022-06-11,BE,quantile,0.400,17685
2022-06-05,1 wk ahead inc case,2022-06-11,BG,quantile,0.400,1280
2022-06-05,1 wk ahead inc case,2022-06-11,HR,quantile,0.400,877
2022-06-05,1 wk ahead inc case,2022-06-11,CY,quantile,0.400,2968
2022-06-05,1 wk ahead inc case,2022-06-11,CZ,quantile,0.400,2030
2022-06-05,1 wk ahead inc case,2022-06-11,DK,quantile,0.400,7070
2022-06-05,1 wk ahead inc case,2022-06-11,EE,quantile,0.400,1303
2022-06-05,1 wk ahead inc case,2022-06-11,FI,quantile,0.400,15709
2022-06-05,1 wk ahead inc case,2022-06-11,FR,quantile,0.400,156335
2022-06-05,1 wk ahead inc case,2022-06-11,DE,quantile,0.400,336695
2022-06-05,1 wk ahead inc case,2022-06-11,GR,quantile,0.400,38874
2022-06-05,1 wk ahead inc case,2022-06-11,HU,quantile,0.400,3003
2022-06-05,1 wk ahead inc case,2022-06-11,IS,quantile,0.400,1999
2022-06-05,1 wk ahead inc case,2022-06-11,IE,quantile,0.400,7619
2022-06-05,1 wk ahead inc case,2022-06-11,IT,quantile,0.400,174594
2022-06-05,1 wk ahead inc case,2022-06-11,LV,quantile,0.400,1652
2022-06-05,1 wk ahead inc case,2022-06-11,LI,quantile,0.400,180
2022-06-05,1 wk ahead inc case,2022-06-11,LT,quantile,0.400,1219
2022-06-05,1 wk ahead inc case,2022-06-11,LU,quantile,0.400,661
2022-06-05,1 wk ahead inc case,2022-06-11,MT,quantile,0.400,1018
2022-06-05,1 wk ahead inc case,2022-06-11,NL,quantile,0.400,15554
2022-06-05,1 wk ahead inc case,2022-06-11,NO,quantile,0.400,3423
2022-06-05,1 wk ahead inc case,2022-06-11,PL,quantile,0.400,2073
2022-06-05,1 wk ahead inc case,2022-06-11,PT,quantile,0.400,183705
2022-06-05,1 wk ahead inc case,2022-06-11,RO,quantile,0.400,2342
2022-06-05,1 wk ahead inc case,2022-06-11,SK,quantile,0.400,1874
2022-06-05,1 wk ahead inc case,2022-06-11,SI,quantile,0.400,2525
2022-06-05,1 wk ahead inc case,2022-06-11,ES,quantile,0.400,82758
2022-06-05,1 wk ahead inc case,2022-06-11,SE,quantile,0.400,2402
2022-06-05,1 wk ahead inc case,2022-06-11,CH,quantile,0.400,11564
2022-06-05,1 wk ahead inc case,2022-06-11,GB,quantile,0.400,54420
2022-06-05,2 wk ahead inc case,2022-06-18,AT,quantile,0.400,29824
2022-06-05,2 wk ahead inc case,2022-06-18,BE,quantile,0.400,18526
2022-06-05,2 wk ahead inc case,2022-06-18,BG,quantile,0.400,1332
2022-06-05,2 wk ahead inc case,2022-06-18,HR,quantile,0.400,561
2022-06-05,2 wk ahead inc case,2022-06-18,CY,quantile,0.400,3300
2022-06-05,2 wk ahead inc case,2022-06-18,CZ,quantile,0.400,1918
2022-06-05,2 wk ahead inc case,2022-06-18,DK,quantile,0.400,10118
2022-06-05,2 wk ahead inc case,2022-06-18,EE,quantile,0.400,1278
2022-06-05,2 wk ahead inc case,2022-06-18,FI,quantile,0.400,14248
2022-06-05,2 wk ahead inc case,2022-06-18,FR,quantile,0.400,178181
2022-06-05,2 wk ahead inc case,2022-06-18,DE,quantile,0.400,315206
2022-06-05,2 wk ahead inc case,2022-06-18,GR,quantile,0.400,38494
2022-06-05,2 wk ahead inc case,2022-06-18,HU,quantile,0.400,2525
2022-06-05,2 wk ahead inc case,2022-06-18,IS,quantile,0.400,3053
2022-06-05,2 wk ahead inc case,2022-06-18,IE,quantile,0.400,6682
2022-06-05,2 wk ahead inc case,2022-06-18,IT,quantile,0.400,157409
2022-06-05,2 wk ahead inc case,2022-06-18,LV,quantile,0.400,1706
2022-06-05,2 wk ahead inc case,2022-06-18,LI,quantile,0.400,249
2022-06-05,2 wk ahead inc case,2022-06-18,LT,quantile,0.400,1351
2022-06-05,2 wk ahead inc case,2022-06-18,LU,quantile,0.400,540
2022-06-05,2 wk ahead inc case,2022-06-18,MT,quantile,0.400,1242
2022-06-05,2 wk ahead inc case,2022-06-18,NL,quantile,0.400,18817
2022-06-05,2 wk ahead inc case,2022-06-18,NO,quantile,0.400,4243
2022-06-05,2 wk ahead inc case,2022-06-18,PL,quantile,0.400,1838
2022-06-05,2 wk ahead inc case,2022-06-18,PT,quantile,0.400,191232
2022-06-05,2 wk ahead inc case,2022-06-18,RO,quantile,0.400,2347
2022-06-05,2 wk ahead inc case,2022-06-18,SK,quantile,0.400,1689
2022-06-05,2 wk ahead inc case,2022-06-18,SI,quantile,0.400,2324
2022-06-05,2 wk ahead inc case,2022-06-18,ES,quantile,0.400,89807
2022-06-05,2 wk ahead inc case,2022-06-18,SE,quantile,0.400,2921
2022-06-05,2 wk ahead inc case,2022-06-18,CH,quantile,0.400,13902
2022-06-05,2 wk ahead inc case,2022-06-18,GB,quantile,0.400,62711
2022-06-05,3 wk ahead inc case,2022-06-25,AT,quantile,0.400,39588
2022-06-05,3 wk ahead inc case,2022-06-25,BE,quantile,0.400,22380
2022-06-05,3 wk ahead inc case,2022-06-25,BG,quantile,0.400,1440
2022-06-05,3 wk ahead inc case,2022-06-25,HR,quantile,0.400,520
2022-06-05,3 wk ahead inc case,2022-06-25,CY,quantile,0.400,3309
2022-06-05,3 wk ahead inc case,2022-06-25,CZ,quantile,0.400,2041
2022-06-05,3 wk ahead inc case,2022-06-25,DK,quantile,0.400,16240
2022-06-05,3 wk ahead inc case,2022-06-25,EE,quantile,0.400,1496
2022-06-05,3 wk ahead inc case,2022-06-25,FI,quantile,0.400,14947
2022-06-05,3 wk ahead inc case,2022-06-25,FR,quantile,0.400,206340
2022-06-05,3 wk ahead inc case,2022-06-25,DE,quantile,0.400,375700
2022-06-05,3 wk ahead inc case,2022-06-25,GR,quantile,0.400,46009
2022-06-05,3 wk ahead inc case,2022-06-25,HU,quantile,0.400,2255
2022-06-05,3 wk ahead inc case,2022-06-25,IS,quantile,0.400,4160
2022-06-05,3 wk ahead inc case,2022-06-25,IE,quantile,0.400,6428
2022-06-05,3 wk ahead inc case,2022-06-25,IT,quantile,0.400,165883
2022-06-05,3 wk ahead inc case,2022-06-25,LV,quantile,0.400,2042
2022-06-05,3 wk ahead inc case,2022-06-25,LI,quantile,0.400,434
2022-06-05,3 wk ahead inc case,2022-06-25,LT,quantile,0.400,1621
2022-06-05,3 wk ahead inc case,2022-06-25,LU,quantile,0.400,460
2022-06-05,3 wk ahead inc case,2022-06-25,MT,quantile,0.400,1721
2022-06-05,3 wk ahead inc case,2022-06-25,NL,quantile,0.400,29327
2022-06-05,3 wk ahead inc case,2022-06-25,NO,quantile,0.400,6368
2022-06-05,3 wk ahead inc case,2022-06-25,PL,quantile,0.400,1881
2022-06-05,3 wk ahead inc case,2022-06-25,PT,quantile,0.400,194569
2022-06-05,3 wk ahead inc case,2022-06-25,RO,quantile,0.400,2625
2022-06-05,3 wk ahead inc case,2022-06-25,SK,quantile,0.400,1720
2022-06-05,3 wk ahead inc case,2022-06-25,SI,quantile,0.400,2497
2022-06-05,3 wk ahead inc case,2022-06-25,ES,quantile,0.400,101481
2022-06-05,3 wk ahead inc case,2022-06-25,SE,quantile,0.400,4247
2022-06-05,3 wk ahead inc case,2022-06-25,CH,quantile,0.400,16494
2022-06-05,3 wk ahead inc case,2022-06-25,GB,quantile,0.400,80128
2022-06-05,4 wk ahead inc case,2022-07-02,AT,quantile,0.400,52624
2022-06-05,4 wk ahead inc case,2022-07-02,BE,quantile,0.400,27122
2022-06-05,4 wk ahead inc case,2022-07-02,BG,quantile,0.400,1761
2022-06-05,4 wk ahead inc case,2022-07-02,HR,quantile,0.400,411
2022-06-05,4 wk ahead inc case,2022-07-02,CY,quantile,0.400,4337
2022-06-05,4 wk ahead inc case,2022-07-02,CZ,quantile,0.400,2237
2022-06-05,4 wk ahead inc case,2022-07-02,DK,quantile,0.400,28718
2022-06-05,4 wk ahead inc case,2022-07-02,EE,quantile,0.400,1782
2022-06-05,4 wk ahead inc case,2022-07-02,FI,quantile,0.400,16960
2022-06-05,4 wk ahead inc case,2022-07-02,FR,quantile,0.400,244463
2022-06-05,4 wk ahead inc case,2022-07-02,DE,quantile,0.400,446362
2022-06-05,4 wk ahead inc case,2022-07-02,GR,quantile,0.400,56101
2022-06-05,4 wk ahead inc case,2022-07-02,HU,quantile,0.400,2344
2022-06-05,4 wk ahead inc case,2022-07-02,IS,quantile,0.400,6265
2022-06-05,4 wk ahead inc case,2022-07-02,IE,quantile,0.400,6891
2022-06-05,4 wk ahead inc case,2022-07-02,IT,quantile,0.400,172638
2022-06-05,4 wk ahead inc case,2022-07-02,LV,quantile,0.400,2509
2022-06-05,4 wk ahead inc case,2022-07-02,LI,quantile,0.400,673
2022-06-05,4 wk ahead inc case,2022-07-02,LT,quantile,0.400,2038
2022-06-05,4 wk ahead inc case,2022-07-02,LU,quantile,0.400,411
2022-06-05,4 wk ahead inc case,2022-07-02,MT,quantile,0.400,2626
2022-06-05,4 wk ahead inc case,2022-07-02,NL,quantile,0.400,46469
2022-06-05,4 wk ahead inc case,2022-07-02,NO,quantile,0.400,9709
2022-06-05,4 wk ahead inc case,2022-07-02,PL,quantile,0.400,2094
2022-06-05,4 wk ahead inc case,2022-07-02,PT,quantile,0.400,192230
2022-06-05,4 wk ahead inc case,2022-07-02,RO,quantile,0.400,2991
2022-06-05,4 wk ahead inc case,2022-07-02,SK,quantile,0.400,1906
2022-06-05,4 wk ahead inc case,2022-07-02,SI,quantile,0.400,2857
2022-06-05,4 wk ahead inc case,2022-07-02,ES,quantile,0.400,124779
2022-06-05,4 wk ahead inc case,2022-07-02,SE,quantile,0.400,6820
2022-06-05,4 wk ahead inc case,2022-07-02,CH,quantile,0.400,22663
2022-06-05,4 wk ahead inc case,2022-07-02,GB,quantile,0.400,106310
2022-06-05,5 wk ahead inc case,2022-07-09,AT,quantile,0.400,73867
2022-06-05,5 wk ahead inc case,2022-07-09,BE,quantile,0.400,36544
2022-06-05,5 wk ahead inc case,2022-07-09,BG,quantile,0.400,1893
2022-06-05,5 wk ahead inc case,2022-07-09,HR,quantile,0.400,321
2022-06-05,5 wk ahead inc case,2022-07-09,CY,quantile,0.400,7255
2022-06-05,5 wk ahead inc case,2022-07-09,CZ,quantile,0.400,2600
2022-06-05,5 wk ahead inc case,2022-07-09,DK,quantile,0.400,51015
2022-06-05,5 wk ahead inc case,2022-07-09,EE,quantile,0.400,2198
2022-06-05,5 wk ahead inc case,2022-07-09,FI,quantile,0.400,17130
2022-06-05,5 wk ahead inc case,2022-07-09,FR,quantile,0.400,292985
2022-06-05,5 wk ahead inc case,2022-07-09,DE,quantile,0.400,621786
2022-06-05,5 wk ahead inc case,2022-07-09,GR,quantile,0.400,61445
2022-06-05,5 wk ahead inc case,2022-07-09,HU,quantile,0.400,2248
2022-06-05,5 wk ahead inc case,2022-07-09,IS,quantile,0.400,8927
2022-06-05,5 wk ahead inc case,2022-07-09,IE,quantile,0.400,7430
2022-06-05,5 wk ahead inc case,2022-07-09,IT,quantile,0.400,176532
2022-06-05,5 wk ahead inc case,2022-07-09,LV,quantile,0.400,3338
2022-06-05,5 wk ahead inc case,2022-07-09,LI,quantile,0.400,909
2022-06-05,5 wk ahead inc case,2022-07-09,LT,quantile,0.400,2862
2022-06-05,5 wk ahead inc case,2022-07-09,LU,quantile,0.400,382
2022-06-05,5 wk ahead inc case,2022-07-09,MT,quantile,0.400,4460
2022-06-05,5 wk ahead inc case,2022-07-09,NL,quantile,0.400,80690
2022-06-05,5 wk ahead inc case,2022-07-09,NO,quantile,0.400,13995
2022-06-05,5 wk ahead inc case,2022-07-09,PL,quantile,0.400,2136
2022-06-05,5 wk ahead inc case,2022-07-09,PT,quantile,0.400,183125
2022-06-05,5 wk ahead inc case,2022-07-09,RO,quantile,0.400,3037
2022-06-05,5 wk ahead inc case,2022-07-09,SK,quantile,0.400,1860
2022-06-05,5 wk ahead inc case,2022-07-09,SI,quantile,0.400,2980
2022-06-05,5 wk ahead inc case,2022-07-09,ES,quantile,0.400,161164
2022-06-05,5 wk ahead inc case,2022-07-09,SE,quantile,0.400,12051
2022-06-05,5 wk ahead inc case,2022-07-09,CH,quantile,0.400,30199
2022-06-05,5 wk ahead inc case,2022-07-09,GB,quantile,0.400,144461
2022-06-05,1 wk ahead inc case,2022-06-11,AT,quantile,0.450,25571
2022-06-05,1 wk ahead inc case,2022-06-11,BE,quantile,0.450,17705
2022-06-05,1 wk ahead inc case,2022-06-11,BG,quantile,0.450,1284
2022-06-05,1 wk ahead inc case,2022-06-11,HR,quantile,0.450,885
2022-06-05,1 wk ahead inc case,2022-06-11,CY,quantile,0.450,3008
2022-06-05,1 wk ahead inc case,2022-06-11,CZ,quantile,0.450,2101
2022-06-05,1 wk ahead inc case,2022-06-11,DK,quantile,0.450,7101
2022-06-05,1 wk ahead inc case,2022-06-11,EE,quantile,0.450,1324
2022-06-05,1 wk ahead inc case,2022-06-11,FI,quantile,0.450,16226
2022-06-05,1 wk ahead inc case,2022-06-11,FR,quantile,0.450,156568
2022-06-05,1 wk ahead inc case,2022-06-11,DE,quantile,0.450,338835
2022-06-05,1 wk ahead inc case,2022-06-11,GR,quantile,0.450,38974
2022-06-05,1 wk ahead inc case,2022-06-11,HU,quantile,0.450,3099
2022-06-05,1 wk ahead inc case,2022-06-11,IS,quantile,0.450,2029
2022-06-05,1 wk ahead inc case,2022-06-11,IE,quantile,0.450,7753
2022-06-05,1 wk ahead inc case,2022-06-11,IT,quantile,0.450,177173
2022-06-05,1 wk ahead inc case,2022-06-11,LV,quantile,0.450,1689
2022-06-05,1 wk ahead inc case,2022-06-11,LI,quantile,0.450,180
2022-06-05,1 wk ahead inc case,2022-06-11,LT,quantile,0.450,1242
2022-06-05,1 wk ahead inc case,2022-06-11,LU,quantile,0.450,674
2022-06-05,1 wk ahead inc case,2022-06-11,MT,quantile,0.450,1021
2022-06-05,1 wk ahead inc case,2022-06-11,NL,quantile,0.450,15984
2022-06-05,1 wk ahead inc case,2022-06-11,NO,quantile,0.450,3432
2022-06-05,1 wk ahead inc case,2022-06-11,PL,quantile,0.450,2112
2022-06-05,1 wk ahead inc case,2022-06-11,PT,quantile,0.450,183908
2022-06-05,1 wk ahead inc case,2022-06-11,RO,quantile,0.450,2394
2022-06-05,1 wk ahead inc case,2022-06-11,SK,quantile,0.450,1883
2022-06-05,1 wk ahead inc case,2022-06-11,SI,quantile,0.450,2556
2022-06-05,1 wk ahead inc case,2022-06-11,ES,quantile,0.450,83069
2022-06-05,1 wk ahead inc case,2022-06-11,SE,quantile,0.450,2411
2022-06-05,1 wk ahead inc case,2022-06-11,CH,quantile,0.450,11870
2022-06-05,1 wk ahead inc case,2022-06-11,GB,quantile,0.450,55821
2022-06-05,2 wk ahead inc case,2022-06-18,AT,quantile,0.450,30714
2022-06-05,2 wk ahead inc case,2022-06-18,BE,quantile,0.450,19874
2022-06-05,2 wk ahead inc case,2022-06-18,BG,quantile,0.450,1333
2022-06-05,2 wk ahead inc case,2022-06-18,HR,quantile,0.450,595
2022-06-05,2 wk ahead inc case,2022-06-18,CY,quantile,0.450,3302
2022-06-05,2 wk ahead inc case,2022-06-18,CZ,quantile,0.450,1963
2022-06-05,2 wk ahead inc case,2022-06-18,DK,quantile,0.450,10149
2022-06-05,2 wk ahead inc case,2022-06-18,EE,quantile,0.450,1292
2022-06-05,2 wk ahead inc case,2022-06-18,FI,quantile,0.450,14320
2022-06-05,2 wk ahead inc case,2022-06-18,FR,quantile,0.450,179862
2022-06-05,2 wk ahead inc case,2022-06-18,DE,quantile,0.450,366020
2022-06-05,2 wk ahead inc case,2022-06-18,GR,quantile,0.450,38815
2022-06-05,2 wk ahead inc case,2022-06-18,HU,quantile,0.450,2551
2022-06-05,2 wk ahead inc case,2022-06-18,IS,quantile,0.450,3125
2022-06-05,2 wk ahead inc case,2022-06-18,IE,quantile,0.450,6827
2022-06-05,2 wk ahead inc case,2022-06-18,IT,quantile,0.450,158747
2022-06-05,2 wk ahead inc case,2022-06-18,LV,quantile,0.450,1740
2022-06-05,2 wk ahead inc case,2022-06-18,LI,quantile,0.450,270
2022-06-05,2 wk ahead inc case,2022-06-18,LT,quantile,0.450,1351
2022-06-05,2 wk ahead inc case,2022-06-18,LU,quantile,0.450,561
2022-06-05,2 wk ahead inc case,2022-06-18,MT,quantile,0.450,1253
2022-06-05,2 wk ahead inc case,2022-06-18,NL,quantile,0.450,20070
2022-06-05,2 wk ahead inc case,2022-06-18,NO,quantile,0.450,4386
2022-06-05,2 wk ahead inc case,2022-06-18,PL,quantile,0.450,1858
2022-06-05,2 wk ahead inc case,2022-06-18,PT,quantile,0.450,191594
2022-06-05,2 wk ahead inc case,2022-06-18,RO,quantile,0.450,2353
2022-06-05,2 wk ahead inc case,2022-06-18,SK,quantile,0.450,1705
2022-06-05,2 wk ahead inc case,2022-06-18,SI,quantile,0.450,2382
2022-06-05,2 wk ahead inc case,2022-06-18,ES,quantile,0.450,89931
2022-06-05,2 wk ahead inc case,2022-06-18,SE,quantile,0.450,2965
2022-06-05,2 wk ahead inc case,2022-06-18,CH,quantile,0.450,14745
2022-06-05,2 wk ahead inc case,2022-06-18,GB,quantile,0.450,63276
2022-06-05,3 wk ahead inc case,2022-06-25,AT,quantile,0.450,39676
2022-06-05,3 wk ahead inc case,2022-06-25,BE,quantile,0.450,23885
2022-06-05,3 wk ahead inc case,2022-06-25,BG,quantile,0.450,1472
2022-06-05,3 wk ahead inc case,2022-06-25,HR,quantile,0.450,524
2022-06-05,3 wk ahead inc case,2022-06-25,CY,quantile,0.450,3469
2022-06-05,3 wk ahead inc case,2022-06-25,CZ,quantile,0.450,2135
2022-06-05,3 wk ahead inc case,2022-06-25,DK,quantile,0.450,16271
2022-06-05,3 wk ahead inc case,2022-06-25,EE,quantile,0.450,1521
2022-06-05,3 wk ahead inc case,2022-06-25,FI,quantile,0.450,15464
2022-06-05,3 wk ahead inc case,2022-06-25,FR,quantile,0.450,209669
2022-06-05,3 wk ahead inc case,2022-06-25,DE,quantile,0.450,382578
2022-06-05,3 wk ahead inc case,2022-06-25,GR,quantile,0.450,46206
2022-06-05,3 wk ahead inc case,2022-06-25,HU,quantile,0.450,2259
2022-06-05,3 wk ahead inc case,2022-06-25,IS,quantile,0.450,4304
2022-06-05,3 wk ahead inc case,2022-06-25,IE,quantile,0.450,6915
2022-06-05,3 wk ahead inc case,2022-06-25,IT,quantile,0.450,166915
2022-06-05,3 wk ahead inc case,2022-06-25,LV,quantile,0.450,2050
2022-06-05,3 wk ahead inc case,2022-06-25,LI,quantile,0.450,439
2022-06-05,3 wk ahead inc case,2022-06-25,LT,quantile,0.450,1625
2022-06-05,3 wk ahead inc case,2022-06-25,LU,quantile,0.450,487
2022-06-05,3 wk ahead inc case,2022-06-25,MT,quantile,0.450,1724
2022-06-05,3 wk ahead inc case,2022-06-25,NL,quantile,0.450,29587
2022-06-05,3 wk ahead inc case,2022-06-25,NO,quantile,0.450,6450
2022-06-05,3 wk ahead inc case,2022-06-25,PL,quantile,0.450,1900
2022-06-05,3 wk ahead inc case,2022-06-25,PT,quantile,0.450,196579
2022-06-05,3 wk ahead inc case,2022-06-25,RO,quantile,0.450,2646
2022-06-05,3 wk ahead inc case,2022-06-25,SK,quantile,0.450,1831
2022-06-05,3 wk ahead inc case,2022-06-25,SI,quantile,0.450,2497
2022-06-05,3 wk ahead inc case,2022-06-25,ES,quantile,0.450,104592
2022-06-05,3 wk ahead inc case,2022-06-25,SE,quantile,0.450,4289
2022-06-05,3 wk ahead inc case,2022-06-25,CH,quantile,0.450,17974
2022-06-05,3 wk ahead inc case,2022-06-25,GB,quantile,0.450,81761
2022-06-05,4 wk ahead inc case,2022-07-02,AT,quantile,0.450,53514
2022-06-05,4 wk ahead inc case,2022-07-02,BE,quantile,0.450,28858
2022-06-05,4 wk ahead inc case,2022-07-02,BG,quantile,0.450,1794
2022-06-05,4 wk ahead inc case,2022-07-02,HR,quantile,0.450,445
2022-06-05,4 wk ahead inc case,2022-07-02,CY,quantile,0.450,4663
2022-06-05,4 wk ahead inc case,2022-07-02,CZ,quantile,0.450,2286
2022-06-05,4 wk ahead inc case,2022-07-02,DK,quantile,0.450,28749
2022-06-05,4 wk ahead inc case,2022-07-02,EE,quantile,0.450,1789
2022-06-05,4 wk ahead inc case,2022-07-02,FI,quantile,0.450,17709
2022-06-05,4 wk ahead inc case,2022-07-02,FR,quantile,0.450,248152
2022-06-05,4 wk ahead inc case,2022-07-02,DE,quantile,0.450,497176
2022-06-05,4 wk ahead inc case,2022-07-02,GR,quantile,0.450,56588
2022-06-05,4 wk ahead inc case,2022-07-02,HU,quantile,0.450,2553
2022-06-05,4 wk ahead inc case,2022-07-02,IS,quantile,0.450,7053
2022-06-05,4 wk ahead inc case,2022-07-02,IE,quantile,0.450,6980
2022-06-05,4 wk ahead inc case,2022-07-02,IT,quantile,0.450,177844
2022-06-05,4 wk ahead inc case,2022-07-02,LV,quantile,0.450,2544
2022-06-05,4 wk ahead inc case,2022-07-02,LI,quantile,0.450,680
2022-06-05,4 wk ahead inc case,2022-07-02,LT,quantile,0.450,2052
2022-06-05,4 wk ahead inc case,2022-07-02,LU,quantile,0.450,428
2022-06-05,4 wk ahead inc case,2022-07-02,MT,quantile,0.450,2637
2022-06-05,4 wk ahead inc case,2022-07-02,NL,quantile,0.450,46876
2022-06-05,4 wk ahead inc case,2022-07-02,NO,quantile,0.450,9791
2022-06-05,4 wk ahead inc case,2022-07-02,PL,quantile,0.450,2167
2022-06-05,4 wk ahead inc case,2022-07-02,PT,quantile,0.450,196842
2022-06-05,4 wk ahead inc case,2022-07-02,RO,quantile,0.450,3006
2022-06-05,4 wk ahead inc case,2022-07-02,SK,quantile,0.450,1906
2022-06-05,4 wk ahead inc case,2022-07-02,SI,quantile,0.450,2884
2022-06-05,4 wk ahead inc case,2022-07-02,ES,quantile,0.450,128229
2022-06-05,4 wk ahead inc case,2022-07-02,SE,quantile,0.450,6864
2022-06-05,4 wk ahead inc case,2022-07-02,CH,quantile,0.450,23623
2022-06-05,4 wk ahead inc case,2022-07-02,GB,quantile,0.450,107836
2022-06-05,5 wk ahead inc case,2022-07-09,AT,quantile,0.450,74757
2022-06-05,5 wk ahead inc case,2022-07-09,BE,quantile,0.450,39997
2022-06-05,5 wk ahead inc case,2022-07-09,BG,quantile,0.450,2087
2022-06-05,5 wk ahead inc case,2022-07-09,HR,quantile,0.450,462
2022-06-05,5 wk ahead inc case,2022-07-09,CY,quantile,0.450,7890
2022-06-05,5 wk ahead inc case,2022-07-09,CZ,quantile,0.450,2713
2022-06-05,5 wk ahead inc case,2022-07-09,DK,quantile,0.450,53642
2022-06-05,5 wk ahead inc case,2022-07-09,EE,quantile,0.450,2267
2022-06-05,5 wk ahead inc case,2022-07-09,FI,quantile,0.450,21465
2022-06-05,5 wk ahead inc case,2022-07-09,FR,quantile,0.450,297400
2022-06-05,5 wk ahead inc case,2022-07-09,DE,quantile,0.450,672600
2022-06-05,5 wk ahead inc case,2022-07-09,GR,quantile,0.450,62647
2022-06-05,5 wk ahead inc case,2022-07-09,HU,quantile,0.450,2293
2022-06-05,5 wk ahead inc case,2022-07-09,IS,quantile,0.450,8978
2022-06-05,5 wk ahead inc case,2022-07-09,IE,quantile,0.450,7738
2022-06-05,5 wk ahead inc case,2022-07-09,IT,quantile,0.450,182543
2022-06-05,5 wk ahead inc case,2022-07-09,LV,quantile,0.450,3519
2022-06-05,5 wk ahead inc case,2022-07-09,LI,quantile,0.450,932
2022-06-05,5 wk ahead inc case,2022-07-09,LT,quantile,0.450,2885
2022-06-05,5 wk ahead inc case,2022-07-09,LU,quantile,0.450,386
2022-06-05,5 wk ahead inc case,2022-07-09,MT,quantile,0.450,4471
2022-06-05,5 wk ahead inc case,2022-07-09,NL,quantile,0.450,82034
2022-06-05,5 wk ahead inc case,2022-07-09,NO,quantile,0.450,15407
2022-06-05,5 wk ahead inc case,2022-07-09,PL,quantile,0.450,2240
2022-06-05,5 wk ahead inc case,2022-07-09,PT,quantile,0.450,190145
2022-06-05,5 wk ahead inc case,2022-07-09,RO,quantile,0.450,3262
2022-06-05,5 wk ahead inc case,2022-07-09,SK,quantile,0.450,2042
2022-06-05,5 wk ahead inc case,2022-07-09,SI,quantile,0.450,3075
2022-06-05,5 wk ahead inc case,2022-07-09,ES,quantile,0.450,165519
2022-06-05,5 wk ahead inc case,2022-07-09,SE,quantile,0.450,12434
2022-06-05,5 wk ahead inc case,2022-07-09,CH,quantile,0.450,35665
2022-06-05,5 wk ahead inc case,2022-07-09,GB,quantile,0.450,150141
2022-06-05,1 wk ahead inc case,2022-06-11,AT,quantile,0.500,26389
2022-06-05,1 wk ahead inc case,2022-06-11,BE,quantile,0.500,18108
2022-06-05,1 wk ahead inc case,2022-06-11,BG,quantile,0.500,1288
2022-06-05,1 wk ahead inc case,2022-06-11,HR,quantile,0.500,887
2022-06-05,1 wk ahead inc case,2022-06-11,CY,quantile,0.500,3297
2022-06-05,1 wk ahead inc case,2022-06-11,CZ,quantile,0.500,2159
2022-06-05,1 wk ahead inc case,2022-06-11,DK,quantile,0.500,7369
2022-06-05,1 wk ahead inc case,2022-06-11,EE,quantile,0.500,1333
2022-06-05,1 wk ahead inc case,2022-06-11,FI,quantile,0.500,16841
2022-06-05,1 wk ahead inc case,2022-06-11,FR,quantile,0.500,156857
2022-06-05,1 wk ahead inc case,2022-06-11,DE,quantile,0.500,359271
2022-06-05,1 wk ahead inc case,2022-06-11,GR,quantile,0.500,38989
2022-06-05,1 wk ahead inc case,2022-06-11,HU,quantile,0.500,3104
2022-06-05,1 wk ahead inc case,2022-06-11,IS,quantile,0.500,2287
2022-06-05,1 wk ahead inc case,2022-06-11,IE,quantile,0.500,7783
2022-06-05,1 wk ahead inc case,2022-06-11,IT,quantile,0.500,178014
2022-06-05,1 wk ahead inc case,2022-06-11,LV,quantile,0.500,1699
2022-06-05,1 wk ahead inc case,2022-06-11,LI,quantile,0.500,181
2022-06-05,1 wk ahead inc case,2022-06-11,LT,quantile,0.500,1251
2022-06-05,1 wk ahead inc case,2022-06-11,LU,quantile,0.500,700
2022-06-05,1 wk ahead inc case,2022-06-11,MT,quantile,0.500,1025
2022-06-05,1 wk ahead inc case,2022-06-11,NL,quantile,0.500,15984
2022-06-05,1 wk ahead inc case,2022-06-11,NO,quantile,0.500,3453
2022-06-05,1 wk ahead inc case,2022-06-11,PL,quantile,0.500,2124
2022-06-05,1 wk ahead inc case,2022-06-11,PT,quantile,0.500,186137
2022-06-05,1 wk ahead inc case,2022-06-11,RO,quantile,0.500,2769
2022-06-05,1 wk ahead inc case,2022-06-11,SK,quantile,0.500,1883
2022-06-05,1 wk ahead inc case,2022-06-11,SI,quantile,0.500,2556
2022-06-05,1 wk ahead inc case,2022-06-11,ES,quantile,0.500,83162
2022-06-05,1 wk ahead inc case,2022-06-11,SE,quantile,0.500,2421
2022-06-05,1 wk ahead inc case,2022-06-11,CH,quantile,0.500,11994
2022-06-05,1 wk ahead inc case,2022-06-11,GB,quantile,0.500,56261
2022-06-05,2 wk ahead inc case,2022-06-18,AT,quantile,0.500,32002
2022-06-05,2 wk ahead inc case,2022-06-18,BE,quantile,0.500,21318
2022-06-05,2 wk ahead inc case,2022-06-18,BG,quantile,0.500,1350
2022-06-05,2 wk ahead inc case,2022-06-18,HR,quantile,0.500,609
2022-06-05,2 wk ahead inc case,2022-06-18,CY,quantile,0.500,3306
2022-06-05,2 wk ahead inc case,2022-06-18,CZ,quantile,0.500,1968
2022-06-05,2 wk ahead inc case,2022-06-18,DK,quantile,0.500,10199
2022-06-05,2 wk ahead inc case,2022-06-18,EE,quantile,0.500,1296
2022-06-05,2 wk ahead inc case,2022-06-18,FI,quantile,0.500,14388
2022-06-05,2 wk ahead inc case,2022-06-18,FR,quantile,0.500,180971
2022-06-05,2 wk ahead inc case,2022-06-18,DE,quantile,0.500,385027
2022-06-05,2 wk ahead inc case,2022-06-18,GR,quantile,0.500,39317
2022-06-05,2 wk ahead inc case,2022-06-18,HU,quantile,0.500,2557
2022-06-05,2 wk ahead inc case,2022-06-18,IS,quantile,0.500,3149
2022-06-05,2 wk ahead inc case,2022-06-18,IE,quantile,0.500,6868
2022-06-05,2 wk ahead inc case,2022-06-18,IT,quantile,0.500,159852
2022-06-05,2 wk ahead inc case,2022-06-18,LV,quantile,0.500,1744
2022-06-05,2 wk ahead inc case,2022-06-18,LI,quantile,0.500,272
2022-06-05,2 wk ahead inc case,2022-06-18,LT,quantile,0.500,1374
2022-06-05,2 wk ahead inc case,2022-06-18,LU,quantile,0.500,585
2022-06-05,2 wk ahead inc case,2022-06-18,MT,quantile,0.500,1264
2022-06-05,2 wk ahead inc case,2022-06-18,NL,quantile,0.500,20447
2022-06-05,2 wk ahead inc case,2022-06-18,NO,quantile,0.500,4484
2022-06-05,2 wk ahead inc case,2022-06-18,PL,quantile,0.500,1863
2022-06-05,2 wk ahead inc case,2022-06-18,PT,quantile,0.500,196764
2022-06-05,2 wk ahead inc case,2022-06-18,RO,quantile,0.500,2602
2022-06-05,2 wk ahead inc case,2022-06-18,SK,quantile,0.500,1705
2022-06-05,2 wk ahead inc case,2022-06-18,SI,quantile,0.500,2382
2022-06-05,2 wk ahead inc case,2022-06-18,ES,quantile,0.500,90383
2022-06-05,2 wk ahead inc case,2022-06-18,SE,quantile,0.500,2992
2022-06-05,2 wk ahead inc case,2022-06-18,CH,quantile,0.500,14885
2022-06-05,2 wk ahead inc case,2022-06-18,GB,quantile,0.500,64162
2022-06-05,3 wk ahead inc case,2022-06-25,AT,quantile,0.500,40386
2022-06-05,3 wk ahead inc case,2022-06-25,BE,quantile,0.500,24375
2022-06-05,3 wk ahead inc case,2022-06-25,BG,quantile,0.500,1483
2022-06-05,3 wk ahead inc case,2022-06-25,HR,quantile,0.500,558
2022-06-05,3 wk ahead inc case,2022-06-25,CY,quantile,0.500,3527
2022-06-05,3 wk ahead inc case,2022-06-25,CZ,quantile,0.500,2159
2022-06-05,3 wk ahead inc case,2022-06-25,DK,quantile,0.500,16468
2022-06-05,3 wk ahead inc case,2022-06-25,EE,quantile,0.500,1542
2022-06-05,3 wk ahead inc case,2022-06-25,FI,quantile,0.500,16701
2022-06-05,3 wk ahead inc case,2022-06-25,FR,quantile,0.500,213124
2022-06-05,3 wk ahead inc case,2022-06-25,DE,quantile,0.500,383481
2022-06-05,3 wk ahead inc case,2022-06-25,GR,quantile,0.500,47162
2022-06-05,3 wk ahead inc case,2022-06-25,HU,quantile,0.500,2297
2022-06-05,3 wk ahead inc case,2022-06-25,IS,quantile,0.500,4352
2022-06-05,3 wk ahead inc case,2022-06-25,IE,quantile,0.500,7222
2022-06-05,3 wk ahead inc case,2022-06-25,IT,quantile,0.500,168373
2022-06-05,3 wk ahead inc case,2022-06-25,LV,quantile,0.500,2080
2022-06-05,3 wk ahead inc case,2022-06-25,LI,quantile,0.500,455
2022-06-05,3 wk ahead inc case,2022-06-25,LT,quantile,0.500,1633
2022-06-05,3 wk ahead inc case,2022-06-25,LU,quantile,0.500,495
2022-06-05,3 wk ahead inc case,2022-06-25,MT,quantile,0.500,1736
2022-06-05,3 wk ahead inc case,2022-06-25,NL,quantile,0.500,29992
2022-06-05,3 wk ahead inc case,2022-06-25,NO,quantile,0.500,6579
2022-06-05,3 wk ahead inc case,2022-06-25,PL,quantile,0.500,1935
2022-06-05,3 wk ahead inc case,2022-06-25,PT,quantile,0.500,203044
2022-06-05,3 wk ahead inc case,2022-06-25,RO,quantile,0.500,2663
2022-06-05,3 wk ahead inc case,2022-06-25,SK,quantile,0.500,1871
2022-06-05,3 wk ahead inc case,2022-06-25,SI,quantile,0.500,2523
2022-06-05,3 wk ahead inc case,2022-06-25,ES,quantile,0.500,106337
2022-06-05,3 wk ahead inc case,2022-06-25,SE,quantile,0.500,4324
2022-06-05,3 wk ahead inc case,2022-06-25,CH,quantile,0.500,18778
2022-06-05,3 wk ahead inc case,2022-06-25,GB,quantile,0.500,83072
2022-06-05,4 wk ahead inc case,2022-07-02,AT,quantile,0.500,55387
2022-06-05,4 wk ahead inc case,2022-07-02,BE,quantile,0.500,31604
2022-06-05,4 wk ahead inc case,2022-07-02,BG,quantile,0.500,1826
2022-06-05,4 wk ahead inc case,2022-07-02,HR,quantile,0.500,446
2022-06-05,4 wk ahead inc case,2022-07-02,CY,quantile,0.500,5150
2022-06-05,4 wk ahead inc case,2022-07-02,CZ,quantile,0.500,2317
2022-06-05,4 wk ahead inc case,2022-07-02,DK,quantile,0.500,29261
2022-06-05,4 wk ahead inc case,2022-07-02,EE,quantile,0.500,1878
2022-06-05,4 wk ahead inc case,2022-07-02,FI,quantile,0.500,17922
2022-06-05,4 wk ahead inc case,2022-07-02,FR,quantile,0.500,254955
2022-06-05,4 wk ahead inc case,2022-07-02,DE,quantile,0.500,542510
2022-06-05,4 wk ahead inc case,2022-07-02,GR,quantile,0.500,57276
2022-06-05,4 wk ahead inc case,2022-07-02,HU,quantile,0.500,2575
2022-06-05,4 wk ahead inc case,2022-07-02,IS,quantile,0.500,7316
2022-06-05,4 wk ahead inc case,2022-07-02,IE,quantile,0.500,7453
2022-06-05,4 wk ahead inc case,2022-07-02,IT,quantile,0.500,178807
2022-06-05,4 wk ahead inc case,2022-07-02,LV,quantile,0.500,2558
2022-06-05,4 wk ahead inc case,2022-07-02,LI,quantile,0.500,682
2022-06-05,4 wk ahead inc case,2022-07-02,LT,quantile,0.500,2075
2022-06-05,4 wk ahead inc case,2022-07-02,LU,quantile,0.500,439
2022-06-05,4 wk ahead inc case,2022-07-02,MT,quantile,0.500,2665
2022-06-05,4 wk ahead inc case,2022-07-02,NL,quantile,0.500,47012
2022-06-05,4 wk ahead inc case,2022-07-02,NO,quantile,0.500,9792
2022-06-05,4 wk ahead inc case,2022-07-02,PL,quantile,0.500,2210
2022-06-05,4 wk ahead inc case,2022-07-02,PT,quantile,0.500,201658
2022-06-05,4 wk ahead inc case,2022-07-02,RO,quantile,0.500,3012
2022-06-05,4 wk ahead inc case,2022-07-02,SK,quantile,0.500,1946
2022-06-05,4 wk ahead inc case,2022-07-02,SI,quantile,0.500,2884
2022-06-05,4 wk ahead inc case,2022-07-02,ES,quantile,0.500,128668
2022-06-05,4 wk ahead inc case,2022-07-02,SE,quantile,0.500,6941
2022-06-05,4 wk ahead inc case,2022-07-02,CH,quantile,0.500,25647
2022-06-05,4 wk ahead inc case,2022-07-02,GB,quantile,0.500,108109
2022-06-05,5 wk ahead inc case,2022-07-09,AT,quantile,0.500,79664
2022-06-05,5 wk ahead inc case,2022-07-09,BE,quantile,0.500,44828
2022-06-05,5 wk ahead inc case,2022-07-09,BG,quantile,0.500,2558
2022-06-05,5 wk ahead inc case,2022-07-09,HR,quantile,0.500,464
2022-06-05,5 wk ahead inc case,2022-07-09,CY,quantile,0.500,8187
2022-06-05,5 wk ahead inc case,2022-07-09,CZ,quantile,0.500,2748
2022-06-05,5 wk ahead inc case,2022-07-09,DK,quantile,0.500,54518
2022-06-05,5 wk ahead inc case,2022-07-09,EE,quantile,0.500,2278
2022-06-05,5 wk ahead inc case,2022-07-09,FI,quantile,0.500,23600
2022-06-05,5 wk ahead inc case,2022-07-09,FR,quantile,0.500,308152
2022-06-05,5 wk ahead inc case,2022-07-09,DE,quantile,0.500,737152
2022-06-05,5 wk ahead inc case,2022-07-09,GR,quantile,0.500,64515
2022-06-05,5 wk ahead inc case,2022-07-09,HU,quantile,0.500,2313
2022-06-05,5 wk ahead inc case,2022-07-09,IS,quantile,0.500,8995
2022-06-05,5 wk ahead inc case,2022-07-09,IE,quantile,0.500,8264
2022-06-05,5 wk ahead inc case,2022-07-09,IT,quantile,0.500,183759
2022-06-05,5 wk ahead inc case,2022-07-09,LV,quantile,0.500,3524
2022-06-05,5 wk ahead inc case,2022-07-09,LI,quantile,0.500,940
2022-06-05,5 wk ahead inc case,2022-07-09,LT,quantile,0.500,2933
2022-06-05,5 wk ahead inc case,2022-07-09,LU,quantile,0.500,394
2022-06-05,5 wk ahead inc case,2022-07-09,MT,quantile,0.500,4474
2022-06-05,5 wk ahead inc case,2022-07-09,NL,quantile,0.500,82252
2022-06-05,5 wk ahead inc case,2022-07-09,NO,quantile,0.500,15879
2022-06-05,5 wk ahead inc case,2022-07-09,PL,quantile,0.500,2273
2022-06-05,5 wk ahead inc case,2022-07-09,PT,quantile,0.500,191461
2022-06-05,5 wk ahead inc case,2022-07-09,RO,quantile,0.500,3637
2022-06-05,5 wk ahead inc case,2022-07-09,SK,quantile,0.500,2114
2022-06-05,5 wk ahead inc case,2022-07-09,SI,quantile,0.500,3075
2022-06-05,5 wk ahead inc case,2022-07-09,ES,quantile,0.500,166398
2022-06-05,5 wk ahead inc case,2022-07-09,SE,quantile,0.500,12457
2022-06-05,5 wk ahead inc case,2022-07-09,CH,quantile,0.500,41251
2022-06-05,5 wk ahead inc case,2022-07-09,GB,quantile,0.500,154853
2022-06-05,1 wk ahead inc case,2022-06-11,AT,quantile,0.550,26389
2022-06-05,1 wk ahead inc case,2022-06-11,BE,quantile,0.550,18219
2022-06-05,1 wk ahead inc case,2022-06-11,BG,quantile,0.550,1445
2022-06-05,1 wk ahead inc case,2022-06-11,HR,quantile,0.550,892
2022-06-05,1 wk ahead inc case,2022-06-11,CY,quantile,0.550,3319
2022-06-05,1 wk ahead inc case,2022-06-11,CZ,quantile,0.550,2161
2022-06-05,1 wk ahead inc case,2022-06-11,DK,quantile,0.550,7369
2022-06-05,1 wk ahead inc case,2022-06-11,EE,quantile,0.550,1372
2022-06-05,1 wk ahead inc case,2022-06-11,FI,quantile,0.550,16965
2022-06-05,1 wk ahead inc case,2022-06-11,FR,quantile,0.550,158351
2022-06-05,1 wk ahead inc case,2022-06-11,DE,quantile,0.550,378103
2022-06-05,1 wk ahead inc case,2022-06-11,GR,quantile,0.550,39065
2022-06-05,1 wk ahead inc case,2022-06-11,HU,quantile,0.550,3111
2022-06-05,1 wk ahead inc case,2022-06-11,IS,quantile,0.550,2291
2022-06-05,1 wk ahead inc case,2022-06-11,IE,quantile,0.550,7885
2022-06-05,1 wk ahead inc case,2022-06-11,IT,quantile,0.550,178649
2022-06-05,1 wk ahead inc case,2022-06-11,LV,quantile,0.550,1743
2022-06-05,1 wk ahead inc case,2022-06-11,LI,quantile,0.550,181
2022-06-05,1 wk ahead inc case,2022-06-11,LT,quantile,0.550,1256
2022-06-05,1 wk ahead inc case,2022-06-11,LU,quantile,0.550,701
2022-06-05,1 wk ahead inc case,2022-06-11,MT,quantile,0.550,1032
2022-06-05,1 wk ahead inc case,2022-06-11,NL,quantile,0.550,16078
2022-06-05,1 wk ahead inc case,2022-06-11,NO,quantile,0.550,3470
2022-06-05,1 wk ahead inc case,2022-06-11,PL,quantile,0.550,2126
2022-06-05,1 wk ahead inc case,2022-06-11,PT,quantile,0.550,186137
2022-06-05,1 wk ahead inc case,2022-06-11,RO,quantile,0.550,3035
2022-06-05,1 wk ahead inc case,2022-06-11,SK,quantile,0.550,1933
2022-06-05,1 wk ahead inc case,2022-06-11,SI,quantile,0.550,2579
2022-06-05,1 wk ahead inc case,2022-06-11,ES,quantile,0.550,83572
2022-06-05,1 wk ahead inc case,2022-06-11,SE,quantile,0.550,2440
2022-06-05,1 wk ahead inc case,2022-06-11,CH,quantile,0.550,12082
2022-06-05,1 wk ahead inc case,2022-06-11,GB,quantile,0.550,57028
2022-06-05,2 wk ahead inc case,2022-06-18,AT,quantile,0.550,32002
2022-06-05,2 wk ahead inc case,2022-06-18,BE,quantile,0.550,21688
2022-06-05,2 wk ahead inc case,2022-06-18,BG,quantile,0.550,1380
2022-06-05,2 wk ahead inc case,2022-06-18,HR,quantile,0.550,627
2022-06-05,2 wk ahead inc case,2022-06-18,CY,quantile,0.550,3342
2022-06-05,2 wk ahead inc case,2022-06-18,CZ,quantile,0.550,1972
2022-06-05,2 wk ahead inc case,2022-06-18,DK,quantile,0.550,10199
2022-06-05,2 wk ahead inc case,2022-06-18,EE,quantile,0.550,1399
2022-06-05,2 wk ahead inc case,2022-06-18,FI,quantile,0.550,14837
2022-06-05,2 wk ahead inc case,2022-06-18,FR,quantile,0.550,185143
2022-06-05,2 wk ahead inc case,2022-06-18,DE,quantile,0.550,388822
2022-06-05,2 wk ahead inc case,2022-06-18,GR,quantile,0.550,40609
2022-06-05,2 wk ahead inc case,2022-06-18,HU,quantile,0.550,2571
2022-06-05,2 wk ahead inc case,2022-06-18,IS,quantile,0.550,3280
2022-06-05,2 wk ahead inc case,2022-06-18,IE,quantile,0.550,6984
2022-06-05,2 wk ahead inc case,2022-06-18,IT,quantile,0.550,164741
2022-06-05,2 wk ahead inc case,2022-06-18,LV,quantile,0.550,1831
2022-06-05,2 wk ahead inc case,2022-06-18,LI,quantile,0.550,273
2022-06-05,2 wk ahead inc case,2022-06-18,LT,quantile,0.550,1389
2022-06-05,2 wk ahead inc case,2022-06-18,LU,quantile,0.550,588
2022-06-05,2 wk ahead inc case,2022-06-18,MT,quantile,0.550,1264
2022-06-05,2 wk ahead inc case,2022-06-18,NL,quantile,0.550,21791
2022-06-05,2 wk ahead inc case,2022-06-18,NO,quantile,0.550,4493
2022-06-05,2 wk ahead inc case,2022-06-18,PL,quantile,0.550,1899
2022-06-05,2 wk ahead inc case,2022-06-18,PT,quantile,0.550,196764
2022-06-05,2 wk ahead inc case,2022-06-18,RO,quantile,0.550,2621
2022-06-05,2 wk ahead inc case,2022-06-18,SK,quantile,0.550,1851
2022-06-05,2 wk ahead inc case,2022-06-18,SI,quantile,0.550,2452
2022-06-05,2 wk ahead inc case,2022-06-18,ES,quantile,0.550,91210
2022-06-05,2 wk ahead inc case,2022-06-18,SE,quantile,0.550,3042
2022-06-05,2 wk ahead inc case,2022-06-18,CH,quantile,0.550,15087
2022-06-05,2 wk ahead inc case,2022-06-18,GB,quantile,0.550,64704
2022-06-05,3 wk ahead inc case,2022-06-25,AT,quantile,0.550,40386
2022-06-05,3 wk ahead inc case,2022-06-25,BE,quantile,0.550,24451
2022-06-05,3 wk ahead inc case,2022-06-25,BG,quantile,0.550,1497
2022-06-05,3 wk ahead inc case,2022-06-25,HR,quantile,0.550,565
2022-06-05,3 wk ahead inc case,2022-06-25,CY,quantile,0.550,4046
2022-06-05,3 wk ahead inc case,2022-06-25,CZ,quantile,0.550,2170
2022-06-05,3 wk ahead inc case,2022-06-25,DK,quantile,0.550,16468
2022-06-05,3 wk ahead inc case,2022-06-25,EE,quantile,0.550,1570
2022-06-05,3 wk ahead inc case,2022-06-25,FI,quantile,0.550,16896
2022-06-05,3 wk ahead inc case,2022-06-25,FR,quantile,0.550,219025
2022-06-05,3 wk ahead inc case,2022-06-25,DE,quantile,0.550,390038
2022-06-05,3 wk ahead inc case,2022-06-25,GR,quantile,0.550,47582
2022-06-05,3 wk ahead inc case,2022-06-25,HU,quantile,0.550,2319
2022-06-05,3 wk ahead inc case,2022-06-25,IS,quantile,0.550,5720
2022-06-05,3 wk ahead inc case,2022-06-25,IE,quantile,0.550,7484
2022-06-05,3 wk ahead inc case,2022-06-25,IT,quantile,0.550,171218
2022-06-05,3 wk ahead inc case,2022-06-25,LV,quantile,0.550,2132
2022-06-05,3 wk ahead inc case,2022-06-25,LI,quantile,0.550,455
2022-06-05,3 wk ahead inc case,2022-06-25,LT,quantile,0.550,1633
2022-06-05,3 wk ahead inc case,2022-06-25,LU,quantile,0.550,499
2022-06-05,3 wk ahead inc case,2022-06-25,MT,quantile,0.550,1748
2022-06-05,3 wk ahead inc case,2022-06-25,NL,quantile,0.550,30380
2022-06-05,3 wk ahead inc case,2022-06-25,NO,quantile,0.550,6693
2022-06-05,3 wk ahead inc case,2022-06-25,PL,quantile,0.550,1971
2022-06-05,3 wk ahead inc case,2022-06-25,PT,quantile,0.550,203044
2022-06-05,3 wk ahead inc case,2022-06-25,RO,quantile,0.550,2685
2022-06-05,3 wk ahead inc case,2022-06-25,SK,quantile,0.550,1874
2022-06-05,3 wk ahead inc case,2022-06-25,SI,quantile,0.550,2596
2022-06-05,3 wk ahead inc case,2022-06-25,ES,quantile,0.550,106365
2022-06-05,3 wk ahead inc case,2022-06-25,SE,quantile,0.550,4473
2022-06-05,3 wk ahead inc case,2022-06-25,CH,quantile,0.550,20853
2022-06-05,3 wk ahead inc case,2022-06-25,GB,quantile,0.550,83163
2022-06-05,4 wk ahead inc case,2022-07-02,AT,quantile,0.550,55387
2022-06-05,4 wk ahead inc case,2022-07-02,BE,quantile,0.550,37477
2022-06-05,4 wk ahead inc case,2022-07-02,BG,quantile,0.550,1848
2022-06-05,4 wk ahead inc case,2022-07-02,HR,quantile,0.550,603
2022-06-05,4 wk ahead inc case,2022-07-02,CY,quantile,0.550,5499
2022-06-05,4 wk ahead inc case,2022-07-02,CZ,quantile,0.550,2328
2022-06-05,4 wk ahead inc case,2022-07-02,DK,quantile,0.550,29261
2022-06-05,4 wk ahead inc case,2022-07-02,EE,quantile,0.550,1892
2022-06-05,4 wk ahead inc case,2022-07-02,FI,quantile,0.550,18439
2022-06-05,4 wk ahead inc case,2022-07-02,FR,quantile,0.550,265057
2022-06-05,4 wk ahead inc case,2022-07-02,DE,quantile,0.550,560428
2022-06-05,4 wk ahead inc case,2022-07-02,GR,quantile,0.550,57367
2022-06-05,4 wk ahead inc case,2022-07-02,HU,quantile,0.550,2582
2022-06-05,4 wk ahead inc case,2022-07-02,IS,quantile,0.550,7913
2022-06-05,4 wk ahead inc case,2022-07-02,IE,quantile,0.550,7618
2022-06-05,4 wk ahead inc case,2022-07-02,IT,quantile,0.550,179228
2022-06-05,4 wk ahead inc case,2022-07-02,LV,quantile,0.550,2600
2022-06-05,4 wk ahead inc case,2022-07-02,LI,quantile,0.550,687
2022-06-05,4 wk ahead inc case,2022-07-02,LT,quantile,0.550,2169
2022-06-05,4 wk ahead inc case,2022-07-02,LU,quantile,0.550,441
2022-06-05,4 wk ahead inc case,2022-07-02,MT,quantile,0.550,2708
2022-06-05,4 wk ahead inc case,2022-07-02,NL,quantile,0.550,48329
2022-06-05,4 wk ahead inc case,2022-07-02,NO,quantile,0.550,10106
2022-06-05,4 wk ahead inc case,2022-07-02,PL,quantile,0.550,2220
2022-06-05,4 wk ahead inc case,2022-07-02,PT,quantile,0.550,201877
2022-06-05,4 wk ahead inc case,2022-07-02,RO,quantile,0.550,3382
2022-06-05,4 wk ahead inc case,2022-07-02,SK,quantile,0.550,2005
2022-06-05,4 wk ahead inc case,2022-07-02,SI,quantile,0.550,2987
2022-06-05,4 wk ahead inc case,2022-07-02,ES,quantile,0.550,130205
2022-06-05,4 wk ahead inc case,2022-07-02,SE,quantile,0.550,6949
2022-06-05,4 wk ahead inc case,2022-07-02,CH,quantile,0.550,35642
2022-06-05,4 wk ahead inc case,2022-07-02,GB,quantile,0.550,109593
2022-06-05,5 wk ahead inc case,2022-07-09,AT,quantile,0.550,80406
2022-06-05,5 wk ahead inc case,2022-07-09,BE,quantile,0.550,48023
2022-06-05,5 wk ahead inc case,2022-07-09,BG,quantile,0.550,2567
2022-06-05,5 wk ahead inc case,2022-07-09,HR,quantile,0.550,809
2022-06-05,5 wk ahead inc case,2022-07-09,CY,quantile,0.550,8197
2022-06-05,5 wk ahead inc case,2022-07-09,CZ,quantile,0.550,2788
2022-06-05,5 wk ahead inc case,2022-07-09,DK,quantile,0.550,54549
2022-06-05,5 wk ahead inc case,2022-07-09,EE,quantile,0.550,2456
2022-06-05,5 wk ahead inc case,2022-07-09,FI,quantile,0.550,24464
2022-06-05,5 wk ahead inc case,2022-07-09,FR,quantile,0.550,326593
2022-06-05,5 wk ahead inc case,2022-07-09,DE,quantile,0.550,738454
2022-06-05,5 wk ahead inc case,2022-07-09,GR,quantile,0.550,72293
2022-06-05,5 wk ahead inc case,2022-07-09,HU,quantile,0.550,2341
2022-06-05,5 wk ahead inc case,2022-07-09,IS,quantile,0.550,9201
2022-06-05,5 wk ahead inc case,2022-07-09,IE,quantile,0.550,8848
2022-06-05,5 wk ahead inc case,2022-07-09,IT,quantile,0.550,211527
2022-06-05,5 wk ahead inc case,2022-07-09,LV,quantile,0.550,3610
2022-06-05,5 wk ahead inc case,2022-07-09,LI,quantile,0.550,1130
2022-06-05,5 wk ahead inc case,2022-07-09,LT,quantile,0.550,3017
2022-06-05,5 wk ahead inc case,2022-07-09,LU,quantile,0.550,407
2022-06-05,5 wk ahead inc case,2022-07-09,MT,quantile,0.550,4563
2022-06-05,5 wk ahead inc case,2022-07-09,NL,quantile,0.550,83147
2022-06-05,5 wk ahead inc case,2022-07-09,NO,quantile,0.550,15899
2022-06-05,5 wk ahead inc case,2022-07-09,PL,quantile,0.550,2308
2022-06-05,5 wk ahead inc case,2022-07-09,PT,quantile,0.550,191481
2022-06-05,5 wk ahead inc case,2022-07-09,RO,quantile,0.550,4252
2022-06-05,5 wk ahead inc case,2022-07-09,SK,quantile,0.550,2296
2022-06-05,5 wk ahead inc case,2022-07-09,SI,quantile,0.550,3522
2022-06-05,5 wk ahead inc case,2022-07-09,ES,quantile,0.550,167694
2022-06-05,5 wk ahead inc case,2022-07-09,SE,quantile,0.550,12534
2022-06-05,5 wk ahead inc case,2022-07-09,CH,quantile,0.550,60312
2022-06-05,5 wk ahead inc case,2022-07-09,GB,quantile,0.550,157398
2022-06-05,1 wk ahead inc case,2022-06-11,AT,quantile,0.600,30478
2022-06-05,1 wk ahead inc case,2022-06-11,BE,quantile,0.600,19298
2022-06-05,1 wk ahead inc case,2022-06-11,BG,quantile,0.600,1680
2022-06-05,1 wk ahead inc case,2022-06-11,HR,quantile,0.600,971
2022-06-05,1 wk ahead inc case,2022-06-11,CY,quantile,0.600,3389
2022-06-05,1 wk ahead inc case,2022-06-11,CZ,quantile,0.600,2255
2022-06-05,1 wk ahead inc case,2022-06-11,DK,quantile,0.600,7683
2022-06-05,1 wk ahead inc case,2022-06-11,EE,quantile,0.600,1373
2022-06-05,1 wk ahead inc case,2022-06-11,FI,quantile,0.600,16984
2022-06-05,1 wk ahead inc case,2022-06-11,FR,quantile,0.600,160405
2022-06-05,1 wk ahead inc case,2022-06-11,DE,quantile,0.600,378314
2022-06-05,1 wk ahead inc case,2022-06-11,GR,quantile,0.600,39133
2022-06-05,1 wk ahead inc case,2022-06-11,HU,quantile,0.600,3117
2022-06-05,1 wk ahead inc case,2022-06-11,IS,quantile,0.600,2301
2022-06-05,1 wk ahead inc case,2022-06-11,IE,quantile,0.600,8034
2022-06-05,1 wk ahead inc case,2022-06-11,IT,quantile,0.600,184038
2022-06-05,1 wk ahead inc case,2022-06-11,LV,quantile,0.600,1777
2022-06-05,1 wk ahead inc case,2022-06-11,LI,quantile,0.600,188
2022-06-05,1 wk ahead inc case,2022-06-11,LT,quantile,0.600,1329
2022-06-05,1 wk ahead inc case,2022-06-11,LU,quantile,0.600,704
2022-06-05,1 wk ahead inc case,2022-06-11,MT,quantile,0.600,1085
2022-06-05,1 wk ahead inc case,2022-06-11,NL,quantile,0.600,16488
2022-06-05,1 wk ahead inc case,2022-06-11,NO,quantile,0.600,3539
2022-06-05,1 wk ahead inc case,2022-06-11,PL,quantile,0.600,2157
2022-06-05,1 wk ahead inc case,2022-06-11,PT,quantile,0.600,186362
2022-06-05,1 wk ahead inc case,2022-06-11,RO,quantile,0.600,3037
2022-06-05,1 wk ahead inc case,2022-06-11,SK,quantile,0.600,1948
2022-06-05,1 wk ahead inc case,2022-06-11,SI,quantile,0.600,2761
2022-06-05,1 wk ahead inc case,2022-06-11,ES,quantile,0.600,84063
2022-06-05,1 wk ahead inc case,2022-06-11,SE,quantile,0.600,2496
2022-06-05,1 wk ahead inc case,2022-06-11,CH,quantile,0.600,13695
2022-06-05,1 wk ahead inc case,2022-06-11,GB,quantile,0.600,57412
2022-06-05,2 wk ahead inc case,2022-06-18,AT,quantile,0.600,34159
2022-06-05,2 wk ahead inc case,2022-06-18,BE,quantile,0.600,21780
2022-06-05,2 wk ahead inc case,2022-06-18,BG,quantile,0.600,1462
2022-06-05,2 wk ahead inc case,2022-06-18,HR,quantile,0.600,644
2022-06-05,2 wk ahead inc case,2022-06-18,CY,quantile,0.600,3424
2022-06-05,2 wk ahead inc case,2022-06-18,CZ,quantile,0.600,2170
2022-06-05,2 wk ahead inc case,2022-06-18,DK,quantile,0.600,10818
2022-06-05,2 wk ahead inc case,2022-06-18,EE,quantile,0.600,1420
2022-06-05,2 wk ahead inc case,2022-06-18,FI,quantile,0.600,16370
2022-06-05,2 wk ahead inc case,2022-06-18,FR,quantile,0.600,189754
2022-06-05,2 wk ahead inc case,2022-06-18,DE,quantile,0.600,397484
2022-06-05,2 wk ahead inc case,2022-06-18,GR,quantile,0.600,40776
2022-06-05,2 wk ahead inc case,2022-06-18,HU,quantile,0.600,2588
2022-06-05,2 wk ahead inc case,2022-06-18,IS,quantile,0.600,3295
2022-06-05,2 wk ahead inc case,2022-06-18,IE,quantile,0.600,7477
2022-06-05,2 wk ahead inc case,2022-06-18,IT,quantile,0.600,173106
2022-06-05,2 wk ahead inc case,2022-06-18,LV,quantile,0.600,1844
2022-06-05,2 wk ahead inc case,2022-06-18,LI,quantile,0.600,274
2022-06-05,2 wk ahead inc case,2022-06-18,LT,quantile,0.600,1479
2022-06-05,2 wk ahead inc case,2022-06-18,LU,quantile,0.600,592
2022-06-05,2 wk ahead inc case,2022-06-18,MT,quantile,0.600,1318
2022-06-05,2 wk ahead inc case,2022-06-18,NL,quantile,0.600,22009
2022-06-05,2 wk ahead inc case,2022-06-18,NO,quantile,0.600,4543
2022-06-05,2 wk ahead inc case,2022-06-18,PL,quantile,0.600,1922
2022-06-05,2 wk ahead inc case,2022-06-18,PT,quantile,0.600,197323
2022-06-05,2 wk ahead inc case,2022-06-18,RO,quantile,0.600,2627
2022-06-05,2 wk ahead inc case,2022-06-18,SK,quantile,0.600,1856
2022-06-05,2 wk ahead inc case,2022-06-18,SI,quantile,0.600,2683
2022-06-05,2 wk ahead inc case,2022-06-18,ES,quantile,0.600,92398
2022-06-05,2 wk ahead inc case,2022-06-18,SE,quantile,0.600,3062
2022-06-05,2 wk ahead inc case,2022-06-18,CH,quantile,0.600,16006
2022-06-05,2 wk ahead inc case,2022-06-18,GB,quantile,0.600,66286
2022-06-05,3 wk ahead inc case,2022-06-25,AT,quantile,0.600,41246
2022-06-05,3 wk ahead inc case,2022-06-25,BE,quantile,0.600,25570
2022-06-05,3 wk ahead inc case,2022-06-25,BG,quantile,0.600,1509
2022-06-05,3 wk ahead inc case,2022-06-25,HR,quantile,0.600,713
2022-06-05,3 wk ahead inc case,2022-06-25,CY,quantile,0.600,4066
2022-06-05,3 wk ahead inc case,2022-06-25,CZ,quantile,0.600,2186
2022-06-05,3 wk ahead inc case,2022-06-25,DK,quantile,0.600,17397
2022-06-05,3 wk ahead inc case,2022-06-25,EE,quantile,0.600,1647
2022-06-05,3 wk ahead inc case,2022-06-25,FI,quantile,0.600,16997
2022-06-05,3 wk ahead inc case,2022-06-25,FR,quantile,0.600,229843
2022-06-05,3 wk ahead inc case,2022-06-25,DE,quantile,0.600,402099
2022-06-05,3 wk ahead inc case,2022-06-25,GR,quantile,0.600,48966
2022-06-05,3 wk ahead inc case,2022-06-25,HU,quantile,0.600,2322
2022-06-05,3 wk ahead inc case,2022-06-25,IS,quantile,0.600,5735
2022-06-05,3 wk ahead inc case,2022-06-25,IE,quantile,0.600,7701
2022-06-05,3 wk ahead inc case,2022-06-25,IT,quantile,0.600,183357
2022-06-05,3 wk ahead inc case,2022-06-25,LV,quantile,0.600,2144
2022-06-05,3 wk ahead inc case,2022-06-25,LI,quantile,0.600,456
2022-06-05,3 wk ahead inc case,2022-06-25,LT,quantile,0.600,1747
2022-06-05,3 wk ahead inc case,2022-06-25,LU,quantile,0.600,504
2022-06-05,3 wk ahead inc case,2022-06-25,MT,quantile,0.600,1753
2022-06-05,3 wk ahead inc case,2022-06-25,NL,quantile,0.600,30574
2022-06-05,3 wk ahead inc case,2022-06-25,NO,quantile,0.600,6771
2022-06-05,3 wk ahead inc case,2022-06-25,PL,quantile,0.600,1998
2022-06-05,3 wk ahead inc case,2022-06-25,PT,quantile,0.600,205101
2022-06-05,3 wk ahead inc case,2022-06-25,RO,quantile,0.600,2702
2022-06-05,3 wk ahead inc case,2022-06-25,SK,quantile,0.600,1913
2022-06-05,3 wk ahead inc case,2022-06-25,SI,quantile,0.600,2814
2022-06-05,3 wk ahead inc case,2022-06-25,ES,quantile,0.600,106888
2022-06-05,3 wk ahead inc case,2022-06-25,SE,quantile,0.600,4539
2022-06-05,3 wk ahead inc case,2022-06-25,CH,quantile,0.600,21445
2022-06-05,3 wk ahead inc case,2022-06-25,GB,quantile,0.600,86573
2022-06-05,4 wk ahead inc case,2022-07-02,AT,quantile,0.600,58033
2022-06-05,4 wk ahead inc case,2022-07-02,BE,quantile,0.600,38521
2022-06-05,4 wk ahead inc case,2022-07-02,BG,quantile,0.600,1902
2022-06-05,4 wk ahead inc case,2022-07-02,HR,quantile,0.600,736
2022-06-05,4 wk ahead inc case,2022-07-02,CY,quantile,0.600,5519
2022-06-05,4 wk ahead inc case,2022-07-02,CZ,quantile,0.600,2591
2022-06-05,4 wk ahead inc case,2022-07-02,DK,quantile,0.600,29875
2022-06-05,4 wk ahead inc case,2022-07-02,EE,quantile,0.600,1944
2022-06-05,4 wk ahead inc case,2022-07-02,FI,quantile,0.600,19972
2022-06-05,4 wk ahead inc case,2022-07-02,FR,quantile,0.600,283401
2022-06-05,4 wk ahead inc case,2022-07-02,DE,quantile,0.600,561728
2022-06-05,4 wk ahead inc case,2022-07-02,GR,quantile,0.600,57764
2022-06-05,4 wk ahead inc case,2022-07-02,HU,quantile,0.600,2589
2022-06-05,4 wk ahead inc case,2022-07-02,IS,quantile,0.600,7928
2022-06-05,4 wk ahead inc case,2022-07-02,IE,quantile,0.600,7881
2022-06-05,4 wk ahead inc case,2022-07-02,IT,quantile,0.600,198966
2022-06-05,4 wk ahead inc case,2022-07-02,LV,quantile,0.600,2631
2022-06-05,4 wk ahead inc case,2022-07-02,LI,quantile,0.600,697
2022-06-05,4 wk ahead inc case,2022-07-02,LT,quantile,0.600,2195
2022-06-05,4 wk ahead inc case,2022-07-02,LU,quantile,0.600,443
2022-06-05,4 wk ahead inc case,2022-07-02,MT,quantile,0.600,2729
2022-06-05,4 wk ahead inc case,2022-07-02,NL,quantile,0.600,48342
2022-06-05,4 wk ahead inc case,2022-07-02,NO,quantile,0.600,10112
2022-06-05,4 wk ahead inc case,2022-07-02,PL,quantile,0.600,2346
2022-06-05,4 wk ahead inc case,2022-07-02,PT,quantile,0.600,202531
2022-06-05,4 wk ahead inc case,2022-07-02,RO,quantile,0.600,3404
2022-06-05,4 wk ahead inc case,2022-07-02,SK,quantile,0.600,2018
2022-06-05,4 wk ahead inc case,2022-07-02,SI,quantile,0.600,3097
2022-06-05,4 wk ahead inc case,2022-07-02,ES,quantile,0.600,134786
2022-06-05,4 wk ahead inc case,2022-07-02,SE,quantile,0.600,7062
2022-06-05,4 wk ahead inc case,2022-07-02,CH,quantile,0.600,36234
2022-06-05,4 wk ahead inc case,2022-07-02,GB,quantile,0.600,113323
2022-06-05,5 wk ahead inc case,2022-07-09,AT,quantile,0.600,82631
2022-06-05,5 wk ahead inc case,2022-07-09,BE,quantile,0.600,49068
2022-06-05,5 wk ahead inc case,2022-07-09,BG,quantile,0.600,2612
2022-06-05,5 wk ahead inc case,2022-07-09,HR,quantile,0.600,849
2022-06-05,5 wk ahead inc case,2022-07-09,CY,quantile,0.600,8227
2022-06-05,5 wk ahead inc case,2022-07-09,CZ,quantile,0.600,3086
2022-06-05,5 wk ahead inc case,2022-07-09,DK,quantile,0.600,55675
2022-06-05,5 wk ahead inc case,2022-07-09,EE,quantile,0.600,2579
2022-06-05,5 wk ahead inc case,2022-07-09,FI,quantile,0.600,24723
2022-06-05,5 wk ahead inc case,2022-07-09,FR,quantile,0.600,353715
2022-06-05,5 wk ahead inc case,2022-07-09,DE,quantile,0.600,767174
2022-06-05,5 wk ahead inc case,2022-07-09,GR,quantile,0.600,72460
2022-06-05,5 wk ahead inc case,2022-07-09,HU,quantile,0.600,2414
2022-06-05,5 wk ahead inc case,2022-07-09,IS,quantile,0.600,9216
2022-06-05,5 wk ahead inc case,2022-07-09,IE,quantile,0.600,10025
2022-06-05,5 wk ahead inc case,2022-07-09,IT,quantile,0.600,245809
2022-06-05,5 wk ahead inc case,2022-07-09,LV,quantile,0.600,3674
2022-06-05,5 wk ahead inc case,2022-07-09,LI,quantile,0.600,1141
2022-06-05,5 wk ahead inc case,2022-07-09,LT,quantile,0.600,3019
2022-06-05,5 wk ahead inc case,2022-07-09,LU,quantile,0.600,424
2022-06-05,5 wk ahead inc case,2022-07-09,MT,quantile,0.600,4652
2022-06-05,5 wk ahead inc case,2022-07-09,NL,quantile,0.600,85831
2022-06-05,5 wk ahead inc case,2022-07-09,NO,quantile,0.600,15961
2022-06-05,5 wk ahead inc case,2022-07-09,PL,quantile,0.600,2373
2022-06-05,5 wk ahead inc case,2022-07-09,PT,quantile,0.600,191539
2022-06-05,5 wk ahead inc case,2022-07-09,RO,quantile,0.600,4572
2022-06-05,5 wk ahead inc case,2022-07-09,SK,quantile,0.600,2470
2022-06-05,5 wk ahead inc case,2022-07-09,SI,quantile,0.600,3707
2022-06-05,5 wk ahead inc case,2022-07-09,ES,quantile,0.600,171199
2022-06-05,5 wk ahead inc case,2022-07-09,SE,quantile,0.600,12829
2022-06-05,5 wk ahead inc case,2022-07-09,CH,quantile,0.600,60905
2022-06-05,5 wk ahead inc case,2022-07-09,GB,quantile,0.600,159925
2022-06-05,1 wk ahead inc case,2022-06-11,AT,quantile,0.650,30494
2022-06-05,1 wk ahead inc case,2022-06-11,BE,quantile,0.650,19633
2022-06-05,1 wk ahead inc case,2022-06-11,BG,quantile,0.650,1688
2022-06-05,1 wk ahead inc case,2022-06-11,HR,quantile,0.650,973
2022-06-05,1 wk ahead inc case,2022-06-11,CY,quantile,0.650,3426
2022-06-05,1 wk ahead inc case,2022-06-11,CZ,quantile,0.650,2258
2022-06-05,1 wk ahead inc case,2022-06-11,DK,quantile,0.650,7683
2022-06-05,1 wk ahead inc case,2022-06-11,EE,quantile,0.650,1386
2022-06-05,1 wk ahead inc case,2022-06-11,FI,quantile,0.650,17210
2022-06-05,1 wk ahead inc case,2022-06-11,FR,quantile,0.650,160572
2022-06-05,1 wk ahead inc case,2022-06-11,DE,quantile,0.650,419288
2022-06-05,1 wk ahead inc case,2022-06-11,GR,quantile,0.650,39203
2022-06-05,1 wk ahead inc case,2022-06-11,HU,quantile,0.650,3127
2022-06-05,1 wk ahead inc case,2022-06-11,IS,quantile,0.650,2330
2022-06-05,1 wk ahead inc case,2022-06-11,IE,quantile,0.650,8169
2022-06-05,1 wk ahead inc case,2022-06-11,IT,quantile,0.650,185109
2022-06-05,1 wk ahead inc case,2022-06-11,LV,quantile,0.650,1800
2022-06-05,1 wk ahead inc case,2022-06-11,LI,quantile,0.650,189
2022-06-05,1 wk ahead inc case,2022-06-11,LT,quantile,0.650,1339
2022-06-05,1 wk ahead inc case,2022-06-11,LU,quantile,0.650,1007
2022-06-05,1 wk ahead inc case,2022-06-11,MT,quantile,0.650,1096
2022-06-05,1 wk ahead inc case,2022-06-11,NL,quantile,0.650,16898
2022-06-05,1 wk ahead inc case,2022-06-11,NO,quantile,0.650,3582
2022-06-05,1 wk ahead inc case,2022-06-11,PL,quantile,0.650,2160
2022-06-05,1 wk ahead inc case,2022-06-11,PT,quantile,0.650,186362
2022-06-05,1 wk ahead inc case,2022-06-11,RO,quantile,0.650,3039
2022-06-05,1 wk ahead inc case,2022-06-11,SK,quantile,0.650,1962
2022-06-05,1 wk ahead inc case,2022-06-11,SI,quantile,0.650,2917
2022-06-05,1 wk ahead inc case,2022-06-11,ES,quantile,0.650,84428
2022-06-05,1 wk ahead inc case,2022-06-11,SE,quantile,0.650,2546
2022-06-05,1 wk ahead inc case,2022-06-11,CH,quantile,0.650,14090
2022-06-05,1 wk ahead inc case,2022-06-11,GB,quantile,0.650,58528
2022-06-05,2 wk ahead inc case,2022-06-18,AT,quantile,0.650,34159
2022-06-05,2 wk ahead inc case,2022-06-18,BE,quantile,0.650,22596
2022-06-05,2 wk ahead inc case,2022-06-18,BG,quantile,0.650,1478
2022-06-05,2 wk ahead inc case,2022-06-18,HR,quantile,0.650,647
2022-06-05,2 wk ahead inc case,2022-06-18,CY,quantile,0.650,3430
2022-06-05,2 wk ahead inc case,2022-06-18,CZ,quantile,0.650,2175
2022-06-05,2 wk ahead inc case,2022-06-18,DK,quantile,0.650,10818
2022-06-05,2 wk ahead inc case,2022-06-18,EE,quantile,0.650,1420
2022-06-05,2 wk ahead inc case,2022-06-18,FI,quantile,0.650,16426
2022-06-05,2 wk ahead inc case,2022-06-18,FR,quantile,0.650,191279
2022-06-05,2 wk ahead inc case,2022-06-18,DE,quantile,0.650,402606
2022-06-05,2 wk ahead inc case,2022-06-18,GR,quantile,0.650,40943
2022-06-05,2 wk ahead inc case,2022-06-18,HU,quantile,0.650,2605
2022-06-05,2 wk ahead inc case,2022-06-18,IS,quantile,0.650,3310
2022-06-05,2 wk ahead inc case,2022-06-18,IE,quantile,0.650,7745
2022-06-05,2 wk ahead inc case,2022-06-18,IT,quantile,0.650,175083
2022-06-05,2 wk ahead inc case,2022-06-18,LV,quantile,0.650,1895
2022-06-05,2 wk ahead inc case,2022-06-18,LI,quantile,0.650,277
2022-06-05,2 wk ahead inc case,2022-06-18,LT,quantile,0.650,1500
2022-06-05,2 wk ahead inc case,2022-06-18,LU,quantile,0.650,883
2022-06-05,2 wk ahead inc case,2022-06-18,MT,quantile,0.650,1344
2022-06-05,2 wk ahead inc case,2022-06-18,NL,quantile,0.650,22641
2022-06-05,2 wk ahead inc case,2022-06-18,NO,quantile,0.650,4566
2022-06-05,2 wk ahead inc case,2022-06-18,PL,quantile,0.650,1928
2022-06-05,2 wk ahead inc case,2022-06-18,PT,quantile,0.650,197323
2022-06-05,2 wk ahead inc case,2022-06-18,RO,quantile,0.650,2630
2022-06-05,2 wk ahead inc case,2022-06-18,SK,quantile,0.650,1876
2022-06-05,2 wk ahead inc case,2022-06-18,SI,quantile,0.650,2864
2022-06-05,2 wk ahead inc case,2022-06-18,ES,quantile,0.650,92416
2022-06-05,2 wk ahead inc case,2022-06-18,SE,quantile,0.650,3223
2022-06-05,2 wk ahead inc case,2022-06-18,CH,quantile,0.650,16260
2022-06-05,2 wk ahead inc case,2022-06-18,GB,quantile,0.650,69042
2022-06-05,3 wk ahead inc case,2022-06-25,AT,quantile,0.650,41246
2022-06-05,3 wk ahead inc case,2022-06-25,BE,quantile,0.650,26464
2022-06-05,3 wk ahead inc case,2022-06-25,BG,quantile,0.650,1532
2022-06-05,3 wk ahead inc case,2022-06-25,HR,quantile,0.650,717
2022-06-05,3 wk ahead inc case,2022-06-25,CY,quantile,0.650,4086
2022-06-05,3 wk ahead inc case,2022-06-25,CZ,quantile,0.650,2195
2022-06-05,3 wk ahead inc case,2022-06-25,DK,quantile,0.650,17456
2022-06-05,3 wk ahead inc case,2022-06-25,EE,quantile,0.650,1648
2022-06-05,3 wk ahead inc case,2022-06-25,FI,quantile,0.650,17162
2022-06-05,3 wk ahead inc case,2022-06-25,FR,quantile,0.650,237752
2022-06-05,3 wk ahead inc case,2022-06-25,DE,quantile,0.650,405807
2022-06-05,3 wk ahead inc case,2022-06-25,GR,quantile,0.650,49055
2022-06-05,3 wk ahead inc case,2022-06-25,HU,quantile,0.650,2384
2022-06-05,3 wk ahead inc case,2022-06-25,IS,quantile,0.650,5750
2022-06-05,3 wk ahead inc case,2022-06-25,IE,quantile,0.650,8003
2022-06-05,3 wk ahead inc case,2022-06-25,IT,quantile,0.650,183880
2022-06-05,3 wk ahead inc case,2022-06-25,LV,quantile,0.650,2146
2022-06-05,3 wk ahead inc case,2022-06-25,LI,quantile,0.650,456
2022-06-05,3 wk ahead inc case,2022-06-25,LT,quantile,0.650,1757
2022-06-05,3 wk ahead inc case,2022-06-25,LU,quantile,0.650,743
2022-06-05,3 wk ahead inc case,2022-06-25,MT,quantile,0.650,1774
2022-06-05,3 wk ahead inc case,2022-06-25,NL,quantile,0.650,30767
2022-06-05,3 wk ahead inc case,2022-06-25,NO,quantile,0.650,6793
2022-06-05,3 wk ahead inc case,2022-06-25,PL,quantile,0.650,2068
2022-06-05,3 wk ahead inc case,2022-06-25,PT,quantile,0.650,205101
2022-06-05,3 wk ahead inc case,2022-06-25,RO,quantile,0.650,2717
2022-06-05,3 wk ahead inc case,2022-06-25,SK,quantile,0.650,1982
2022-06-05,3 wk ahead inc case,2022-06-25,SI,quantile,0.650,2881
2022-06-05,3 wk ahead inc case,2022-06-25,ES,quantile,0.650,108883
2022-06-05,3 wk ahead inc case,2022-06-25,SE,quantile,0.650,4619
2022-06-05,3 wk ahead inc case,2022-06-25,CH,quantile,0.650,22038
2022-06-05,3 wk ahead inc case,2022-06-25,GB,quantile,0.650,87159
2022-06-05,4 wk ahead inc case,2022-07-02,AT,quantile,0.650,58033
2022-06-05,4 wk ahead inc case,2022-07-02,BE,quantile,0.650,39566
2022-06-05,4 wk ahead inc case,2022-07-02,BG,quantile,0.650,1950
2022-06-05,4 wk ahead inc case,2022-07-02,HR,quantile,0.650,756
2022-06-05,4 wk ahead inc case,2022-07-02,CY,quantile,0.650,5539
2022-06-05,4 wk ahead inc case,2022-07-02,CZ,quantile,0.650,2706
2022-06-05,4 wk ahead inc case,2022-07-02,DK,quantile,0.650,30821
2022-06-05,4 wk ahead inc case,2022-07-02,EE,quantile,0.650,1980
2022-06-05,4 wk ahead inc case,2022-07-02,FI,quantile,0.650,20895
2022-06-05,4 wk ahead inc case,2022-07-02,FR,quantile,0.650,299747
2022-06-05,4 wk ahead inc case,2022-07-02,DE,quantile,0.650,564808
2022-06-05,4 wk ahead inc case,2022-07-02,GR,quantile,0.650,58630
2022-06-05,4 wk ahead inc case,2022-07-02,HU,quantile,0.650,2614
2022-06-05,4 wk ahead inc case,2022-07-02,IS,quantile,0.650,7943
2022-06-05,4 wk ahead inc case,2022-07-02,IE,quantile,0.650,7911
2022-06-05,4 wk ahead inc case,2022-07-02,IT,quantile,0.650,202294
2022-06-05,4 wk ahead inc case,2022-07-02,LV,quantile,0.650,2664
2022-06-05,4 wk ahead inc case,2022-07-02,LI,quantile,0.650,705
2022-06-05,4 wk ahead inc case,2022-07-02,LT,quantile,0.650,2207
2022-06-05,4 wk ahead inc case,2022-07-02,LU,quantile,0.650,655
2022-06-05,4 wk ahead inc case,2022-07-02,MT,quantile,0.650,2771
2022-06-05,4 wk ahead inc case,2022-07-02,NL,quantile,0.650,48356
2022-06-05,4 wk ahead inc case,2022-07-02,NO,quantile,0.650,10767
2022-06-05,4 wk ahead inc case,2022-07-02,PL,quantile,0.650,2354
2022-06-05,4 wk ahead inc case,2022-07-02,PT,quantile,0.650,203084
2022-06-05,4 wk ahead inc case,2022-07-02,RO,quantile,0.650,3433
2022-06-05,4 wk ahead inc case,2022-07-02,SK,quantile,0.650,2018
2022-06-05,4 wk ahead inc case,2022-07-02,SI,quantile,0.650,3215
2022-06-05,4 wk ahead inc case,2022-07-02,ES,quantile,0.650,137744
2022-06-05,4 wk ahead inc case,2022-07-02,SE,quantile,0.650,7216
2022-06-05,4 wk ahead inc case,2022-07-02,CH,quantile,0.650,36827
2022-06-05,4 wk ahead inc case,2022-07-02,GB,quantile,0.650,114621
2022-06-05,5 wk ahead inc case,2022-07-09,AT,quantile,0.650,83241
2022-06-05,5 wk ahead inc case,2022-07-09,BE,quantile,0.650,50112
2022-06-05,5 wk ahead inc case,2022-07-09,BG,quantile,0.650,2697
2022-06-05,5 wk ahead inc case,2022-07-09,HR,quantile,0.650,870
2022-06-05,5 wk ahead inc case,2022-07-09,CY,quantile,0.650,8516
2022-06-05,5 wk ahead inc case,2022-07-09,CZ,quantile,0.650,3117
2022-06-05,5 wk ahead inc case,2022-07-09,DK,quantile,0.650,59976
2022-06-05,5 wk ahead inc case,2022-07-09,EE,quantile,0.650,2670
2022-06-05,5 wk ahead inc case,2022-07-09,FI,quantile,0.650,24981
2022-06-05,5 wk ahead inc case,2022-07-09,FR,quantile,0.650,379858
2022-06-05,5 wk ahead inc case,2022-07-09,DE,quantile,0.650,794051
2022-06-05,5 wk ahead inc case,2022-07-09,GR,quantile,0.650,72627
2022-06-05,5 wk ahead inc case,2022-07-09,HU,quantile,0.650,2445
2022-06-05,5 wk ahead inc case,2022-07-09,IS,quantile,0.650,9231
2022-06-05,5 wk ahead inc case,2022-07-09,IE,quantile,0.650,10519
2022-06-05,5 wk ahead inc case,2022-07-09,IT,quantile,0.650,250637
2022-06-05,5 wk ahead inc case,2022-07-09,LV,quantile,0.650,3852
2022-06-05,5 wk ahead inc case,2022-07-09,LI,quantile,0.650,1153
2022-06-05,5 wk ahead inc case,2022-07-09,LT,quantile,0.650,3121
2022-06-05,5 wk ahead inc case,2022-07-09,LU,quantile,0.650,601
2022-06-05,5 wk ahead inc case,2022-07-09,MT,quantile,0.650,4977
2022-06-05,5 wk ahead inc case,2022-07-09,NL,quantile,0.650,89237
2022-06-05,5 wk ahead inc case,2022-07-09,NO,quantile,0.650,16282
2022-06-05,5 wk ahead inc case,2022-07-09,PL,quantile,0.650,2433
2022-06-05,5 wk ahead inc case,2022-07-09,PT,quantile,0.650,195037
2022-06-05,5 wk ahead inc case,2022-07-09,RO,quantile,0.650,4919
2022-06-05,5 wk ahead inc case,2022-07-09,SK,quantile,0.650,2525
2022-06-05,5 wk ahead inc case,2022-07-09,SI,quantile,0.650,3727
2022-06-05,5 wk ahead inc case,2022-07-09,ES,quantile,0.650,183920
2022-06-05,5 wk ahead inc case,2022-07-09,SE,quantile,0.650,13659
2022-06-05,5 wk ahead inc case,2022-07-09,CH,quantile,0.650,61497
2022-06-05,5 wk ahead inc case,2022-07-09,GB,quantile,0.650,168148
2022-06-05,1 wk ahead inc case,2022-06-11,AT,quantile,0.700,30499
2022-06-05,1 wk ahead inc case,2022-06-11,BE,quantile,0.700,22080
2022-06-05,1 wk ahead inc case,2022-06-11,BG,quantile,0.700,1689
2022-06-05,1 wk ahead inc case,2022-06-11,HR,quantile,0.700,1313
2022-06-05,1 wk ahead inc case,2022-06-11,CY,quantile,0.700,3441
2022-06-05,1 wk ahead inc case,2022-06-11,CZ,quantile,0.700,2620
2022-06-05,1 wk ahead inc case,2022-06-11,DK,quantile,0.700,8227
2022-06-05,1 wk ahead inc case,2022-06-11,EE,quantile,0.700,1495
2022-06-05,1 wk ahead inc case,2022-06-11,FI,quantile,0.700,17759
2022-06-05,1 wk ahead inc case,2022-06-11,FR,quantile,0.700,160791
2022-06-05,1 wk ahead inc case,2022-06-11,DE,quantile,0.700,423823
2022-06-05,1 wk ahead inc case,2022-06-11,GR,quantile,0.700,41764
2022-06-05,1 wk ahead inc case,2022-06-11,HU,quantile,0.700,3937
2022-06-05,1 wk ahead inc case,2022-06-11,IS,quantile,0.700,2340
2022-06-05,1 wk ahead inc case,2022-06-11,IE,quantile,0.700,9676
2022-06-05,1 wk ahead inc case,2022-06-11,IT,quantile,0.700,221688
2022-06-05,1 wk ahead inc case,2022-06-11,LV,quantile,0.700,1807
2022-06-05,1 wk ahead inc case,2022-06-11,LI,quantile,0.700,225
2022-06-05,1 wk ahead inc case,2022-06-11,LT,quantile,0.700,1374
2022-06-05,1 wk ahead inc case,2022-06-11,LU,quantile,0.700,1023
2022-06-05,1 wk ahead inc case,2022-06-11,MT,quantile,0.700,1124
2022-06-05,1 wk ahead inc case,2022-06-11,NL,quantile,0.700,17116
2022-06-05,1 wk ahead inc case,2022-06-11,NO,quantile,0.700,3791
2022-06-05,1 wk ahead inc case,2022-06-11,PL,quantile,0.700,2539
2022-06-05,1 wk ahead inc case,2022-06-11,PT,quantile,0.700,189562
2022-06-05,1 wk ahead inc case,2022-06-11,RO,quantile,0.700,3042
2022-06-05,1 wk ahead inc case,2022-06-11,SK,quantile,0.700,2327
2022-06-05,1 wk ahead inc case,2022-06-11,SI,quantile,0.700,2937
2022-06-05,1 wk ahead inc case,2022-06-11,ES,quantile,0.700,84531
2022-06-05,1 wk ahead inc case,2022-06-11,SE,quantile,0.700,2706
2022-06-05,1 wk ahead inc case,2022-06-11,CH,quantile,0.700,14362
2022-06-05,1 wk ahead inc case,2022-06-11,GB,quantile,0.700,67699
2022-06-05,2 wk ahead inc case,2022-06-18,AT,quantile,0.700,34564
2022-06-05,2 wk ahead inc case,2022-06-18,BE,quantile,0.700,22864
2022-06-05,2 wk ahead inc case,2022-06-18,BG,quantile,0.700,1482
2022-06-05,2 wk ahead inc case,2022-06-18,HR,quantile,0.700,795
2022-06-05,2 wk ahead inc case,2022-06-18,CY,quantile,0.700,3631
2022-06-05,2 wk ahead inc case,2022-06-18,CZ,quantile,0.700,2347
2022-06-05,2 wk ahead inc case,2022-06-18,DK,quantile,0.700,11239
2022-06-05,2 wk ahead inc case,2022-06-18,EE,quantile,0.700,1543
2022-06-05,2 wk ahead inc case,2022-06-18,FI,quantile,0.700,16585
2022-06-05,2 wk ahead inc case,2022-06-18,FR,quantile,0.700,194305
2022-06-05,2 wk ahead inc case,2022-06-18,DE,quantile,0.700,403009
2022-06-05,2 wk ahead inc case,2022-06-18,GR,quantile,0.700,43900
2022-06-05,2 wk ahead inc case,2022-06-18,HU,quantile,0.700,3365
2022-06-05,2 wk ahead inc case,2022-06-18,IS,quantile,0.700,3568
2022-06-05,2 wk ahead inc case,2022-06-18,IE,quantile,0.700,8219
2022-06-05,2 wk ahead inc case,2022-06-18,IT,quantile,0.700,200363
2022-06-05,2 wk ahead inc case,2022-06-18,LV,quantile,0.700,1898
2022-06-05,2 wk ahead inc case,2022-06-18,LI,quantile,0.700,317
2022-06-05,2 wk ahead inc case,2022-06-18,LT,quantile,0.700,1506
2022-06-05,2 wk ahead inc case,2022-06-18,LU,quantile,0.700,905
2022-06-05,2 wk ahead inc case,2022-06-18,MT,quantile,0.700,1356
2022-06-05,2 wk ahead inc case,2022-06-18,NL,quantile,0.700,22852
2022-06-05,2 wk ahead inc case,2022-06-18,NO,quantile,0.700,4887
2022-06-05,2 wk ahead inc case,2022-06-18,PL,quantile,0.700,2401
2022-06-05,2 wk ahead inc case,2022-06-18,PT,quantile,0.700,200894
2022-06-05,2 wk ahead inc case,2022-06-18,RO,quantile,0.700,2636
2022-06-05,2 wk ahead inc case,2022-06-18,SK,quantile,0.700,2124
2022-06-05,2 wk ahead inc case,2022-06-18,SI,quantile,0.700,2884
2022-06-05,2 wk ahead inc case,2022-06-18,ES,quantile,0.700,93238
2022-06-05,2 wk ahead inc case,2022-06-18,SE,quantile,0.700,3337
2022-06-05,2 wk ahead inc case,2022-06-18,CH,quantile,0.700,17752
2022-06-05,2 wk ahead inc case,2022-06-18,GB,quantile,0.700,73185
2022-06-05,3 wk ahead inc case,2022-06-25,AT,quantile,0.700,41846
2022-06-05,3 wk ahead inc case,2022-06-25,BE,quantile,0.700,31085
2022-06-05,3 wk ahead inc case,2022-06-25,BG,quantile,0.700,1537
2022-06-05,3 wk ahead inc case,2022-06-25,HR,quantile,0.700,719
2022-06-05,3 wk ahead inc case,2022-06-25,CY,quantile,0.700,4375
2022-06-05,3 wk ahead inc case,2022-06-25,CZ,quantile,0.700,2332
2022-06-05,3 wk ahead inc case,2022-06-25,DK,quantile,0.700,17476
2022-06-05,3 wk ahead inc case,2022-06-25,EE,quantile,0.700,1675
2022-06-05,3 wk ahead inc case,2022-06-25,FI,quantile,0.700,17252
2022-06-05,3 wk ahead inc case,2022-06-25,FR,quantile,0.700,239221
2022-06-05,3 wk ahead inc case,2022-06-25,DE,quantile,0.700,465716
2022-06-05,3 wk ahead inc case,2022-06-25,GR,quantile,0.700,50732
2022-06-05,3 wk ahead inc case,2022-06-25,HU,quantile,0.700,2916
2022-06-05,3 wk ahead inc case,2022-06-25,IS,quantile,0.700,6008
2022-06-05,3 wk ahead inc case,2022-06-25,IE,quantile,0.700,8120
2022-06-05,3 wk ahead inc case,2022-06-25,IT,quantile,0.700,186786
2022-06-05,3 wk ahead inc case,2022-06-25,LV,quantile,0.700,2160
2022-06-05,3 wk ahead inc case,2022-06-25,LI,quantile,0.700,468
2022-06-05,3 wk ahead inc case,2022-06-25,LT,quantile,0.700,1783
2022-06-05,3 wk ahead inc case,2022-06-25,LU,quantile,0.700,770
2022-06-05,3 wk ahead inc case,2022-06-25,MT,quantile,0.700,1781
2022-06-05,3 wk ahead inc case,2022-06-25,NL,quantile,0.700,30931
2022-06-05,3 wk ahead inc case,2022-06-25,NO,quantile,0.700,7059
2022-06-05,3 wk ahead inc case,2022-06-25,PL,quantile,0.700,2289
2022-06-05,3 wk ahead inc case,2022-06-25,PT,quantile,0.700,205691
2022-06-05,3 wk ahead inc case,2022-06-25,RO,quantile,0.700,2741
2022-06-05,3 wk ahead inc case,2022-06-25,SK,quantile,0.700,1982
2022-06-05,3 wk ahead inc case,2022-06-25,SI,quantile,0.700,2954
2022-06-05,3 wk ahead inc case,2022-06-25,ES,quantile,0.700,110465
2022-06-05,3 wk ahead inc case,2022-06-25,SE,quantile,0.700,4641
2022-06-05,3 wk ahead inc case,2022-06-25,CH,quantile,0.700,24703
2022-06-05,3 wk ahead inc case,2022-06-25,GB,quantile,0.700,87388
2022-06-05,4 wk ahead inc case,2022-07-02,AT,quantile,0.700,58421
2022-06-05,4 wk ahead inc case,2022-07-02,BE,quantile,0.700,44187
2022-06-05,4 wk ahead inc case,2022-07-02,BG,quantile,0.700,1951
2022-06-05,4 wk ahead inc case,2022-07-02,HR,quantile,0.700,1061
2022-06-05,4 wk ahead inc case,2022-07-02,CY,quantile,0.700,5828
2022-06-05,4 wk ahead inc case,2022-07-02,CZ,quantile,0.700,2813
2022-06-05,4 wk ahead inc case,2022-07-02,DK,quantile,0.700,31136
2022-06-05,4 wk ahead inc case,2022-07-02,EE,quantile,0.700,2001
2022-06-05,4 wk ahead inc case,2022-07-02,FI,quantile,0.700,22253
2022-06-05,4 wk ahead inc case,2022-07-02,FR,quantile,0.700,300587
2022-06-05,4 wk ahead inc case,2022-07-02,DE,quantile,0.700,584407
2022-06-05,4 wk ahead inc case,2022-07-02,GR,quantile,0.700,58873
2022-06-05,4 wk ahead inc case,2022-07-02,HU,quantile,0.700,2663
2022-06-05,4 wk ahead inc case,2022-07-02,IS,quantile,0.700,8201
2022-06-05,4 wk ahead inc case,2022-07-02,IE,quantile,0.700,10639
2022-06-05,4 wk ahead inc case,2022-07-02,IT,quantile,0.700,211726
2022-06-05,4 wk ahead inc case,2022-07-02,LV,quantile,0.700,2855
2022-06-05,4 wk ahead inc case,2022-07-02,LI,quantile,0.700,750
2022-06-05,4 wk ahead inc case,2022-07-02,LT,quantile,0.700,2251
2022-06-05,4 wk ahead inc case,2022-07-02,LU,quantile,0.700,685
2022-06-05,4 wk ahead inc case,2022-07-02,MT,quantile,0.700,2818
2022-06-05,4 wk ahead inc case,2022-07-02,NL,quantile,0.700,48574
2022-06-05,4 wk ahead inc case,2022-07-02,NO,quantile,0.700,11002
2022-06-05,4 wk ahead inc case,2022-07-02,PL,quantile,0.700,2493
2022-06-05,4 wk ahead inc case,2022-07-02,PT,quantile,0.700,203268
2022-06-05,4 wk ahead inc case,2022-07-02,RO,quantile,0.700,3458
2022-06-05,4 wk ahead inc case,2022-07-02,SK,quantile,0.700,2168
2022-06-05,4 wk ahead inc case,2022-07-02,SI,quantile,0.700,3217
2022-06-05,4 wk ahead inc case,2022-07-02,ES,quantile,0.700,142080
2022-06-05,4 wk ahead inc case,2022-07-02,SE,quantile,0.700,7236
2022-06-05,4 wk ahead inc case,2022-07-02,CH,quantile,0.700,39492
2022-06-05,4 wk ahead inc case,2022-07-02,GB,quantile,0.700,118554
2022-06-05,5 wk ahead inc case,2022-07-09,AT,quantile,0.700,83445
2022-06-05,5 wk ahead inc case,2022-07-09,BE,quantile,0.700,54733
2022-06-05,5 wk ahead inc case,2022-07-09,BG,quantile,0.700,2807
2022-06-05,5 wk ahead inc case,2022-07-09,HR,quantile,0.700,1590
2022-06-05,5 wk ahead inc case,2022-07-09,CY,quantile,0.700,8572
2022-06-05,5 wk ahead inc case,2022-07-09,CZ,quantile,0.700,3469
2022-06-05,5 wk ahead inc case,2022-07-09,DK,quantile,0.700,61409
2022-06-05,5 wk ahead inc case,2022-07-09,EE,quantile,0.700,2724
2022-06-05,5 wk ahead inc case,2022-07-09,FI,quantile,0.700,26514
2022-06-05,5 wk ahead inc case,2022-07-09,FR,quantile,0.700,380723
2022-06-05,5 wk ahead inc case,2022-07-09,DE,quantile,0.700,897603
2022-06-05,5 wk ahead inc case,2022-07-09,GR,quantile,0.700,75584
2022-06-05,5 wk ahead inc case,2022-07-09,HU,quantile,0.700,3180
2022-06-05,5 wk ahead inc case,2022-07-09,IS,quantile,0.700,9489
2022-06-05,5 wk ahead inc case,2022-07-09,IE,quantile,0.700,16883
2022-06-05,5 wk ahead inc case,2022-07-09,IT,quantile,0.700,266165
2022-06-05,5 wk ahead inc case,2022-07-09,LV,quantile,0.700,4215
2022-06-05,5 wk ahead inc case,2022-07-09,LI,quantile,0.700,1198
2022-06-05,5 wk ahead inc case,2022-07-09,LT,quantile,0.700,3498
2022-06-05,5 wk ahead inc case,2022-07-09,LU,quantile,0.700,635
2022-06-05,5 wk ahead inc case,2022-07-09,MT,quantile,0.700,5156
2022-06-05,5 wk ahead inc case,2022-07-09,NL,quantile,0.700,90688
2022-06-05,5 wk ahead inc case,2022-07-09,NO,quantile,0.700,16695
2022-06-05,5 wk ahead inc case,2022-07-09,PL,quantile,0.700,2935
2022-06-05,5 wk ahead inc case,2022-07-09,PT,quantile,0.700,196203
2022-06-05,5 wk ahead inc case,2022-07-09,RO,quantile,0.700,4968
2022-06-05,5 wk ahead inc case,2022-07-09,SK,quantile,0.700,2685
2022-06-05,5 wk ahead inc case,2022-07-09,SI,quantile,0.700,3747
2022-06-05,5 wk ahead inc case,2022-07-09,ES,quantile,0.700,190558
2022-06-05,5 wk ahead inc case,2022-07-09,SE,quantile,0.700,14182
2022-06-05,5 wk ahead inc case,2022-07-09,CH,quantile,0.700,64162
2022-06-05,5 wk ahead inc case,2022-07-09,GB,quantile,0.700,175989
2022-06-05,1 wk ahead inc case,2022-06-11,AT,quantile,0.750,30648
2022-06-05,1 wk ahead inc case,2022-06-11,BE,quantile,0.750,22171
2022-06-05,1 wk ahead inc case,2022-06-11,BG,quantile,0.750,1701
2022-06-05,1 wk ahead inc case,2022-06-11,HR,quantile,0.750,1332
2022-06-05,1 wk ahead inc case,2022-06-11,CY,quantile,0.750,3445
2022-06-05,1 wk ahead inc case,2022-06-11,CZ,quantile,0.750,2633
2022-06-05,1 wk ahead inc case,2022-06-11,DK,quantile,0.750,8731
2022-06-05,1 wk ahead inc case,2022-06-11,EE,quantile,0.750,1668
2022-06-05,1 wk ahead inc case,2022-06-11,FI,quantile,0.750,18731
2022-06-05,1 wk ahead inc case,2022-06-11,FR,quantile,0.750,162364
2022-06-05,1 wk ahead inc case,2022-06-11,DE,quantile,0.750,424401
2022-06-05,1 wk ahead inc case,2022-06-11,GR,quantile,0.750,49646
2022-06-05,1 wk ahead inc case,2022-06-11,HU,quantile,0.750,3944
2022-06-05,1 wk ahead inc case,2022-06-11,IS,quantile,0.750,2351
2022-06-05,1 wk ahead inc case,2022-06-11,IE,quantile,0.750,9760
2022-06-05,1 wk ahead inc case,2022-06-11,IT,quantile,0.750,222449
2022-06-05,1 wk ahead inc case,2022-06-11,LV,quantile,0.750,2133
2022-06-05,1 wk ahead inc case,2022-06-11,LI,quantile,0.750,230
2022-06-05,1 wk ahead inc case,2022-06-11,LT,quantile,0.750,1536
2022-06-05,1 wk ahead inc case,2022-06-11,LU,quantile,0.750,1027
2022-06-05,1 wk ahead inc case,2022-06-11,MT,quantile,0.750,1288
2022-06-05,1 wk ahead inc case,2022-06-11,NL,quantile,0.750,20347
2022-06-05,1 wk ahead inc case,2022-06-11,NO,quantile,0.750,4334
2022-06-05,1 wk ahead inc case,2022-06-11,PL,quantile,0.750,2703
2022-06-05,1 wk ahead inc case,2022-06-11,PT,quantile,0.750,189567
2022-06-05,1 wk ahead inc case,2022-06-11,RO,quantile,0.750,3133
2022-06-05,1 wk ahead inc case,2022-06-11,SK,quantile,0.750,2328
2022-06-05,1 wk ahead inc case,2022-06-11,SI,quantile,0.750,3170
2022-06-05,1 wk ahead inc case,2022-06-11,ES,quantile,0.750,85021
2022-06-05,1 wk ahead inc case,2022-06-11,SE,quantile,0.750,3032
2022-06-05,1 wk ahead inc case,2022-06-11,CH,quantile,0.750,14510
2022-06-05,1 wk ahead inc case,2022-06-11,GB,quantile,0.750,68519
2022-06-05,2 wk ahead inc case,2022-06-18,AT,quantile,0.750,34828
2022-06-05,2 wk ahead inc case,2022-06-18,BE,quantile,0.750,23062
2022-06-05,2 wk ahead inc case,2022-06-18,BG,quantile,0.750,1503
2022-06-05,2 wk ahead inc case,2022-06-18,HR,quantile,0.750,813
2022-06-05,2 wk ahead inc case,2022-06-18,CY,quantile,0.750,4390
2022-06-05,2 wk ahead inc case,2022-06-18,CZ,quantile,0.750,2392
2022-06-05,2 wk ahead inc case,2022-06-18,DK,quantile,0.750,11248
2022-06-05,2 wk ahead inc case,2022-06-18,EE,quantile,0.750,1639
2022-06-05,2 wk ahead inc case,2022-06-18,FI,quantile,0.750,17397
2022-06-05,2 wk ahead inc case,2022-06-18,FR,quantile,0.750,197927
2022-06-05,2 wk ahead inc case,2022-06-18,DE,quantile,0.750,405093
2022-06-05,2 wk ahead inc case,2022-06-18,GR,quantile,0.750,50892
2022-06-05,2 wk ahead inc case,2022-06-18,HU,quantile,0.750,3379
2022-06-05,2 wk ahead inc case,2022-06-18,IS,quantile,0.750,4929
2022-06-05,2 wk ahead inc case,2022-06-18,IE,quantile,0.750,8421
2022-06-05,2 wk ahead inc case,2022-06-18,IT,quantile,0.750,201791
2022-06-05,2 wk ahead inc case,2022-06-18,LV,quantile,0.750,2107
2022-06-05,2 wk ahead inc case,2022-06-18,LI,quantile,0.750,322
2022-06-05,2 wk ahead inc case,2022-06-18,LT,quantile,0.750,1567
2022-06-05,2 wk ahead inc case,2022-06-18,LU,quantile,0.750,915
2022-06-05,2 wk ahead inc case,2022-06-18,MT,quantile,0.750,1455
2022-06-05,2 wk ahead inc case,2022-06-18,NL,quantile,0.750,24128
2022-06-05,2 wk ahead inc case,2022-06-18,NO,quantile,0.750,5409
2022-06-05,2 wk ahead inc case,2022-06-18,PL,quantile,0.750,2467
2022-06-05,2 wk ahead inc case,2022-06-18,PT,quantile,0.750,201519
2022-06-05,2 wk ahead inc case,2022-06-18,RO,quantile,0.750,2793
2022-06-05,2 wk ahead inc case,2022-06-18,SK,quantile,0.750,2126
2022-06-05,2 wk ahead inc case,2022-06-18,SI,quantile,0.750,2981
2022-06-05,2 wk ahead inc case,2022-06-18,ES,quantile,0.750,94829
2022-06-05,2 wk ahead inc case,2022-06-18,SE,quantile,0.750,3549
2022-06-05,2 wk ahead inc case,2022-06-18,CH,quantile,0.750,18216
2022-06-05,2 wk ahead inc case,2022-06-18,GB,quantile,0.750,75258
2022-06-05,3 wk ahead inc case,2022-06-25,AT,quantile,0.750,42486
2022-06-05,3 wk ahead inc case,2022-06-25,BE,quantile,0.750,36247
2022-06-05,3 wk ahead inc case,2022-06-25,BG,quantile,0.750,1571
2022-06-05,3 wk ahead inc case,2022-06-25,HR,quantile,0.750,738
2022-06-05,3 wk ahead inc case,2022-06-25,CY,quantile,0.750,5232
2022-06-05,3 wk ahead inc case,2022-06-25,CZ,quantile,0.750,2383
2022-06-05,3 wk ahead inc case,2022-06-25,DK,quantile,0.750,18034
2022-06-05,3 wk ahead inc case,2022-06-25,EE,quantile,0.750,1693
2022-06-05,3 wk ahead inc case,2022-06-25,FI,quantile,0.750,17765
2022-06-05,3 wk ahead inc case,2022-06-25,FR,quantile,0.750,246328
2022-06-05,3 wk ahead inc case,2022-06-25,DE,quantile,0.750,466988
2022-06-05,3 wk ahead inc case,2022-06-25,GR,quantile,0.750,53340
2022-06-05,3 wk ahead inc case,2022-06-25,HU,quantile,0.750,2936
2022-06-05,3 wk ahead inc case,2022-06-25,IS,quantile,0.750,9545
2022-06-05,3 wk ahead inc case,2022-06-25,IE,quantile,0.750,8364
2022-06-05,3 wk ahead inc case,2022-06-25,IT,quantile,0.750,189855
2022-06-05,3 wk ahead inc case,2022-06-25,LV,quantile,0.750,2316
2022-06-05,3 wk ahead inc case,2022-06-25,LI,quantile,0.750,470
2022-06-05,3 wk ahead inc case,2022-06-25,LT,quantile,0.750,1806
2022-06-05,3 wk ahead inc case,2022-06-25,LU,quantile,0.750,786
2022-06-05,3 wk ahead inc case,2022-06-25,MT,quantile,0.750,1816
2022-06-05,3 wk ahead inc case,2022-06-25,NL,quantile,0.750,30985
2022-06-05,3 wk ahead inc case,2022-06-25,NO,quantile,0.750,7081
2022-06-05,3 wk ahead inc case,2022-06-25,PL,quantile,0.750,2306
2022-06-05,3 wk ahead inc case,2022-06-25,PT,quantile,0.750,205918
2022-06-05,3 wk ahead inc case,2022-06-25,RO,quantile,0.750,2874
2022-06-05,3 wk ahead inc case,2022-06-25,SK,quantile,0.750,1995
2022-06-05,3 wk ahead inc case,2022-06-25,SI,quantile,0.750,2959
2022-06-05,3 wk ahead inc case,2022-06-25,ES,quantile,0.750,112593
2022-06-05,3 wk ahead inc case,2022-06-25,SE,quantile,0.750,4684
2022-06-05,3 wk ahead inc case,2022-06-25,CH,quantile,0.750,33139
2022-06-05,3 wk ahead inc case,2022-06-25,GB,quantile,0.750,89441
2022-06-05,4 wk ahead inc case,2022-07-02,AT,quantile,0.750,59702
2022-06-05,4 wk ahead inc case,2022-07-02,BE,quantile,0.750,65020
2022-06-05,4 wk ahead inc case,2022-07-02,BG,quantile,0.750,1980
2022-06-05,4 wk ahead inc case,2022-07-02,HR,quantile,0.750,1069
2022-06-05,4 wk ahead inc case,2022-07-02,CY,quantile,0.750,6546
2022-06-05,4 wk ahead inc case,2022-07-02,CZ,quantile,0.750,2846
2022-06-05,4 wk ahead inc case,2022-07-02,DK,quantile,0.750,31785
2022-06-05,4 wk ahead inc case,2022-07-02,EE,quantile,0.750,2007
2022-06-05,4 wk ahead inc case,2022-07-02,FI,quantile,0.750,22855
2022-06-05,4 wk ahead inc case,2022-07-02,FR,quantile,0.750,310421
2022-06-05,4 wk ahead inc case,2022-07-02,DE,quantile,0.750,584998
2022-06-05,4 wk ahead inc case,2022-07-02,GR,quantile,0.750,64437
2022-06-05,4 wk ahead inc case,2022-07-02,HU,quantile,0.750,2667
2022-06-05,4 wk ahead inc case,2022-07-02,IS,quantile,0.750,12446
2022-06-05,4 wk ahead inc case,2022-07-02,IE,quantile,0.750,11546
2022-06-05,4 wk ahead inc case,2022-07-02,IT,quantile,0.750,219800
2022-06-05,4 wk ahead inc case,2022-07-02,LV,quantile,0.750,2898
2022-06-05,4 wk ahead inc case,2022-07-02,LI,quantile,0.750,879
2022-06-05,4 wk ahead inc case,2022-07-02,LT,quantile,0.750,2268
2022-06-05,4 wk ahead inc case,2022-07-02,LU,quantile,0.750,703
2022-06-05,4 wk ahead inc case,2022-07-02,MT,quantile,0.750,2964
2022-06-05,4 wk ahead inc case,2022-07-02,NL,quantile,0.750,49791
2022-06-05,4 wk ahead inc case,2022-07-02,NO,quantile,0.750,11141
2022-06-05,4 wk ahead inc case,2022-07-02,PL,quantile,0.750,2530
2022-06-05,4 wk ahead inc case,2022-07-02,PT,quantile,0.750,207534
2022-06-05,4 wk ahead inc case,2022-07-02,RO,quantile,0.750,3497
2022-06-05,4 wk ahead inc case,2022-07-02,SK,quantile,0.750,2207
2022-06-05,4 wk ahead inc case,2022-07-02,SI,quantile,0.750,3237
2022-06-05,4 wk ahead inc case,2022-07-02,ES,quantile,0.750,144844
2022-06-05,4 wk ahead inc case,2022-07-02,SE,quantile,0.750,7848
2022-06-05,4 wk ahead inc case,2022-07-02,CH,quantile,0.750,65240
2022-06-05,4 wk ahead inc case,2022-07-02,GB,quantile,0.750,124915
2022-06-05,5 wk ahead inc case,2022-07-09,AT,quantile,0.750,86573
2022-06-05,5 wk ahead inc case,2022-07-09,BE,quantile,0.750,82303
2022-06-05,5 wk ahead inc case,2022-07-09,BG,quantile,0.750,2876
2022-06-05,5 wk ahead inc case,2022-07-09,HR,quantile,0.750,1686
2022-06-05,5 wk ahead inc case,2022-07-09,CY,quantile,0.750,8701
2022-06-05,5 wk ahead inc case,2022-07-09,CZ,quantile,0.750,3909
2022-06-05,5 wk ahead inc case,2022-07-09,DK,quantile,0.750,63215
2022-06-05,5 wk ahead inc case,2022-07-09,EE,quantile,0.750,2861
2022-06-05,5 wk ahead inc case,2022-07-09,FI,quantile,0.750,37245
2022-06-05,5 wk ahead inc case,2022-07-09,FR,quantile,0.750,382509
2022-06-05,5 wk ahead inc case,2022-07-09,DE,quantile,0.750,916978
2022-06-05,5 wk ahead inc case,2022-07-09,GR,quantile,0.750,102240
2022-06-05,5 wk ahead inc case,2022-07-09,HU,quantile,0.750,3276
2022-06-05,5 wk ahead inc case,2022-07-09,IS,quantile,0.750,9806
2022-06-05,5 wk ahead inc case,2022-07-09,IE,quantile,0.750,17035
2022-06-05,5 wk ahead inc case,2022-07-09,IT,quantile,0.750,272777
2022-06-05,5 wk ahead inc case,2022-07-09,LV,quantile,0.750,4240
2022-06-05,5 wk ahead inc case,2022-07-09,LI,quantile,0.750,1643
2022-06-05,5 wk ahead inc case,2022-07-09,LT,quantile,0.750,3575
2022-06-05,5 wk ahead inc case,2022-07-09,LU,quantile,0.750,653
2022-06-05,5 wk ahead inc case,2022-07-09,MT,quantile,0.750,5538
2022-06-05,5 wk ahead inc case,2022-07-09,NL,quantile,0.750,90688
2022-06-05,5 wk ahead inc case,2022-07-09,NO,quantile,0.750,20862
2022-06-05,5 wk ahead inc case,2022-07-09,PL,quantile,0.750,3718
2022-06-05,5 wk ahead inc case,2022-07-09,PT,quantile,0.750,203314
2022-06-05,5 wk ahead inc case,2022-07-09,RO,quantile,0.750,5020
2022-06-05,5 wk ahead inc case,2022-07-09,SK,quantile,0.750,2707
2022-06-05,5 wk ahead inc case,2022-07-09,SI,quantile,0.750,3862
2022-06-05,5 wk ahead inc case,2022-07-09,ES,quantile,0.750,193681
2022-06-05,5 wk ahead inc case,2022-07-09,SE,quantile,0.750,14194
2022-06-05,5 wk ahead inc case,2022-07-09,CH,quantile,0.750,123044
2022-06-05,5 wk ahead inc case,2022-07-09,GB,quantile,0.750,177159
2022-06-05,1 wk ahead inc case,2022-06-11,AT,quantile,0.800,30648
2022-06-05,1 wk ahead inc case,2022-06-11,BE,quantile,0.800,22326
2022-06-05,1 wk ahead inc case,2022-06-11,BG,quantile,0.800,1809
2022-06-05,1 wk ahead inc case,2022-06-11,HR,quantile,0.800,1351
2022-06-05,1 wk ahead inc case,2022-06-11,CY,quantile,0.800,3486
2022-06-05,1 wk ahead inc case,2022-06-11,CZ,quantile,0.800,2640
2022-06-05,1 wk ahead inc case,2022-06-11,DK,quantile,0.800,8731
2022-06-05,1 wk ahead inc case,2022-06-11,EE,quantile,0.800,1676
2022-06-05,1 wk ahead inc case,2022-06-11,FI,quantile,0.800,18806
2022-06-05,1 wk ahead inc case,2022-06-11,FR,quantile,0.800,164305
2022-06-05,1 wk ahead inc case,2022-06-11,DE,quantile,0.800,428235
2022-06-05,1 wk ahead inc case,2022-06-11,GR,quantile,0.800,49849
2022-06-05,1 wk ahead inc case,2022-06-11,HU,quantile,0.800,3948
2022-06-05,1 wk ahead inc case,2022-06-11,IS,quantile,0.800,2351
2022-06-05,1 wk ahead inc case,2022-06-11,IE,quantile,0.800,9832
2022-06-05,1 wk ahead inc case,2022-06-11,IT,quantile,0.800,224253
2022-06-05,1 wk ahead inc case,2022-06-11,LV,quantile,0.800,2142
2022-06-05,1 wk ahead inc case,2022-06-11,LI,quantile,0.800,230
2022-06-05,1 wk ahead inc case,2022-06-11,LT,quantile,0.800,1536
2022-06-05,1 wk ahead inc case,2022-06-11,LU,quantile,0.800,1028
2022-06-05,1 wk ahead inc case,2022-06-11,MT,quantile,0.800,1291
2022-06-05,1 wk ahead inc case,2022-06-11,NL,quantile,0.800,20347
2022-06-05,1 wk ahead inc case,2022-06-11,NO,quantile,0.800,4372
2022-06-05,1 wk ahead inc case,2022-06-11,PL,quantile,0.800,2708
2022-06-05,1 wk ahead inc case,2022-06-11,PT,quantile,0.800,189581
2022-06-05,1 wk ahead inc case,2022-06-11,RO,quantile,0.800,3384
2022-06-05,1 wk ahead inc case,2022-06-11,SK,quantile,0.800,2332
2022-06-05,1 wk ahead inc case,2022-06-11,SI,quantile,0.800,3170
2022-06-05,1 wk ahead inc case,2022-06-11,ES,quantile,0.800,85684
2022-06-05,1 wk ahead inc case,2022-06-11,SE,quantile,0.800,3047
2022-06-05,1 wk ahead inc case,2022-06-11,CH,quantile,0.800,14747
2022-06-05,1 wk ahead inc case,2022-06-11,GB,quantile,0.800,69058
2022-06-05,2 wk ahead inc case,2022-06-18,AT,quantile,0.800,35621
2022-06-05,2 wk ahead inc case,2022-06-18,BE,quantile,0.800,23763
2022-06-05,2 wk ahead inc case,2022-06-18,BG,quantile,0.800,1678
2022-06-05,2 wk ahead inc case,2022-06-18,HR,quantile,0.800,844
2022-06-05,2 wk ahead inc case,2022-06-18,CY,quantile,0.800,4422
2022-06-05,2 wk ahead inc case,2022-06-18,CZ,quantile,0.800,2478
2022-06-05,2 wk ahead inc case,2022-06-18,DK,quantile,0.800,11275
2022-06-05,2 wk ahead inc case,2022-06-18,EE,quantile,0.800,1656
2022-06-05,2 wk ahead inc case,2022-06-18,FI,quantile,0.800,17532
2022-06-05,2 wk ahead inc case,2022-06-18,FR,quantile,0.800,200375
2022-06-05,2 wk ahead inc case,2022-06-18,DE,quantile,0.800,420510
2022-06-05,2 wk ahead inc case,2022-06-18,GR,quantile,0.800,51077
2022-06-05,2 wk ahead inc case,2022-06-18,HU,quantile,0.800,3387
2022-06-05,2 wk ahead inc case,2022-06-18,IS,quantile,0.800,4929
2022-06-05,2 wk ahead inc case,2022-06-18,IE,quantile,0.800,8549
2022-06-05,2 wk ahead inc case,2022-06-18,IT,quantile,0.800,205210
2022-06-05,2 wk ahead inc case,2022-06-18,LV,quantile,0.800,2125
2022-06-05,2 wk ahead inc case,2022-06-18,LI,quantile,0.800,322
2022-06-05,2 wk ahead inc case,2022-06-18,LT,quantile,0.800,1567
2022-06-05,2 wk ahead inc case,2022-06-18,LU,quantile,0.800,929
2022-06-05,2 wk ahead inc case,2022-06-18,MT,quantile,0.800,1461
2022-06-05,2 wk ahead inc case,2022-06-18,NL,quantile,0.800,24128
2022-06-05,2 wk ahead inc case,2022-06-18,NO,quantile,0.800,5462
2022-06-05,2 wk ahead inc case,2022-06-18,PL,quantile,0.800,2474
2022-06-05,2 wk ahead inc case,2022-06-18,PT,quantile,0.800,203394
2022-06-05,2 wk ahead inc case,2022-06-18,RO,quantile,0.800,3217
2022-06-05,2 wk ahead inc case,2022-06-18,SK,quantile,0.800,2134
2022-06-05,2 wk ahead inc case,2022-06-18,SI,quantile,0.800,2981
2022-06-05,2 wk ahead inc case,2022-06-18,ES,quantile,0.800,95548
2022-06-05,2 wk ahead inc case,2022-06-18,SE,quantile,0.800,3584
2022-06-05,2 wk ahead inc case,2022-06-18,CH,quantile,0.800,19225
2022-06-05,2 wk ahead inc case,2022-06-18,GB,quantile,0.800,76542
2022-06-05,3 wk ahead inc case,2022-06-25,AT,quantile,0.800,44407
2022-06-05,3 wk ahead inc case,2022-06-25,BE,quantile,0.800,36715
2022-06-05,3 wk ahead inc case,2022-06-25,BG,quantile,0.800,1716
2022-06-05,3 wk ahead inc case,2022-06-25,HR,quantile,0.800,788
2022-06-05,3 wk ahead inc case,2022-06-25,CY,quantile,0.800,5285
2022-06-05,3 wk ahead inc case,2022-06-25,CZ,quantile,0.800,2485
2022-06-05,3 wk ahead inc case,2022-06-25,DK,quantile,0.800,18034
2022-06-05,3 wk ahead inc case,2022-06-25,EE,quantile,0.800,1758
2022-06-05,3 wk ahead inc case,2022-06-25,FI,quantile,0.800,17860
2022-06-05,3 wk ahead inc case,2022-06-25,FR,quantile,0.800,252610
2022-06-05,3 wk ahead inc case,2022-06-25,DE,quantile,0.800,470359
2022-06-05,3 wk ahead inc case,2022-06-25,GR,quantile,0.800,53481
2022-06-05,3 wk ahead inc case,2022-06-25,HU,quantile,0.800,2948
2022-06-05,3 wk ahead inc case,2022-06-25,IS,quantile,0.800,9545
2022-06-05,3 wk ahead inc case,2022-06-25,IE,quantile,0.800,8740
2022-06-05,3 wk ahead inc case,2022-06-25,IT,quantile,0.800,192895
2022-06-05,3 wk ahead inc case,2022-06-25,LV,quantile,0.800,2332
2022-06-05,3 wk ahead inc case,2022-06-25,LI,quantile,0.800,474
2022-06-05,3 wk ahead inc case,2022-06-25,LT,quantile,0.800,1813
2022-06-05,3 wk ahead inc case,2022-06-25,LU,quantile,0.800,810
2022-06-05,3 wk ahead inc case,2022-06-25,MT,quantile,0.800,1831
2022-06-05,3 wk ahead inc case,2022-06-25,NL,quantile,0.800,31149
2022-06-05,3 wk ahead inc case,2022-06-25,NO,quantile,0.800,7132
2022-06-05,3 wk ahead inc case,2022-06-25,PL,quantile,0.800,2332
2022-06-05,3 wk ahead inc case,2022-06-25,PT,quantile,0.800,206599
2022-06-05,3 wk ahead inc case,2022-06-25,RO,quantile,0.800,3236
2022-06-05,3 wk ahead inc case,2022-06-25,SK,quantile,0.800,2003
2022-06-05,3 wk ahead inc case,2022-06-25,SI,quantile,0.800,2974
2022-06-05,3 wk ahead inc case,2022-06-25,ES,quantile,0.800,114881
2022-06-05,3 wk ahead inc case,2022-06-25,SE,quantile,0.800,4773
2022-06-05,3 wk ahead inc case,2022-06-25,CH,quantile,0.800,34453
2022-06-05,3 wk ahead inc case,2022-06-25,GB,quantile,0.800,92433
2022-06-05,4 wk ahead inc case,2022-07-02,AT,quantile,0.800,59702
2022-06-05,4 wk ahead inc case,2022-07-02,BE,quantile,0.800,67008
2022-06-05,4 wk ahead inc case,2022-07-02,BG,quantile,0.800,2014
2022-06-05,4 wk ahead inc case,2022-07-02,HR,quantile,0.800,1077
2022-06-05,4 wk ahead inc case,2022-07-02,CY,quantile,0.800,6630
2022-06-05,4 wk ahead inc case,2022-07-02,CZ,quantile,0.800,2881
2022-06-05,4 wk ahead inc case,2022-07-02,DK,quantile,0.800,31785
2022-06-05,4 wk ahead inc case,2022-07-02,EE,quantile,0.800,2225
2022-06-05,4 wk ahead inc case,2022-07-02,FI,quantile,0.800,23280
2022-06-05,4 wk ahead inc case,2022-07-02,FR,quantile,0.800,318322
2022-06-05,4 wk ahead inc case,2022-07-02,DE,quantile,0.800,585152
2022-06-05,4 wk ahead inc case,2022-07-02,GR,quantile,0.800,67499
2022-06-05,4 wk ahead inc case,2022-07-02,HU,quantile,0.800,2681
2022-06-05,4 wk ahead inc case,2022-07-02,IS,quantile,0.800,12446
2022-06-05,4 wk ahead inc case,2022-07-02,IE,quantile,0.800,11718
2022-06-05,4 wk ahead inc case,2022-07-02,IT,quantile,0.800,233198
2022-06-05,4 wk ahead inc case,2022-07-02,LV,quantile,0.800,3149
2022-06-05,4 wk ahead inc case,2022-07-02,LI,quantile,0.800,879
2022-06-05,4 wk ahead inc case,2022-07-02,LT,quantile,0.800,2477
2022-06-05,4 wk ahead inc case,2022-07-02,LU,quantile,0.800,732
2022-06-05,4 wk ahead inc case,2022-07-02,MT,quantile,0.800,3144
2022-06-05,4 wk ahead inc case,2022-07-02,NL,quantile,0.800,52098
2022-06-05,4 wk ahead inc case,2022-07-02,NO,quantile,0.800,11525
2022-06-05,4 wk ahead inc case,2022-07-02,PL,quantile,0.800,2539
2022-06-05,4 wk ahead inc case,2022-07-02,PT,quantile,0.800,207534
2022-06-05,4 wk ahead inc case,2022-07-02,RO,quantile,0.800,3525
2022-06-05,4 wk ahead inc case,2022-07-02,SK,quantile,0.800,2341
2022-06-05,4 wk ahead inc case,2022-07-02,SI,quantile,0.800,3245
2022-06-05,4 wk ahead inc case,2022-07-02,ES,quantile,0.800,144894
2022-06-05,4 wk ahead inc case,2022-07-02,SE,quantile,0.800,7854
2022-06-05,4 wk ahead inc case,2022-07-02,CH,quantile,0.800,69500
2022-06-05,4 wk ahead inc case,2022-07-02,GB,quantile,0.800,129162
2022-06-05,5 wk ahead inc case,2022-07-09,AT,quantile,0.800,86573
2022-06-05,5 wk ahead inc case,2022-07-09,BE,quantile,0.800,86795
2022-06-05,5 wk ahead inc case,2022-07-09,BG,quantile,0.800,2886
2022-06-05,5 wk ahead inc case,2022-07-09,HR,quantile,0.800,1699
2022-06-05,5 wk ahead inc case,2022-07-09,CY,quantile,0.800,8817
2022-06-05,5 wk ahead inc case,2022-07-09,CZ,quantile,0.800,4178
2022-06-05,5 wk ahead inc case,2022-07-09,DK,quantile,0.800,63215
2022-06-05,5 wk ahead inc case,2022-07-09,EE,quantile,0.800,3095
2022-06-05,5 wk ahead inc case,2022-07-09,FI,quantile,0.800,42178
2022-06-05,5 wk ahead inc case,2022-07-09,FR,quantile,0.800,391753
2022-06-05,5 wk ahead inc case,2022-07-09,DE,quantile,0.800,927568
2022-06-05,5 wk ahead inc case,2022-07-09,GR,quantile,0.800,106175
2022-06-05,5 wk ahead inc case,2022-07-09,HU,quantile,0.800,3406
2022-06-05,5 wk ahead inc case,2022-07-09,IS,quantile,0.800,9806
2022-06-05,5 wk ahead inc case,2022-07-09,IE,quantile,0.800,17106
2022-06-05,5 wk ahead inc case,2022-07-09,IT,quantile,0.800,279250
2022-06-05,5 wk ahead inc case,2022-07-09,LV,quantile,0.800,4812
2022-06-05,5 wk ahead inc case,2022-07-09,LI,quantile,0.800,1789
2022-06-05,5 wk ahead inc case,2022-07-09,LT,quantile,0.800,3643
2022-06-05,5 wk ahead inc case,2022-07-09,LU,quantile,0.800,683
2022-06-05,5 wk ahead inc case,2022-07-09,MT,quantile,0.800,5752
2022-06-05,5 wk ahead inc case,2022-07-09,NL,quantile,0.800,95989
2022-06-05,5 wk ahead inc case,2022-07-09,NO,quantile,0.800,21262
2022-06-05,5 wk ahead inc case,2022-07-09,PL,quantile,0.800,3781
2022-06-05,5 wk ahead inc case,2022-07-09,PT,quantile,0.800,203314
2022-06-05,5 wk ahead inc case,2022-07-09,RO,quantile,0.800,5062
2022-06-05,5 wk ahead inc case,2022-07-09,SK,quantile,0.800,2773
2022-06-05,5 wk ahead inc case,2022-07-09,SI,quantile,0.800,3862
2022-06-05,5 wk ahead inc case,2022-07-09,ES,quantile,0.800,201097
2022-06-05,5 wk ahead inc case,2022-07-09,SE,quantile,0.800,15074
2022-06-05,5 wk ahead inc case,2022-07-09,CH,quantile,0.800,128946
2022-06-05,5 wk ahead inc case,2022-07-09,GB,quantile,0.800,186780
2022-06-05,1 wk ahead inc case,2022-06-11,AT,quantile,0.850,31911
2022-06-05,1 wk ahead inc case,2022-06-11,BE,quantile,0.850,22551
2022-06-05,1 wk ahead inc case,2022-06-11,BG,quantile,0.850,1916
2022-06-05,1 wk ahead inc case,2022-06-11,HR,quantile,0.850,1393
2022-06-05,1 wk ahead inc case,2022-06-11,CY,quantile,0.850,3873
2022-06-05,1 wk ahead inc case,2022-06-11,CZ,quantile,0.850,2681
2022-06-05,1 wk ahead inc case,2022-06-11,DK,quantile,0.850,9064
2022-06-05,1 wk ahead inc case,2022-06-11,EE,quantile,0.850,1696
2022-06-05,1 wk ahead inc case,2022-06-11,FI,quantile,0.850,21421
2022-06-05,1 wk ahead inc case,2022-06-11,FR,quantile,0.850,166451
2022-06-05,1 wk ahead inc case,2022-06-11,DE,quantile,0.850,432493
2022-06-05,1 wk ahead inc case,2022-06-11,GR,quantile,0.850,49930
2022-06-05,1 wk ahead inc case,2022-06-11,HU,quantile,0.850,3957
2022-06-05,1 wk ahead inc case,2022-06-11,IS,quantile,0.850,2678
2022-06-05,1 wk ahead inc case,2022-06-11,IE,quantile,0.850,9937
2022-06-05,1 wk ahead inc case,2022-06-11,IT,quantile,0.850,226423
2022-06-05,1 wk ahead inc case,2022-06-11,LV,quantile,0.850,2180
2022-06-05,1 wk ahead inc case,2022-06-11,LI,quantile,0.850,232
2022-06-05,1 wk ahead inc case,2022-06-11,LT,quantile,0.850,1579
2022-06-05,1 wk ahead inc case,2022-06-11,LU,quantile,0.850,1047
2022-06-05,1 wk ahead inc case,2022-06-11,MT,quantile,0.850,1293
2022-06-05,1 wk ahead inc case,2022-06-11,NL,quantile,0.850,20426
2022-06-05,1 wk ahead inc case,2022-06-11,NO,quantile,0.850,4387
2022-06-05,1 wk ahead inc case,2022-06-11,PL,quantile,0.850,2718
2022-06-05,1 wk ahead inc case,2022-06-11,PT,quantile,0.850,192342
2022-06-05,1 wk ahead inc case,2022-06-11,RO,quantile,0.850,3891
2022-06-05,1 wk ahead inc case,2022-06-11,SK,quantile,0.850,2387
2022-06-05,1 wk ahead inc case,2022-06-11,SI,quantile,0.850,3205
2022-06-05,1 wk ahead inc case,2022-06-11,ES,quantile,0.850,86683
2022-06-05,1 wk ahead inc case,2022-06-11,SE,quantile,0.850,3070
2022-06-05,1 wk ahead inc case,2022-06-11,CH,quantile,0.850,14816
2022-06-05,1 wk ahead inc case,2022-06-11,GB,quantile,0.850,69851
2022-06-05,2 wk ahead inc case,2022-06-18,AT,quantile,0.850,37721
2022-06-05,2 wk ahead inc case,2022-06-18,BE,quantile,0.850,24467
2022-06-05,2 wk ahead inc case,2022-06-18,BG,quantile,0.850,1851
2022-06-05,2 wk ahead inc case,2022-06-18,HR,quantile,0.850,940
2022-06-05,2 wk ahead inc case,2022-06-18,CY,quantile,0.850,4483
2022-06-05,2 wk ahead inc case,2022-06-18,CZ,quantile,0.850,2545
2022-06-05,2 wk ahead inc case,2022-06-18,DK,quantile,0.850,12178
2022-06-05,2 wk ahead inc case,2022-06-18,EE,quantile,0.850,1705
2022-06-05,2 wk ahead inc case,2022-06-18,FI,quantile,0.850,18805
2022-06-05,2 wk ahead inc case,2022-06-18,FR,quantile,0.850,206565
2022-06-05,2 wk ahead inc case,2022-06-18,DE,quantile,0.850,430572
2022-06-05,2 wk ahead inc case,2022-06-18,GR,quantile,0.850,51306
2022-06-05,2 wk ahead inc case,2022-06-18,HU,quantile,0.850,3409
2022-06-05,2 wk ahead inc case,2022-06-18,IS,quantile,0.850,4931
2022-06-05,2 wk ahead inc case,2022-06-18,IE,quantile,0.850,9039
2022-06-05,2 wk ahead inc case,2022-06-18,IT,quantile,0.850,215906
2022-06-05,2 wk ahead inc case,2022-06-18,LV,quantile,0.850,2213
2022-06-05,2 wk ahead inc case,2022-06-18,LI,quantile,0.850,328
2022-06-05,2 wk ahead inc case,2022-06-18,LT,quantile,0.850,1665
2022-06-05,2 wk ahead inc case,2022-06-18,LU,quantile,0.850,956
2022-06-05,2 wk ahead inc case,2022-06-18,MT,quantile,0.850,1467
2022-06-05,2 wk ahead inc case,2022-06-18,NL,quantile,0.850,24324
2022-06-05,2 wk ahead inc case,2022-06-18,NO,quantile,0.850,5543
2022-06-05,2 wk ahead inc case,2022-06-18,PL,quantile,0.850,2493
2022-06-05,2 wk ahead inc case,2022-06-18,PT,quantile,0.850,204530
2022-06-05,2 wk ahead inc case,2022-06-18,RO,quantile,0.850,3533
2022-06-05,2 wk ahead inc case,2022-06-18,SK,quantile,0.850,2253
2022-06-05,2 wk ahead inc case,2022-06-18,SI,quantile,0.850,3047
2022-06-05,2 wk ahead inc case,2022-06-18,ES,quantile,0.850,98298
2022-06-05,2 wk ahead inc case,2022-06-18,SE,quantile,0.850,3669
2022-06-05,2 wk ahead inc case,2022-06-18,CH,quantile,0.850,19544
2022-06-05,2 wk ahead inc case,2022-06-18,GB,quantile,0.850,79052
2022-06-05,3 wk ahead inc case,2022-06-25,AT,quantile,0.850,47525
2022-06-05,3 wk ahead inc case,2022-06-25,BE,quantile,0.850,40652
2022-06-05,3 wk ahead inc case,2022-06-25,BG,quantile,0.850,1877
2022-06-05,3 wk ahead inc case,2022-06-25,HR,quantile,0.850,809
2022-06-05,3 wk ahead inc case,2022-06-25,CY,quantile,0.850,6514
2022-06-05,3 wk ahead inc case,2022-06-25,CZ,quantile,0.850,2601
2022-06-05,3 wk ahead inc case,2022-06-25,DK,quantile,0.850,18907
2022-06-05,3 wk ahead inc case,2022-06-25,EE,quantile,0.850,1769
2022-06-05,3 wk ahead inc case,2022-06-25,FI,quantile,0.850,21474
2022-06-05,3 wk ahead inc case,2022-06-25,FR,quantile,0.850,264903
2022-06-05,3 wk ahead inc case,2022-06-25,DE,quantile,0.850,540051
2022-06-05,3 wk ahead inc case,2022-06-25,GR,quantile,0.850,53615
2022-06-05,3 wk ahead inc case,2022-06-25,HU,quantile,0.850,2985
2022-06-05,3 wk ahead inc case,2022-06-25,IS,quantile,0.850,10509
2022-06-05,3 wk ahead inc case,2022-06-25,IE,quantile,0.850,9365
2022-06-05,3 wk ahead inc case,2022-06-25,IT,quantile,0.850,214230
2022-06-05,3 wk ahead inc case,2022-06-25,LV,quantile,0.850,2351
2022-06-05,3 wk ahead inc case,2022-06-25,LI,quantile,0.850,497
2022-06-05,3 wk ahead inc case,2022-06-25,LT,quantile,0.850,1924
2022-06-05,3 wk ahead inc case,2022-06-25,LU,quantile,0.850,844
2022-06-05,3 wk ahead inc case,2022-06-25,MT,quantile,0.850,2067
2022-06-05,3 wk ahead inc case,2022-06-25,NL,quantile,0.850,38936
2022-06-05,3 wk ahead inc case,2022-06-25,NO,quantile,0.850,7267
2022-06-05,3 wk ahead inc case,2022-06-25,PL,quantile,0.850,2371
2022-06-05,3 wk ahead inc case,2022-06-25,PT,quantile,0.850,212870
2022-06-05,3 wk ahead inc case,2022-06-25,RO,quantile,0.850,3237
2022-06-05,3 wk ahead inc case,2022-06-25,SK,quantile,0.850,2201
2022-06-05,3 wk ahead inc case,2022-06-25,SI,quantile,0.850,2978
2022-06-05,3 wk ahead inc case,2022-06-25,ES,quantile,0.850,118613
2022-06-05,3 wk ahead inc case,2022-06-25,SE,quantile,0.850,4864
2022-06-05,3 wk ahead inc case,2022-06-25,CH,quantile,0.850,36328
2022-06-05,3 wk ahead inc case,2022-06-25,GB,quantile,0.850,96272
2022-06-05,4 wk ahead inc case,2022-07-02,AT,quantile,0.850,63060
2022-06-05,4 wk ahead inc case,2022-07-02,BE,quantile,0.850,67153
2022-06-05,4 wk ahead inc case,2022-07-02,BG,quantile,0.850,2073
2022-06-05,4 wk ahead inc case,2022-07-02,HR,quantile,0.850,1263
2022-06-05,4 wk ahead inc case,2022-07-02,CY,quantile,0.850,10422
2022-06-05,4 wk ahead inc case,2022-07-02,CZ,quantile,0.850,2892
2022-06-05,4 wk ahead inc case,2022-07-02,DK,quantile,0.850,36531
2022-06-05,4 wk ahead inc case,2022-07-02,EE,quantile,0.850,2264
2022-06-05,4 wk ahead inc case,2022-07-02,FI,quantile,0.850,25881
2022-06-05,4 wk ahead inc case,2022-07-02,FR,quantile,0.850,322965
2022-06-05,4 wk ahead inc case,2022-07-02,DE,quantile,0.850,621498
2022-06-05,4 wk ahead inc case,2022-07-02,GR,quantile,0.850,69443
2022-06-05,4 wk ahead inc case,2022-07-02,HU,quantile,0.850,2701
2022-06-05,4 wk ahead inc case,2022-07-02,IS,quantile,0.850,12600
2022-06-05,4 wk ahead inc case,2022-07-02,IE,quantile,0.850,12311
2022-06-05,4 wk ahead inc case,2022-07-02,IT,quantile,0.850,233866
2022-06-05,4 wk ahead inc case,2022-07-02,LV,quantile,0.850,3207
2022-06-05,4 wk ahead inc case,2022-07-02,LI,quantile,0.850,946
2022-06-05,4 wk ahead inc case,2022-07-02,LT,quantile,0.850,2695
2022-06-05,4 wk ahead inc case,2022-07-02,LU,quantile,0.850,771
2022-06-05,4 wk ahead inc case,2022-07-02,MT,quantile,0.850,3452
2022-06-05,4 wk ahead inc case,2022-07-02,NL,quantile,0.850,68223
2022-06-05,4 wk ahead inc case,2022-07-02,NO,quantile,0.850,11907
2022-06-05,4 wk ahead inc case,2022-07-02,PL,quantile,0.850,2665
2022-06-05,4 wk ahead inc case,2022-07-02,PT,quantile,0.850,215463
2022-06-05,4 wk ahead inc case,2022-07-02,RO,quantile,0.850,3609
2022-06-05,4 wk ahead inc case,2022-07-02,SK,quantile,0.850,2421
2022-06-05,4 wk ahead inc case,2022-07-02,SI,quantile,0.850,3245
2022-06-05,4 wk ahead inc case,2022-07-02,ES,quantile,0.850,145001
2022-06-05,4 wk ahead inc case,2022-07-02,SE,quantile,0.850,8319
2022-06-05,4 wk ahead inc case,2022-07-02,CH,quantile,0.850,72660
2022-06-05,4 wk ahead inc case,2022-07-02,GB,quantile,0.850,129245
2022-06-05,5 wk ahead inc case,2022-07-09,AT,quantile,0.850,91333
2022-06-05,5 wk ahead inc case,2022-07-09,BE,quantile,0.850,91490
2022-06-05,5 wk ahead inc case,2022-07-09,BG,quantile,0.850,2916
2022-06-05,5 wk ahead inc case,2022-07-09,HR,quantile,0.850,1713
2022-06-05,5 wk ahead inc case,2022-07-09,CY,quantile,0.850,17701
2022-06-05,5 wk ahead inc case,2022-07-09,CZ,quantile,0.850,4333
2022-06-05,5 wk ahead inc case,2022-07-09,DK,quantile,0.850,69651
2022-06-05,5 wk ahead inc case,2022-07-09,EE,quantile,0.850,3163
2022-06-05,5 wk ahead inc case,2022-07-09,FI,quantile,0.850,43152
2022-06-05,5 wk ahead inc case,2022-07-09,FR,quantile,0.850,416170
2022-06-05,5 wk ahead inc case,2022-07-09,DE,quantile,0.850,934829
2022-06-05,5 wk ahead inc case,2022-07-09,GR,quantile,0.850,107360
2022-06-05,5 wk ahead inc case,2022-07-09,HU,quantile,0.850,3475
2022-06-05,5 wk ahead inc case,2022-07-09,IS,quantile,0.850,12321
2022-06-05,5 wk ahead inc case,2022-07-09,IE,quantile,0.850,18637
2022-06-05,5 wk ahead inc case,2022-07-09,IT,quantile,0.850,299297
2022-06-05,5 wk ahead inc case,2022-07-09,LV,quantile,0.850,4987
2022-06-05,5 wk ahead inc case,2022-07-09,LI,quantile,0.850,1789
2022-06-05,5 wk ahead inc case,2022-07-09,LT,quantile,0.850,3646
2022-06-05,5 wk ahead inc case,2022-07-09,LU,quantile,0.850,726
2022-06-05,5 wk ahead inc case,2022-07-09,MT,quantile,0.850,5864
2022-06-05,5 wk ahead inc case,2022-07-09,NL,quantile,0.850,112070
2022-06-05,5 wk ahead inc case,2022-07-09,NO,quantile,0.850,23208
2022-06-05,5 wk ahead inc case,2022-07-09,PL,quantile,0.850,3956
2022-06-05,5 wk ahead inc case,2022-07-09,PT,quantile,0.850,205471
2022-06-05,5 wk ahead inc case,2022-07-09,RO,quantile,0.850,5423
2022-06-05,5 wk ahead inc case,2022-07-09,SK,quantile,0.850,2988
2022-06-05,5 wk ahead inc case,2022-07-09,SI,quantile,0.850,4546
2022-06-05,5 wk ahead inc case,2022-07-09,ES,quantile,0.850,202014
2022-06-05,5 wk ahead inc case,2022-07-09,SE,quantile,0.850,15981
2022-06-05,5 wk ahead inc case,2022-07-09,CH,quantile,0.850,131172
2022-06-05,5 wk ahead inc case,2022-07-09,GB,quantile,0.850,187054
2022-06-05,1 wk ahead inc case,2022-06-11,AT,quantile,0.900,31911
2022-06-05,1 wk ahead inc case,2022-06-11,BE,quantile,0.900,22623
2022-06-05,1 wk ahead inc case,2022-06-11,BG,quantile,0.900,2159
2022-06-05,1 wk ahead inc case,2022-06-11,HR,quantile,0.900,1415
2022-06-05,1 wk ahead inc case,2022-06-11,CY,quantile,0.900,3888
2022-06-05,1 wk ahead inc case,2022-06-11,CZ,quantile,0.900,2691
2022-06-05,1 wk ahead inc case,2022-06-11,DK,quantile,0.900,9064
2022-06-05,1 wk ahead inc case,2022-06-11,EE,quantile,0.900,1706
2022-06-05,1 wk ahead inc case,2022-06-11,FI,quantile,0.900,21672
2022-06-05,1 wk ahead inc case,2022-06-11,FR,quantile,0.900,169732
2022-06-05,1 wk ahead inc case,2022-06-11,DE,quantile,0.900,467237
2022-06-05,1 wk ahead inc case,2022-06-11,GR,quantile,0.900,50071
2022-06-05,1 wk ahead inc case,2022-06-11,HU,quantile,0.900,3968
2022-06-05,1 wk ahead inc case,2022-06-11,IS,quantile,0.900,2678
2022-06-05,1 wk ahead inc case,2022-06-11,IE,quantile,0.900,10112
2022-06-05,1 wk ahead inc case,2022-06-11,IT,quantile,0.900,227096
2022-06-05,1 wk ahead inc case,2022-06-11,LV,quantile,0.900,2192
2022-06-05,1 wk ahead inc case,2022-06-11,LI,quantile,0.900,232
2022-06-05,1 wk ahead inc case,2022-06-11,LT,quantile,0.900,1581
2022-06-05,1 wk ahead inc case,2022-06-11,LU,quantile,0.900,1246
2022-06-05,1 wk ahead inc case,2022-06-11,MT,quantile,0.900,1298
2022-06-05,1 wk ahead inc case,2022-06-11,NL,quantile,0.900,20426
2022-06-05,1 wk ahead inc case,2022-06-11,NO,quantile,0.900,4412
2022-06-05,1 wk ahead inc case,2022-06-11,PL,quantile,0.900,2722
2022-06-05,1 wk ahead inc case,2022-06-11,PT,quantile,0.900,193262
2022-06-05,1 wk ahead inc case,2022-06-11,RO,quantile,0.900,3894
2022-06-05,1 wk ahead inc case,2022-06-11,SK,quantile,0.900,2410
2022-06-05,1 wk ahead inc case,2022-06-11,SI,quantile,0.900,3205
2022-06-05,1 wk ahead inc case,2022-06-11,ES,quantile,0.900,87867
2022-06-05,1 wk ahead inc case,2022-06-11,SE,quantile,0.900,3088
2022-06-05,1 wk ahead inc case,2022-06-11,CH,quantile,0.900,14931
2022-06-05,1 wk ahead inc case,2022-06-11,GB,quantile,0.900,71069
2022-06-05,2 wk ahead inc case,2022-06-18,AT,quantile,0.900,37721
2022-06-05,2 wk ahead inc case,2022-06-18,BE,quantile,0.900,24495
2022-06-05,2 wk ahead inc case,2022-06-18,BG,quantile,0.900,1981
2022-06-05,2 wk ahead inc case,2022-06-18,HR,quantile,0.900,985
2022-06-05,2 wk ahead inc case,2022-06-18,CY,quantile,0.900,4589
2022-06-05,2 wk ahead inc case,2022-06-18,CZ,quantile,0.900,2565
2022-06-05,2 wk ahead inc case,2022-06-18,DK,quantile,0.900,12178
2022-06-05,2 wk ahead inc case,2022-06-18,EE,quantile,0.900,1727
2022-06-05,2 wk ahead inc case,2022-06-18,FI,quantile,0.900,19207
2022-06-05,2 wk ahead inc case,2022-06-18,FR,quantile,0.900,215362
2022-06-05,2 wk ahead inc case,2022-06-18,DE,quantile,0.900,490479
2022-06-05,2 wk ahead inc case,2022-06-18,GR,quantile,0.900,51325
2022-06-05,2 wk ahead inc case,2022-06-18,HU,quantile,0.900,3430
2022-06-05,2 wk ahead inc case,2022-06-18,IS,quantile,0.900,4931
2022-06-05,2 wk ahead inc case,2022-06-18,IE,quantile,0.900,9464
2022-06-05,2 wk ahead inc case,2022-06-18,IT,quantile,0.900,219379
2022-06-05,2 wk ahead inc case,2022-06-18,LV,quantile,0.900,2235
2022-06-05,2 wk ahead inc case,2022-06-18,LI,quantile,0.900,328
2022-06-05,2 wk ahead inc case,2022-06-18,LT,quantile,0.900,1669
2022-06-05,2 wk ahead inc case,2022-06-18,LU,quantile,0.900,1139
2022-06-05,2 wk ahead inc case,2022-06-18,MT,quantile,0.900,1480
2022-06-05,2 wk ahead inc case,2022-06-18,NL,quantile,0.900,24324
2022-06-05,2 wk ahead inc case,2022-06-18,NO,quantile,0.900,5559
2022-06-05,2 wk ahead inc case,2022-06-18,PL,quantile,0.900,2500
2022-06-05,2 wk ahead inc case,2022-06-18,PT,quantile,0.900,204909
2022-06-05,2 wk ahead inc case,2022-06-18,RO,quantile,0.900,3537
2022-06-05,2 wk ahead inc case,2022-06-18,SK,quantile,0.900,2312
2022-06-05,2 wk ahead inc case,2022-06-18,SI,quantile,0.900,3047
2022-06-05,2 wk ahead inc case,2022-06-18,ES,quantile,0.900,100773
2022-06-05,2 wk ahead inc case,2022-06-18,SE,quantile,0.900,3715
2022-06-05,2 wk ahead inc case,2022-06-18,CH,quantile,0.900,20426
2022-06-05,2 wk ahead inc case,2022-06-18,GB,quantile,0.900,82261
2022-06-05,3 wk ahead inc case,2022-06-25,AT,quantile,0.900,47525
2022-06-05,3 wk ahead inc case,2022-06-25,BE,quantile,0.900,40760
2022-06-05,3 wk ahead inc case,2022-06-25,BG,quantile,0.900,1890
2022-06-05,3 wk ahead inc case,2022-06-25,HR,quantile,0.900,879
2022-06-05,3 wk ahead inc case,2022-06-25,CY,quantile,0.900,6740
2022-06-05,3 wk ahead inc case,2022-06-25,CZ,quantile,0.900,2630
2022-06-05,3 wk ahead inc case,2022-06-25,DK,quantile,0.900,18907
2022-06-05,3 wk ahead inc case,2022-06-25,EE,quantile,0.900,1804
2022-06-05,3 wk ahead inc case,2022-06-25,FI,quantile,0.900,22119
2022-06-05,3 wk ahead inc case,2022-06-25,FR,quantile,0.900,272290
2022-06-05,3 wk ahead inc case,2022-06-25,DE,quantile,0.900,566213
2022-06-05,3 wk ahead inc case,2022-06-25,GR,quantile,0.900,53863
2022-06-05,3 wk ahead inc case,2022-06-25,HU,quantile,0.900,3015
2022-06-05,3 wk ahead inc case,2022-06-25,IS,quantile,0.900,10509
2022-06-05,3 wk ahead inc case,2022-06-25,IE,quantile,0.900,10023
2022-06-05,3 wk ahead inc case,2022-06-25,IT,quantile,0.900,220521
2022-06-05,3 wk ahead inc case,2022-06-25,LV,quantile,0.900,2519
2022-06-05,3 wk ahead inc case,2022-06-25,LI,quantile,0.900,499
2022-06-05,3 wk ahead inc case,2022-06-25,LT,quantile,0.900,2027
2022-06-05,3 wk ahead inc case,2022-06-25,LU,quantile,0.900,1032
2022-06-05,3 wk ahead inc case,2022-06-25,MT,quantile,0.900,2181
2022-06-05,3 wk ahead inc case,2022-06-25,NL,quantile,0.900,38936
2022-06-05,3 wk ahead inc case,2022-06-25,NO,quantile,0.900,7333
2022-06-05,3 wk ahead inc case,2022-06-25,PL,quantile,0.900,2383
2022-06-05,3 wk ahead inc case,2022-06-25,PT,quantile,0.900,212870
2022-06-05,3 wk ahead inc case,2022-06-25,RO,quantile,0.900,3241
2022-06-05,3 wk ahead inc case,2022-06-25,SK,quantile,0.900,2294
2022-06-05,3 wk ahead inc case,2022-06-25,SI,quantile,0.900,2978
2022-06-05,3 wk ahead inc case,2022-06-25,ES,quantile,0.900,120818
2022-06-05,3 wk ahead inc case,2022-06-25,SE,quantile,0.900,5237
2022-06-05,3 wk ahead inc case,2022-06-25,CH,quantile,0.900,38029
2022-06-05,3 wk ahead inc case,2022-06-25,GB,quantile,0.900,101264
2022-06-05,4 wk ahead inc case,2022-07-02,AT,quantile,0.900,63060
2022-06-05,4 wk ahead inc case,2022-07-02,BE,quantile,0.900,76357
2022-06-05,4 wk ahead inc case,2022-07-02,BG,quantile,0.900,2097
2022-06-05,4 wk ahead inc case,2022-07-02,HR,quantile,0.900,1323
2022-06-05,4 wk ahead inc case,2022-07-02,CY,quantile,0.900,10879
2022-06-05,4 wk ahead inc case,2022-07-02,CZ,quantile,0.900,2991
2022-06-05,4 wk ahead inc case,2022-07-02,DK,quantile,0.900,36531
2022-06-05,4 wk ahead inc case,2022-07-02,EE,quantile,0.900,2351
2022-06-05,4 wk ahead inc case,2022-07-02,FI,quantile,0.900,27991
2022-06-05,4 wk ahead inc case,2022-07-02,FR,quantile,0.900,323939
2022-06-05,4 wk ahead inc case,2022-07-02,DE,quantile,0.900,715776
2022-06-05,4 wk ahead inc case,2022-07-02,GR,quantile,0.900,71715
2022-06-05,4 wk ahead inc case,2022-07-02,HU,quantile,0.900,2801
2022-06-05,4 wk ahead inc case,2022-07-02,IS,quantile,0.900,12600
2022-06-05,4 wk ahead inc case,2022-07-02,IE,quantile,0.900,13001
2022-06-05,4 wk ahead inc case,2022-07-02,IT,quantile,0.900,236222
2022-06-05,4 wk ahead inc case,2022-07-02,LV,quantile,0.900,3318
2022-06-05,4 wk ahead inc case,2022-07-02,LI,quantile,0.900,946
2022-06-05,4 wk ahead inc case,2022-07-02,LT,quantile,0.900,2743
2022-06-05,4 wk ahead inc case,2022-07-02,LU,quantile,0.900,963
2022-06-05,4 wk ahead inc case,2022-07-02,MT,quantile,0.900,3605
2022-06-05,4 wk ahead inc case,2022-07-02,NL,quantile,0.900,68223
2022-06-05,4 wk ahead inc case,2022-07-02,NO,quantile,0.900,12199
2022-06-05,4 wk ahead inc case,2022-07-02,PL,quantile,0.900,2678
2022-06-05,4 wk ahead inc case,2022-07-02,PT,quantile,0.900,215463
2022-06-05,4 wk ahead inc case,2022-07-02,RO,quantile,0.900,3635
2022-06-05,4 wk ahead inc case,2022-07-02,SK,quantile,0.900,2482
2022-06-05,4 wk ahead inc case,2022-07-02,SI,quantile,0.900,3284
2022-06-05,4 wk ahead inc case,2022-07-02,ES,quantile,0.900,150292
2022-06-05,4 wk ahead inc case,2022-07-02,SE,quantile,0.900,8718
2022-06-05,4 wk ahead inc case,2022-07-02,CH,quantile,0.900,73209
2022-06-05,4 wk ahead inc case,2022-07-02,GB,quantile,0.900,130091
2022-06-05,5 wk ahead inc case,2022-07-09,AT,quantile,0.900,91333
2022-06-05,5 wk ahead inc case,2022-07-09,BE,quantile,0.900,94177
2022-06-05,5 wk ahead inc case,2022-07-09,BG,quantile,0.900,3014
2022-06-05,5 wk ahead inc case,2022-07-09,HR,quantile,0.900,1726
2022-06-05,5 wk ahead inc case,2022-07-09,CY,quantile,0.900,18574
2022-06-05,5 wk ahead inc case,2022-07-09,CZ,quantile,0.900,4619
2022-06-05,5 wk ahead inc case,2022-07-09,DK,quantile,0.900,69651
2022-06-05,5 wk ahead inc case,2022-07-09,EE,quantile,0.900,3603
2022-06-05,5 wk ahead inc case,2022-07-09,FI,quantile,0.900,48580
2022-06-05,5 wk ahead inc case,2022-07-09,FR,quantile,0.900,418164
2022-06-05,5 wk ahead inc case,2022-07-09,DE,quantile,0.900,962421
2022-06-05,5 wk ahead inc case,2022-07-09,GR,quantile,0.900,119989
2022-06-05,5 wk ahead inc case,2022-07-09,HU,quantile,0.900,3651
2022-06-05,5 wk ahead inc case,2022-07-09,IS,quantile,0.900,12321
2022-06-05,5 wk ahead inc case,2022-07-09,IE,quantile,0.900,18655
2022-06-05,5 wk ahead inc case,2022-07-09,IT,quantile,0.900,307251
2022-06-05,5 wk ahead inc case,2022-07-09,LV,quantile,0.900,5591
2022-06-05,5 wk ahead inc case,2022-07-09,LI,quantile,0.900,1802
2022-06-05,5 wk ahead inc case,2022-07-09,LT,quantile,0.900,4169
2022-06-05,5 wk ahead inc case,2022-07-09,LU,quantile,0.900,921
2022-06-05,5 wk ahead inc case,2022-07-09,MT,quantile,0.900,5943
2022-06-05,5 wk ahead inc case,2022-07-09,NL,quantile,0.900,112070
2022-06-05,5 wk ahead inc case,2022-07-09,NO,quantile,0.900,23674
2022-06-05,5 wk ahead inc case,2022-07-09,PL,quantile,0.900,4190
2022-06-05,5 wk ahead inc case,2022-07-09,PT,quantile,0.900,205471
2022-06-05,5 wk ahead inc case,2022-07-09,RO,quantile,0.900,5471
2022-06-05,5 wk ahead inc case,2022-07-09,SK,quantile,0.900,2988
2022-06-05,5 wk ahead inc case,2022-07-09,SI,quantile,0.900,4579
2022-06-05,5 wk ahead inc case,2022-07-09,ES,quantile,0.900,203210
2022-06-05,5 wk ahead inc case,2022-07-09,SE,quantile,0.900,17289
2022-06-05,5 wk ahead inc case,2022-07-09,CH,quantile,0.900,134017
2022-06-05,5 wk ahead inc case,2022-07-09,GB,quantile,0.900,205837
2022-06-05,1 wk ahead inc case,2022-06-11,AT,quantile,0.950,32152
2022-06-05,1 wk ahead inc case,2022-06-11,BE,quantile,0.950,23806
2022-06-05,1 wk ahead inc case,2022-06-11,BG,quantile,0.950,2177
2022-06-05,1 wk ahead inc case,2022-06-11,HR,quantile,0.950,1607
2022-06-05,1 wk ahead inc case,2022-06-11,CY,quantile,0.950,4260
2022-06-05,1 wk ahead inc case,2022-06-11,CZ,quantile,0.950,2782
2022-06-05,1 wk ahead inc case,2022-06-11,DK,quantile,0.950,9466
2022-06-05,1 wk ahead inc case,2022-06-11,EE,quantile,0.950,1746
2022-06-05,1 wk ahead inc case,2022-06-11,FI,quantile,0.950,23654
2022-06-05,1 wk ahead inc case,2022-06-11,FR,quantile,0.950,213837
2022-06-05,1 wk ahead inc case,2022-06-11,DE,quantile,0.950,473134
2022-06-05,1 wk ahead inc case,2022-06-11,GR,quantile,0.950,50132
2022-06-05,1 wk ahead inc case,2022-06-11,HU,quantile,0.950,4581
2022-06-05,1 wk ahead inc case,2022-06-11,IS,quantile,0.950,2834
2022-06-05,1 wk ahead inc case,2022-06-11,IE,quantile,0.950,14141
2022-06-05,1 wk ahead inc case,2022-06-11,IT,quantile,0.950,232868
2022-06-05,1 wk ahead inc case,2022-06-11,LV,quantile,0.950,2268
2022-06-05,1 wk ahead inc case,2022-06-11,LI,quantile,0.950,238
2022-06-05,1 wk ahead inc case,2022-06-11,LT,quantile,0.950,1660
2022-06-05,1 wk ahead inc case,2022-06-11,LU,quantile,0.950,1378
2022-06-05,1 wk ahead inc case,2022-06-11,MT,quantile,0.950,1386
2022-06-05,1 wk ahead inc case,2022-06-11,NL,quantile,0.950,22923
2022-06-05,1 wk ahead inc case,2022-06-11,NO,quantile,0.950,4532
2022-06-05,1 wk ahead inc case,2022-06-11,PL,quantile,0.950,2754
2022-06-05,1 wk ahead inc case,2022-06-11,PT,quantile,0.950,197745
2022-06-05,1 wk ahead inc case,2022-06-11,RO,quantile,0.950,3896
2022-06-05,1 wk ahead inc case,2022-06-11,SK,quantile,0.950,2412
2022-06-05,1 wk ahead inc case,2022-06-11,SI,quantile,0.950,3224
2022-06-05,1 wk ahead inc case,2022-06-11,ES,quantile,0.950,99295
2022-06-05,1 wk ahead inc case,2022-06-11,SE,quantile,0.950,3167
2022-06-05,1 wk ahead inc case,2022-06-11,CH,quantile,0.950,16855
2022-06-05,1 wk ahead inc case,2022-06-11,GB,quantile,0.950,74693
2022-06-05,2 wk ahead inc case,2022-06-18,AT,quantile,0.950,38372
2022-06-05,2 wk ahead inc case,2022-06-18,BE,quantile,0.950,28016
2022-06-05,2 wk ahead inc case,2022-06-18,BG,quantile,0.950,2015
2022-06-05,2 wk ahead inc case,2022-06-18,HR,quantile,0.950,1329
2022-06-05,2 wk ahead inc case,2022-06-18,CY,quantile,0.950,5490
2022-06-05,2 wk ahead inc case,2022-06-18,CZ,quantile,0.950,2684
2022-06-05,2 wk ahead inc case,2022-06-18,DK,quantile,0.950,13257
2022-06-05,2 wk ahead inc case,2022-06-18,EE,quantile,0.950,1825
2022-06-05,2 wk ahead inc case,2022-06-18,FI,quantile,0.950,22629
2022-06-05,2 wk ahead inc case,2022-06-18,FR,quantile,0.950,238408
2022-06-05,2 wk ahead inc case,2022-06-18,DE,quantile,0.950,509618
2022-06-05,2 wk ahead inc case,2022-06-18,GR,quantile,0.950,51445
2022-06-05,2 wk ahead inc case,2022-06-18,HU,quantile,0.950,4177
2022-06-05,2 wk ahead inc case,2022-06-18,IS,quantile,0.950,5502
2022-06-05,2 wk ahead inc case,2022-06-18,IE,quantile,0.950,13455
2022-06-05,2 wk ahead inc case,2022-06-18,IT,quantile,0.950,225966
2022-06-05,2 wk ahead inc case,2022-06-18,LV,quantile,0.950,2418
2022-06-05,2 wk ahead inc case,2022-06-18,LI,quantile,0.950,346
2022-06-05,2 wk ahead inc case,2022-06-18,LT,quantile,0.950,1864
2022-06-05,2 wk ahead inc case,2022-06-18,LU,quantile,0.950,1261
2022-06-05,2 wk ahead inc case,2022-06-18,MT,quantile,0.950,1733
2022-06-05,2 wk ahead inc case,2022-06-18,NL,quantile,0.950,30775
2022-06-05,2 wk ahead inc case,2022-06-18,NO,quantile,0.950,5887
2022-06-05,2 wk ahead inc case,2022-06-18,PL,quantile,0.950,2563
2022-06-05,2 wk ahead inc case,2022-06-18,PT,quantile,0.950,208414
2022-06-05,2 wk ahead inc case,2022-06-18,RO,quantile,0.950,3544
2022-06-05,2 wk ahead inc case,2022-06-18,SK,quantile,0.950,2333
2022-06-05,2 wk ahead inc case,2022-06-18,SI,quantile,0.950,3109
2022-06-05,2 wk ahead inc case,2022-06-18,ES,quantile,0.950,106609
2022-06-05,2 wk ahead inc case,2022-06-18,SE,quantile,0.950,3971
2022-06-05,2 wk ahead inc case,2022-06-18,CH,quantile,0.950,23314
2022-06-05,2 wk ahead inc case,2022-06-18,GB,quantile,0.950,84412
2022-06-05,3 wk ahead inc case,2022-06-25,AT,quantile,0.950,48925
2022-06-05,3 wk ahead inc case,2022-06-25,BE,quantile,0.950,42135
2022-06-05,3 wk ahead inc case,2022-06-25,BG,quantile,0.950,1895
2022-06-05,3 wk ahead inc case,2022-06-25,HR,quantile,0.950,1244
2022-06-05,3 wk ahead inc case,2022-06-25,CY,quantile,0.950,7766
2022-06-05,3 wk ahead inc case,2022-06-25,CZ,quantile,0.950,2693
2022-06-05,3 wk ahead inc case,2022-06-25,DK,quantile,0.950,20872
2022-06-05,3 wk ahead inc case,2022-06-25,EE,quantile,0.950,1994
2022-06-05,3 wk ahead inc case,2022-06-25,FI,quantile,0.950,22279
2022-06-05,3 wk ahead inc case,2022-06-25,FR,quantile,0.950,274997
2022-06-05,3 wk ahead inc case,2022-06-25,DE,quantile,0.950,585847
2022-06-05,3 wk ahead inc case,2022-06-25,GR,quantile,0.950,54074
2022-06-05,3 wk ahead inc case,2022-06-25,HU,quantile,0.950,3924
2022-06-05,3 wk ahead inc case,2022-06-25,IS,quantile,0.950,10552
2022-06-05,3 wk ahead inc case,2022-06-25,IE,quantile,0.950,13502
2022-06-05,3 wk ahead inc case,2022-06-25,IT,quantile,0.950,226361
2022-06-05,3 wk ahead inc case,2022-06-25,LV,quantile,0.950,2707
2022-06-05,3 wk ahead inc case,2022-06-25,LI,quantile,0.950,512
2022-06-05,3 wk ahead inc case,2022-06-25,LT,quantile,0.950,2192
2022-06-05,3 wk ahead inc case,2022-06-25,LU,quantile,0.950,1158
2022-06-05,3 wk ahead inc case,2022-06-25,MT,quantile,0.950,2357
2022-06-05,3 wk ahead inc case,2022-06-25,NL,quantile,0.950,44278
2022-06-05,3 wk ahead inc case,2022-06-25,NO,quantile,0.950,7958
2022-06-05,3 wk ahead inc case,2022-06-25,PL,quantile,0.950,2430
2022-06-05,3 wk ahead inc case,2022-06-25,PT,quantile,0.950,216608
2022-06-05,3 wk ahead inc case,2022-06-25,RO,quantile,0.950,3253
2022-06-05,3 wk ahead inc case,2022-06-25,SK,quantile,0.950,2351
2022-06-05,3 wk ahead inc case,2022-06-25,SI,quantile,0.950,3117
2022-06-05,3 wk ahead inc case,2022-06-25,ES,quantile,0.950,121242
2022-06-05,3 wk ahead inc case,2022-06-25,SE,quantile,0.950,5532
2022-06-05,3 wk ahead inc case,2022-06-25,CH,quantile,0.950,39272
2022-06-05,3 wk ahead inc case,2022-06-25,GB,quantile,0.950,101655
2022-06-05,4 wk ahead inc case,2022-07-02,AT,quantile,0.950,65819
2022-06-05,4 wk ahead inc case,2022-07-02,BE,quantile,0.950,77898
2022-06-05,4 wk ahead inc case,2022-07-02,BG,quantile,0.950,2107
2022-06-05,4 wk ahead inc case,2022-07-02,HR,quantile,0.950,1412
2022-06-05,4 wk ahead inc case,2022-07-02,CY,quantile,0.950,11969
2022-06-05,4 wk ahead inc case,2022-07-02,CZ,quantile,0.950,3466
2022-06-05,4 wk ahead inc case,2022-07-02,DK,quantile,0.950,38307
2022-06-05,4 wk ahead inc case,2022-07-02,EE,quantile,0.950,2469
2022-06-05,4 wk ahead inc case,2022-07-02,FI,quantile,0.950,32577
2022-06-05,4 wk ahead inc case,2022-07-02,FR,quantile,0.950,363540
2022-06-05,4 wk ahead inc case,2022-07-02,DE,quantile,0.950,773621
2022-06-05,4 wk ahead inc case,2022-07-02,GR,quantile,0.950,75440
2022-06-05,4 wk ahead inc case,2022-07-02,HU,quantile,0.950,3820
2022-06-05,4 wk ahead inc case,2022-07-02,IS,quantile,0.950,13242
2022-06-05,4 wk ahead inc case,2022-07-02,IE,quantile,0.950,14498
2022-06-05,4 wk ahead inc case,2022-07-02,IT,quantile,0.950,258522
2022-06-05,4 wk ahead inc case,2022-07-02,LV,quantile,0.950,3749
2022-06-05,4 wk ahead inc case,2022-07-02,LI,quantile,0.950,967
2022-06-05,4 wk ahead inc case,2022-07-02,LT,quantile,0.950,3036
2022-06-05,4 wk ahead inc case,2022-07-02,LU,quantile,0.950,1091
2022-06-05,4 wk ahead inc case,2022-07-02,MT,quantile,0.950,4007
2022-06-05,4 wk ahead inc case,2022-07-02,NL,quantile,0.950,71728
2022-06-05,4 wk ahead inc case,2022-07-02,NO,quantile,0.950,12485
2022-06-05,4 wk ahead inc case,2022-07-02,PL,quantile,0.950,2765
2022-06-05,4 wk ahead inc case,2022-07-02,PT,quantile,0.950,215718
2022-06-05,4 wk ahead inc case,2022-07-02,RO,quantile,0.950,3678
2022-06-05,4 wk ahead inc case,2022-07-02,SK,quantile,0.950,2520
2022-06-05,4 wk ahead inc case,2022-07-02,SI,quantile,0.950,3449
2022-06-05,4 wk ahead inc case,2022-07-02,ES,quantile,0.950,153822
2022-06-05,4 wk ahead inc case,2022-07-02,SE,quantile,0.950,9706
2022-06-05,4 wk ahead inc case,2022-07-02,CH,quantile,0.950,78646
2022-06-05,4 wk ahead inc case,2022-07-02,GB,quantile,0.950,140216
2022-06-05,5 wk ahead inc case,2022-07-09,AT,quantile,0.950,91708
2022-06-05,5 wk ahead inc case,2022-07-09,BE,quantile,0.950,99743
2022-06-05,5 wk ahead inc case,2022-07-09,BG,quantile,0.950,3142
2022-06-05,5 wk ahead inc case,2022-07-09,HR,quantile,0.950,2713
2022-06-05,5 wk ahead inc case,2022-07-09,CY,quantile,0.950,19503
2022-06-05,5 wk ahead inc case,2022-07-09,CZ,quantile,0.950,5321
2022-06-05,5 wk ahead inc case,2022-07-09,DK,quantile,0.950,81965
2022-06-05,5 wk ahead inc case,2022-07-09,EE,quantile,0.950,3962
2022-06-05,5 wk ahead inc case,2022-07-09,FI,quantile,0.950,54048
2022-06-05,5 wk ahead inc case,2022-07-09,FR,quantile,0.950,495565
2022-06-05,5 wk ahead inc case,2022-07-09,DE,quantile,0.950,1.13668e+06
2022-06-05,5 wk ahead inc case,2022-07-09,GR,quantile,0.950,123558
2022-06-05,5 wk ahead inc case,2022-07-09,HU,quantile,0.950,3891
2022-06-05,5 wk ahead inc case,2022-07-09,IS,quantile,0.950,15235
2022-06-05,5 wk ahead inc case,2022-07-09,IE,quantile,0.950,19706
2022-06-05,5 wk ahead inc case,2022-07-09,IT,quantile,0.950,394377
2022-06-05,5 wk ahead inc case,2022-07-09,LV,quantile,0.950,6431
2022-06-05,5 wk ahead inc case,2022-07-09,LI,quantile,0.950,1996
2022-06-05,5 wk ahead inc case,2022-07-09,LT,quantile,0.950,5068
2022-06-05,5 wk ahead inc case,2022-07-09,LU,quantile,0.950,1052
2022-06-05,5 wk ahead inc case,2022-07-09,MT,quantile,0.950,8315
2022-06-05,5 wk ahead inc case,2022-07-09,NL,quantile,0.950,139407
2022-06-05,5 wk ahead inc case,2022-07-09,NO,quantile,0.950,24572
2022-06-05,5 wk ahead inc case,2022-07-09,PL,quantile,0.950,4324
2022-06-05,5 wk ahead inc case,2022-07-09,PT,quantile,0.950,209458
2022-06-05,5 wk ahead inc case,2022-07-09,RO,quantile,0.950,5541
2022-06-05,5 wk ahead inc case,2022-07-09,SK,quantile,0.950,3438
2022-06-05,5 wk ahead inc case,2022-07-09,SI,quantile,0.950,4774
2022-06-05,5 wk ahead inc case,2022-07-09,ES,quantile,0.950,208962
2022-06-05,5 wk ahead inc case,2022-07-09,SE,quantile,0.950,19386
2022-06-05,5 wk ahead inc case,2022-07-09,CH,quantile,0.950,141175
2022-06-05,5 wk ahead inc case,2022-07-09,GB,quantile,0.950,212976
2022-06-05,1 wk ahead inc case,2022-06-11,AT,quantile,0.975,32152
2022-06-05,1 wk ahead inc case,2022-06-11,BE,quantile,0.975,24039
2022-06-05,1 wk ahead inc case,2022-06-11,BG,quantile,0.975,2177
2022-06-05,1 wk ahead inc case,2022-06-11,HR,quantile,0.975,1607
2022-06-05,1 wk ahead inc case,2022-06-11,CY,quantile,0.975,4289
2022-06-05,1 wk ahead inc case,2022-06-11,CZ,quantile,0.975,2788
2022-06-05,1 wk ahead inc case,2022-06-11,DK,quantile,0.975,9466
2022-06-05,1 wk ahead inc case,2022-06-11,EE,quantile,0.975,1757
2022-06-05,1 wk ahead inc case,2022-06-11,FI,quantile,0.975,23786
2022-06-05,1 wk ahead inc case,2022-06-11,FR,quantile,0.975,213837
2022-06-05,1 wk ahead inc case,2022-06-11,DE,quantile,0.975,474607
2022-06-05,1 wk ahead inc case,2022-06-11,GR,quantile,0.975,50229
2022-06-05,1 wk ahead inc case,2022-06-11,HU,quantile,0.975,4581
2022-06-05,1 wk ahead inc case,2022-06-11,IS,quantile,0.975,2834
2022-06-05,1 wk ahead inc case,2022-06-11,IE,quantile,0.975,14141
2022-06-05,1 wk ahead inc case,2022-06-11,IT,quantile,0.975,233569
2022-06-05,1 wk ahead inc case,2022-06-11,LV,quantile,0.975,2286
2022-06-05,1 wk ahead inc case,2022-06-11,LI,quantile,0.975,238
2022-06-05,1 wk ahead inc case,2022-06-11,LT,quantile,0.975,1665
2022-06-05,1 wk ahead inc case,2022-06-11,LU,quantile,0.975,1378
2022-06-05,1 wk ahead inc case,2022-06-11,MT,quantile,0.975,1395
2022-06-05,1 wk ahead inc case,2022-06-11,NL,quantile,0.975,22923
2022-06-05,1 wk ahead inc case,2022-06-11,NO,quantile,0.975,4575
2022-06-05,1 wk ahead inc case,2022-06-11,PL,quantile,0.975,2756
2022-06-05,1 wk ahead inc case,2022-06-11,PT,quantile,0.975,197745
2022-06-05,1 wk ahead inc case,2022-06-11,RO,quantile,0.975,3899
2022-06-05,1 wk ahead inc case,2022-06-11,SK,quantile,0.975,2415
2022-06-05,1 wk ahead inc case,2022-06-11,SI,quantile,0.975,3253
2022-06-05,1 wk ahead inc case,2022-06-11,ES,quantile,0.975,99295
2022-06-05,1 wk ahead inc case,2022-06-11,SE,quantile,0.975,3203
2022-06-05,1 wk ahead inc case,2022-06-11,CH,quantile,0.975,17168
2022-06-05,1 wk ahead inc case,2022-06-11,GB,quantile,0.975,74693
2022-06-05,2 wk ahead inc case,2022-06-18,AT,quantile,0.975,38372
2022-06-05,2 wk ahead inc case,2022-06-18,BE,quantile,0.975,28936
2022-06-05,2 wk ahead inc case,2022-06-18,BG,quantile,0.975,2015
2022-06-05,2 wk ahead inc case,2022-06-18,HR,quantile,0.975,1329
2022-06-05,2 wk ahead inc case,2022-06-18,CY,quantile,0.975,5564
2022-06-05,2 wk ahead inc case,2022-06-18,CZ,quantile,0.975,2695
2022-06-05,2 wk ahead inc case,2022-06-18,DK,quantile,0.975,13257
2022-06-05,2 wk ahead inc case,2022-06-18,EE,quantile,0.975,1849
2022-06-05,2 wk ahead inc case,2022-06-18,FI,quantile,0.975,22873
2022-06-05,2 wk ahead inc case,2022-06-18,FR,quantile,0.975,238408
2022-06-05,2 wk ahead inc case,2022-06-18,DE,quantile,0.975,512511
2022-06-05,2 wk ahead inc case,2022-06-18,GR,quantile,0.975,51601
2022-06-05,2 wk ahead inc case,2022-06-18,HU,quantile,0.975,4177
2022-06-05,2 wk ahead inc case,2022-06-18,IS,quantile,0.975,5502
2022-06-05,2 wk ahead inc case,2022-06-18,IE,quantile,0.975,13455
2022-06-05,2 wk ahead inc case,2022-06-18,IT,quantile,0.975,227317
2022-06-05,2 wk ahead inc case,2022-06-18,LV,quantile,0.975,2456
2022-06-05,2 wk ahead inc case,2022-06-18,LI,quantile,0.975,347
2022-06-05,2 wk ahead inc case,2022-06-18,LT,quantile,0.975,1876
2022-06-05,2 wk ahead inc case,2022-06-18,LU,quantile,0.975,1261
2022-06-05,2 wk ahead inc case,2022-06-18,MT,quantile,0.975,1756
2022-06-05,2 wk ahead inc case,2022-06-18,NL,quantile,0.975,30775
2022-06-05,2 wk ahead inc case,2022-06-18,NO,quantile,0.975,5994
2022-06-05,2 wk ahead inc case,2022-06-18,PL,quantile,0.975,2567
2022-06-05,2 wk ahead inc case,2022-06-18,PT,quantile,0.975,208414
2022-06-05,2 wk ahead inc case,2022-06-18,RO,quantile,0.975,3547
2022-06-05,2 wk ahead inc case,2022-06-18,SK,quantile,0.975,2333
2022-06-05,2 wk ahead inc case,2022-06-18,SI,quantile,0.975,3165
2022-06-05,2 wk ahead inc case,2022-06-18,ES,quantile,0.975,106609
2022-06-05,2 wk ahead inc case,2022-06-18,SE,quantile,0.975,4088
2022-06-05,2 wk ahead inc case,2022-06-18,CH,quantile,0.975,24294
2022-06-05,2 wk ahead inc case,2022-06-18,GB,quantile,0.975,84412
2022-06-05,3 wk ahead inc case,2022-06-25,AT,quantile,0.975,48925
2022-06-05,3 wk ahead inc case,2022-06-25,BE,quantile,0.975,45249
2022-06-05,3 wk ahead inc case,2022-06-25,BG,quantile,0.975,1895
2022-06-05,3 wk ahead inc case,2022-06-25,HR,quantile,0.975,1244
2022-06-05,3 wk ahead inc case,2022-06-25,CY,quantile,0.975,7928
2022-06-05,3 wk ahead inc case,2022-06-25,CZ,quantile,0.975,2708
2022-06-05,3 wk ahead inc case,2022-06-25,DK,quantile,0.975,20872
2022-06-05,3 wk ahead inc case,2022-06-25,EE,quantile,0.975,2035
2022-06-05,3 wk ahead inc case,2022-06-25,FI,quantile,0.975,22583
2022-06-05,3 wk ahead inc case,2022-06-25,FR,quantile,0.975,283117
2022-06-05,3 wk ahead inc case,2022-06-25,DE,quantile,0.975,590152
2022-06-05,3 wk ahead inc case,2022-06-25,GR,quantile,0.975,54351
2022-06-05,3 wk ahead inc case,2022-06-25,HU,quantile,0.975,3924
2022-06-05,3 wk ahead inc case,2022-06-25,IS,quantile,0.975,10552
2022-06-05,3 wk ahead inc case,2022-06-25,IE,quantile,0.975,13502
2022-06-05,3 wk ahead inc case,2022-06-25,IT,quantile,0.975,228387
2022-06-05,3 wk ahead inc case,2022-06-25,LV,quantile,0.975,2778
2022-06-05,3 wk ahead inc case,2022-06-25,LI,quantile,0.975,532
2022-06-05,3 wk ahead inc case,2022-06-25,LT,quantile,0.975,2214
2022-06-05,3 wk ahead inc case,2022-06-25,LU,quantile,0.975,1158
2022-06-05,3 wk ahead inc case,2022-06-25,MT,quantile,0.975,2410
2022-06-05,3 wk ahead inc case,2022-06-25,NL,quantile,0.975,44278
2022-06-05,3 wk ahead inc case,2022-06-25,NO,quantile,0.975,8175
2022-06-05,3 wk ahead inc case,2022-06-25,PL,quantile,0.975,2436
2022-06-05,3 wk ahead inc case,2022-06-25,PT,quantile,0.975,216608
2022-06-05,3 wk ahead inc case,2022-06-25,RO,quantile,0.975,3256
2022-06-05,3 wk ahead inc case,2022-06-25,SK,quantile,0.975,2351
2022-06-05,3 wk ahead inc case,2022-06-25,SI,quantile,0.975,3203
2022-06-05,3 wk ahead inc case,2022-06-25,ES,quantile,0.975,122514
2022-06-05,3 wk ahead inc case,2022-06-25,SE,quantile,0.975,5852
2022-06-05,3 wk ahead inc case,2022-06-25,CH,quantile,0.975,41928
2022-06-05,3 wk ahead inc case,2022-06-25,GB,quantile,0.975,102827
2022-06-05,4 wk ahead inc case,2022-07-02,AT,quantile,0.975,65819
2022-06-05,4 wk ahead inc case,2022-07-02,BE,quantile,0.975,78045
2022-06-05,4 wk ahead inc case,2022-07-02,BG,quantile,0.975,2136
2022-06-05,4 wk ahead inc case,2022-07-02,HR,quantile,0.975,1505
2022-06-05,4 wk ahead inc case,2022-07-02,CY,quantile,0.975,12301
2022-06-05,4 wk ahead inc case,2022-07-02,CZ,quantile,0.975,3566
2022-06-05,4 wk ahead inc case,2022-07-02,DK,quantile,0.975,38307
2022-06-05,4 wk ahead inc case,2022-07-02,EE,quantile,0.975,2668
2022-06-05,4 wk ahead inc case,2022-07-02,FI,quantile,0.975,34253
2022-06-05,4 wk ahead inc case,2022-07-02,FR,quantile,0.975,382890
2022-06-05,4 wk ahead inc case,2022-07-02,DE,quantile,0.975,925412
2022-06-05,4 wk ahead inc case,2022-07-02,GR,quantile,0.975,77210
2022-06-05,4 wk ahead inc case,2022-07-02,HU,quantile,0.975,3820
2022-06-05,4 wk ahead inc case,2022-07-02,IS,quantile,0.975,13242
2022-06-05,4 wk ahead inc case,2022-07-02,IE,quantile,0.975,14498
2022-06-05,4 wk ahead inc case,2022-07-02,IT,quantile,0.975,273530
2022-06-05,4 wk ahead inc case,2022-07-02,LV,quantile,0.975,4093
2022-06-05,4 wk ahead inc case,2022-07-02,LI,quantile,0.975,1022
2022-06-05,4 wk ahead inc case,2022-07-02,LT,quantile,0.975,3227
2022-06-05,4 wk ahead inc case,2022-07-02,LU,quantile,0.975,1091
2022-06-05,4 wk ahead inc case,2022-07-02,MT,quantile,0.975,4286
2022-06-05,4 wk ahead inc case,2022-07-02,NL,quantile,0.975,71728
2022-06-05,4 wk ahead inc case,2022-07-02,NO,quantile,0.975,13128
2022-06-05,4 wk ahead inc case,2022-07-02,PL,quantile,0.975,2871
2022-06-05,4 wk ahead inc case,2022-07-02,PT,quantile,0.975,215718
2022-06-05,4 wk ahead inc case,2022-07-02,RO,quantile,0.975,3699
2022-06-05,4 wk ahead inc case,2022-07-02,SK,quantile,0.975,2634
2022-06-05,4 wk ahead inc case,2022-07-02,SI,quantile,0.975,3692
2022-06-05,4 wk ahead inc case,2022-07-02,ES,quantile,0.975,156505
2022-06-05,4 wk ahead inc case,2022-07-02,SE,quantile,0.975,10453
2022-06-05,4 wk ahead inc case,2022-07-02,CH,quantile,0.975,81278
2022-06-05,4 wk ahead inc case,2022-07-02,GB,quantile,0.975,142897
2022-06-05,5 wk ahead inc case,2022-07-09,AT,quantile,0.975,91708
2022-06-05,5 wk ahead inc case,2022-07-09,BE,quantile,0.975,106546
2022-06-05,5 wk ahead inc case,2022-07-09,BG,quantile,0.975,3208
2022-06-05,5 wk ahead inc case,2022-07-09,HR,quantile,0.975,2869
2022-06-05,5 wk ahead inc case,2022-07-09,CY,quantile,0.975,20136
2022-06-05,5 wk ahead inc case,2022-07-09,CZ,quantile,0.975,5555
2022-06-05,5 wk ahead inc case,2022-07-09,DK,quantile,0.975,81965
2022-06-05,5 wk ahead inc case,2022-07-09,EE,quantile,0.975,4415
2022-06-05,5 wk ahead inc case,2022-07-09,FI,quantile,0.975,58458
2022-06-05,5 wk ahead inc case,2022-07-09,FR,quantile,0.975,528420
2022-06-05,5 wk ahead inc case,2022-07-09,DE,quantile,0.975,1.59793e+06
2022-06-05,5 wk ahead inc case,2022-07-09,GR,quantile,0.975,124338
2022-06-05,5 wk ahead inc case,2022-07-09,HU,quantile,0.975,3891
2022-06-05,5 wk ahead inc case,2022-07-09,IS,quantile,0.975,15235
2022-06-05,5 wk ahead inc case,2022-07-09,IE,quantile,0.975,21414
2022-06-05,5 wk ahead inc case,2022-07-09,IT,quantile,0.975,428528
2022-06-05,5 wk ahead inc case,2022-07-09,LV,quantile,0.975,7237
2022-06-05,5 wk ahead inc case,2022-07-09,LI,quantile,0.975,1996
2022-06-05,5 wk ahead inc case,2022-07-09,LT,quantile,0.975,5529
2022-06-05,5 wk ahead inc case,2022-07-09,LU,quantile,0.975,1052
2022-06-05,5 wk ahead inc case,2022-07-09,MT,quantile,0.975,9156
2022-06-05,5 wk ahead inc case,2022-07-09,NL,quantile,0.975,139407
2022-06-05,5 wk ahead inc case,2022-07-09,NO,quantile,0.975,26030
2022-06-05,5 wk ahead inc case,2022-07-09,PL,quantile,0.975,4485
2022-06-05,5 wk ahead inc case,2022-07-09,PT,quantile,0.975,209458
2022-06-05,5 wk ahead inc case,2022-07-09,RO,quantile,0.975,5588
2022-06-05,5 wk ahead inc case,2022-07-09,SK,quantile,0.975,3718
2022-06-05,5 wk ahead inc case,2022-07-09,SI,quantile,0.975,5356
2022-06-05,5 wk ahead inc case,2022-07-09,ES,quantile,0.975,211213
2022-06-05,5 wk ahead inc case,2022-07-09,SE,quantile,0.975,23140
2022-06-05,5 wk ahead inc case,2022-07-09,CH,quantile,0.975,141472
2022-06-05,5 wk ahead inc case,2022-07-09,GB,quantile,0.975,231348
2022-06-05,1 wk ahead inc case,2022-06-11,AT,quantile,0.990,32152
2022-06-05,1 wk ahead inc case,2022-06-11,BE,quantile,0.990,24039
2022-06-05,1 wk ahead inc case,2022-06-11,BG,quantile,0.990,2177
2022-06-05,1 wk ahead inc case,2022-06-11,HR,quantile,0.990,1607
2022-06-05,1 wk ahead inc case,2022-06-11,CY,quantile,0.990,4289
2022-06-05,1 wk ahead inc case,2022-06-11,CZ,quantile,0.990,2788
2022-06-05,1 wk ahead inc case,2022-06-11,DK,quantile,0.990,9466
2022-06-05,1 wk ahead inc case,2022-06-11,EE,quantile,0.990,1757
2022-06-05,1 wk ahead inc case,2022-06-11,FI,quantile,0.990,23786
2022-06-05,1 wk ahead inc case,2022-06-11,FR,quantile,0.990,213837
2022-06-05,1 wk ahead inc case,2022-06-11,DE,quantile,0.990,474607
2022-06-05,1 wk ahead inc case,2022-06-11,GR,quantile,0.990,50229
2022-06-05,1 wk ahead inc case,2022-06-11,HU,quantile,0.990,4581
2022-06-05,1 wk ahead inc case,2022-06-11,IS,quantile,0.990,2834
2022-06-05,1 wk ahead inc case,2022-06-11,IE,quantile,0.990,14141
2022-06-05,1 wk ahead inc case,2022-06-11,IT,quantile,0.990,233569
2022-06-05,1 wk ahead inc case,2022-06-11,LV,quantile,0.990,2286
2022-06-05,1 wk ahead inc case,2022-06-11,LI,quantile,0.990,238
2022-06-05,1 wk ahead inc case,2022-06-11,LT,quantile,0.990,1665
2022-06-05,1 wk ahead inc case,2022-06-11,LU,quantile,0.990,1378
2022-06-05,1 wk ahead inc case,2022-06-11,MT,quantile,0.990,1395
2022-06-05,1 wk ahead inc case,2022-06-11,NL,quantile,0.990,22923
2022-06-05,1 wk ahead inc case,2022-06-11,NO,quantile,0.990,4575
2022-06-05,1 wk ahead inc case,2022-06-11,PL,quantile,0.990,2756
2022-06-05,1 wk ahead inc case,2022-06-11,PT,quantile,0.990,197745
2022-06-05,1 wk ahead inc case,2022-06-11,RO,quantile,0.990,3899
2022-06-05,1 wk ahead inc case,2022-06-11,SK,quantile,0.990,2415
2022-06-05,1 wk ahead inc case,2022-06-11,SI,quantile,0.990,3253
2022-06-05,1 wk ahead inc case,2022-06-11,ES,quantile,0.990,99295
2022-06-05,1 wk ahead inc case,2022-06-11,SE,quantile,0.990,3203
2022-06-05,1 wk ahead inc case,2022-06-11,CH,quantile,0.990,17168
2022-06-05,1 wk ahead inc case,2022-06-11,GB,quantile,0.990,74693
2022-06-05,2 wk ahead inc case,2022-06-18,AT,quantile,0.990,38372
2022-06-05,2 wk ahead inc case,2022-06-18,BE,quantile,0.990,28936
2022-06-05,2 wk ahead inc case,2022-06-18,BG,quantile,0.990,2015
2022-06-05,2 wk ahead inc case,2022-06-18,HR,quantile,0.990,1329
2022-06-05,2 wk ahead inc case,2022-06-18,CY,quantile,0.990,5564
2022-06-05,2 wk ahead inc case,2022-06-18,CZ,quantile,0.990,2695
2022-06-05,2 wk ahead inc case,2022-06-18,DK,quantile,0.990,13257
2022-06-05,2 wk ahead inc case,2022-06-18,EE,quantile,0.990,1849
2022-06-05,2 wk ahead inc case,2022-06-18,FI,quantile,0.990,22873
2022-06-05,2 wk ahead inc case,2022-06-18,FR,quantile,0.990,238408
2022-06-05,2 wk ahead inc case,2022-06-18,DE,quantile,0.990,512511
2022-06-05,2 wk ahead inc case,2022-06-18,GR,quantile,0.990,51601
2022-06-05,2 wk ahead inc case,2022-06-18,HU,quantile,0.990,4177
2022-06-05,2 wk ahead inc case,2022-06-18,IS,quantile,0.990,5502
2022-06-05,2 wk ahead inc case,2022-06-18,IE,quantile,0.990,13455
2022-06-05,2 wk ahead inc case,2022-06-18,IT,quantile,0.990,227317
2022-06-05,2 wk ahead inc case,2022-06-18,LV,quantile,0.990,2456
2022-06-05,2 wk ahead inc case,2022-06-18,LI,quantile,0.990,347
2022-06-05,2 wk ahead inc case,2022-06-18,LT,quantile,0.990,1876
2022-06-05,2 wk ahead inc case,2022-06-18,LU,quantile,0.990,1261
2022-06-05,2 wk ahead inc case,2022-06-18,MT,quantile,0.990,1756
2022-06-05,2 wk ahead inc case,2022-06-18,NL,quantile,0.990,30775
2022-06-05,2 wk ahead inc case,2022-06-18,NO,quantile,0.990,5994
2022-06-05,2 wk ahead inc case,2022-06-18,PL,quantile,0.990,2567
2022-06-05,2 wk ahead inc case,2022-06-18,PT,quantile,0.990,208414
2022-06-05,2 wk ahead inc case,2022-06-18,RO,quantile,0.990,3547
2022-06-05,2 wk ahead inc case,2022-06-18,SK,quantile,0.990,2333
2022-06-05,2 wk ahead inc case,2022-06-18,SI,quantile,0.990,3165
2022-06-05,2 wk ahead inc case,2022-06-18,ES,quantile,0.990,106609
2022-06-05,2 wk ahead inc case,2022-06-18,SE,quantile,0.990,4088
2022-06-05,2 wk ahead inc case,2022-06-18,CH,quantile,0.990,24294
2022-06-05,2 wk ahead inc case,2022-06-18,GB,quantile,0.990,84412
2022-06-05,3 wk ahead inc case,2022-06-25,AT,quantile,0.990,48925
2022-06-05,3 wk ahead inc case,2022-06-25,BE,quantile,0.990,45249
2022-06-05,3 wk ahead inc case,2022-06-25,BG,quantile,0.990,1895
2022-06-05,3 wk ahead inc case,2022-06-25,HR,quantile,0.990,1244
2022-06-05,3 wk ahead inc case,2022-06-25,CY,quantile,0.990,7928
2022-06-05,3 wk ahead inc case,2022-06-25,CZ,quantile,0.990,2708
2022-06-05,3 wk ahead inc case,2022-06-25,DK,quantile,0.990,20872
2022-06-05,3 wk ahead inc case,2022-06-25,EE,quantile,0.990,2035
2022-06-05,3 wk ahead inc case,2022-06-25,FI,quantile,0.990,22583
2022-06-05,3 wk ahead inc case,2022-06-25,FR,quantile,0.990,283117
2022-06-05,3 wk ahead inc case,2022-06-25,DE,quantile,0.990,590152
2022-06-05,3 wk ahead inc case,2022-06-25,GR,quantile,0.990,54351
2022-06-05,3 wk ahead inc case,2022-06-25,HU,quantile,0.990,3924
2022-06-05,3 wk ahead inc case,2022-06-25,IS,quantile,0.990,10552
2022-06-05,3 wk ahead inc case,2022-06-25,IE,quantile,0.990,13502
2022-06-05,3 wk ahead inc case,2022-06-25,IT,quantile,0.990,228387
2022-06-05,3 wk ahead inc case,2022-06-25,LV,quantile,0.990,2778
2022-06-05,3 wk ahead inc case,2022-06-25,LI,quantile,0.990,532
2022-06-05,3 wk ahead inc case,2022-06-25,LT,quantile,0.990,2214
2022-06-05,3 wk ahead inc case,2022-06-25,LU,quantile,0.990,1158
2022-06-05,3 wk ahead inc case,2022-06-25,MT,quantile,0.990,2410
2022-06-05,3 wk ahead inc case,2022-06-25,NL,quantile,0.990,44278
2022-06-05,3 wk ahead inc case,2022-06-25,NO,quantile,0.990,8175
2022-06-05,3 wk ahead inc case,2022-06-25,PL,quantile,0.990,2436
2022-06-05,3 wk ahead inc case,2022-06-25,PT,quantile,0.990,216608
2022-06-05,3 wk ahead inc case,2022-06-25,RO,quantile,0.990,3256
2022-06-05,3 wk ahead inc case,2022-06-25,SK,quantile,0.990,2351
2022-06-05,3 wk ahead inc case,2022-06-25,SI,quantile,0.990,3203
2022-06-05,3 wk ahead inc case,2022-06-25,ES,quantile,0.990,122514
2022-06-05,3 wk ahead inc case,2022-06-25,SE,quantile,0.990,5852
2022-06-05,3 wk ahead inc case,2022-06-25,CH,quantile,0.990,41928
2022-06-05,3 wk ahead inc case,2022-06-25,GB,quantile,0.990,102827
2022-06-05,4 wk ahead inc case,2022-07-02,AT,quantile,0.990,65819
2022-06-05,4 wk ahead inc case,2022-07-02,BE,quantile,0.990,78045
2022-06-05,4 wk ahead inc case,2022-07-02,BG,quantile,0.990,2136
2022-06-05,4 wk ahead inc case,2022-07-02,HR,quantile,0.990,1505
2022-06-05,4 wk ahead inc case,2022-07-02,CY,quantile,0.990,12301
2022-06-05,4 wk ahead inc case,2022-07-02,CZ,quantile,0.990,3566
2022-06-05,4 wk ahead inc case,2022-07-02,DK,quantile,0.990,38307
2022-06-05,4 wk ahead inc case,2022-07-02,EE,quantile,0.990,2668
2022-06-05,4 wk ahead inc case,2022-07-02,FI,quantile,0.990,34253
2022-06-05,4 wk ahead inc case,2022-07-02,FR,quantile,0.990,382890
2022-06-05,4 wk ahead inc case,2022-07-02,DE,quantile,0.990,925412
2022-06-05,4 wk ahead inc case,2022-07-02,GR,quantile,0.990,77210
2022-06-05,4 wk ahead inc case,2022-07-02,HU,quantile,0.990,3820
2022-06-05,4 wk ahead inc case,2022-07-02,IS,quantile,0.990,13242
2022-06-05,4 wk ahead inc case,2022-07-02,IE,quantile,0.990,14498
2022-06-05,4 wk ahead inc case,2022-07-02,IT,quantile,0.990,273530
2022-06-05,4 wk ahead inc case,2022-07-02,LV,quantile,0.990,4093
2022-06-05,4 wk ahead inc case,2022-07-02,LI,quantile,0.990,1022
2022-06-05,4 wk ahead inc case,2022-07-02,LT,quantile,0.990,3227
2022-06-05,4 wk ahead inc case,2022-07-02,LU,quantile,0.990,1091
2022-06-05,4 wk ahead inc case,2022-07-02,MT,quantile,0.990,4286
2022-06-05,4 wk ahead inc case,2022-07-02,NL,quantile,0.990,71728
2022-06-05,4 wk ahead inc case,2022-07-02,NO,quantile,0.990,13128
2022-06-05,4 wk ahead inc case,2022-07-02,PL,quantile,0.990,2871
2022-06-05,4 wk ahead inc case,2022-07-02,PT,quantile,0.990,215718
2022-06-05,4 wk ahead inc case,2022-07-02,RO,quantile,0.990,3699
2022-06-05,4 wk ahead inc case,2022-07-02,SK,quantile,0.990,2634
2022-06-05,4 wk ahead inc case,2022-07-02,SI,quantile,0.990,3692
2022-06-05,4 wk ahead inc case,2022-07-02,ES,quantile,0.990,156505
2022-06-05,4 wk ahead inc case,2022-07-02,SE,quantile,0.990,10453
2022-06-05,4 wk ahead inc case,2022-07-02,CH,quantile,0.990,81278
2022-06-05,4 wk ahead inc case,2022-07-02,GB,quantile,0.990,142897
2022-06-05,5 wk ahead inc case,2022-07-09,AT,quantile,0.990,91708
2022-06-05,5 wk ahead inc case,2022-07-09,BE,quantile,0.990,106546
2022-06-05,5 wk ahead inc case,2022-07-09,BG,quantile,0.990,3208
2022-06-05,5 wk ahead inc case,2022-07-09,HR,quantile,0.990,2869
2022-06-05,5 wk ahead inc case,2022-07-09,CY,quantile,0.990,20136
2022-06-05,5 wk ahead inc case,2022-07-09,CZ,quantile,0.990,5555
2022-06-05,5 wk ahead inc case,2022-07-09,DK,quantile,0.990,81965
2022-06-05,5 wk ahead inc case,2022-07-09,EE,quantile,0.990,4415
2022-06-05,5 wk ahead inc case,2022-07-09,FI,quantile,0.990,58458
2022-06-05,5 wk ahead inc case,2022-07-09,FR,quantile,0.990,528420
2022-06-05,5 wk ahead inc case,2022-07-09,DE,quantile,0.990,1.59793e+06
2022-06-05,5 wk ahead inc case,2022-07-09,GR,quantile,0.990,124338
2022-06-05,5 wk ahead inc case,2022-07-09,HU,quantile,0.990,3891
2022-06-05,5 wk ahead inc case,2022-07-09,IS,quantile,0.990,15235
2022-06-05,5 wk ahead inc case,2022-07-09,IE,quantile,0.990,21414
2022-06-05,5 wk ahead inc case,2022-07-09,IT,quantile,0.990,428528
2022-06-05,5 wk ahead inc case,2022-07-09,LV,quantile,0.990,7237
2022-06-05,5 wk ahead inc case,2022-07-09,LI,quantile,0.990,1996
2022-06-05,5 wk ahead inc case,2022-07-09,LT,quantile,0.990,5529
2022-06-05,5 wk ahead inc case,2022-07-09,LU,quantile,0.990,1052
2022-06-05,5 wk ahead inc case,2022-07-09,MT,quantile,0.990,9156
2022-06-05,5 wk ahead inc case,2022-07-09,NL,quantile,0.990,139407
2022-06-05,5 wk ahead inc case,2022-07-09,NO,quantile,0.990,26030
2022-06-05,5 wk ahead inc case,2022-07-09,PL,quantile,0.990,4485
2022-06-05,5 wk ahead inc case,2022-07-09,PT,quantile,0.990,209458
2022-06-05,5 wk ahead inc case,2022-07-09,RO,quantile,0.990,5588
2022-06-05,5 wk ahead inc case,2022-07-09,SK,quantile,0.990,3718
2022-06-05,5 wk ahead inc case,2022-07-09,SI,quantile,0.990,5356
2022-06-05,5 wk ahead inc case,2022-07-09,ES,quantile,0.990,211213
2022-06-05,5 wk ahead inc case,2022-07-09,SE,quantile,0.990,23140
2022-06-05,5 wk ahead inc case,2022-07-09,CH,quantile,0.990,141472
2022-06-05,5 wk ahead inc case,2022-07-09,GB,quantile,0.990,231348
2022-06-05,1 wk ahead inc death,2022-06-11,AT,quantile,0.010,19
2022-06-05,1 wk ahead inc death,2022-06-11,BE,quantile,0.010,33
2022-06-05,1 wk ahead inc death,2022-06-11,BG,quantile,0.010,14
2022-06-05,1 wk ahead inc death,2022-06-11,HR,quantile,0.010,23
2022-06-05,1 wk ahead inc death,2022-06-11,CY,quantile,0.010,2
2022-06-05,1 wk ahead inc death,2022-06-11,CZ,quantile,0.010,6
2022-06-05,1 wk ahead inc death,2022-06-11,DK,quantile,0.010,20
2022-06-05,1 wk ahead inc death,2022-06-11,EE,quantile,0.010,0
2022-06-05,1 wk ahead inc death,2022-06-11,FI,quantile,0.010,42
2022-06-05,1 wk ahead inc death,2022-06-11,FR,quantile,0.010,191
2022-06-05,1 wk ahead inc death,2022-06-11,DE,quantile,0.010,324
2022-06-05,1 wk ahead inc death,2022-06-11,GR,quantile,0.010,62
2022-06-05,1 wk ahead inc death,2022-06-11,HU,quantile,0.010,24
2022-06-05,1 wk ahead inc death,2022-06-11,IS,quantile,0.010,0
2022-06-05,1 wk ahead inc death,2022-06-11,IE,quantile,0.010,11
2022-06-05,1 wk ahead inc death,2022-06-11,IT,quantile,0.010,311
2022-06-05,1 wk ahead inc death,2022-06-11,LV,quantile,0.010,2
2022-06-05,1 wk ahead inc death,2022-06-11,LI,quantile,0.010,0
2022-06-05,1 wk ahead inc death,2022-06-11,LT,quantile,0.010,2
2022-06-05,1 wk ahead inc death,2022-06-11,LU,quantile,0.010,1
2022-06-05,1 wk ahead inc death,2022-06-11,MT,quantile,0.010,3
2022-06-05,1 wk ahead inc death,2022-06-11,NL,quantile,0.010,3
2022-06-05,1 wk ahead inc death,2022-06-11,NO,quantile,0.010,23
2022-06-05,1 wk ahead inc death,2022-06-11,PL,quantile,0.010,8
2022-06-05,1 wk ahead inc death,2022-06-11,PT,quantile,0.010,200
2022-06-05,1 wk ahead inc death,2022-06-11,RO,quantile,0.010,9
2022-06-05,1 wk ahead inc death,2022-06-11,SK,quantile,0.010,7
2022-06-05,1 wk ahead inc death,2022-06-11,SI,quantile,0.010,3
2022-06-05,1 wk ahead inc death,2022-06-11,ES,quantile,0.010,392
2022-06-05,1 wk ahead inc death,2022-06-11,SE,quantile,0.010,15
2022-06-05,1 wk ahead inc death,2022-06-11,CH,quantile,0.010,2
2022-06-05,1 wk ahead inc death,2022-06-11,GB,quantile,0.010,180
2022-06-05,2 wk ahead inc death,2022-06-18,AT,quantile,0.010,16
2022-06-05,2 wk ahead inc death,2022-06-18,BE,quantile,0.010,25
2022-06-05,2 wk ahead inc death,2022-06-18,BG,quantile,0.010,11
2022-06-05,2 wk ahead inc death,2022-06-18,HR,quantile,0.010,22
2022-06-05,2 wk ahead inc death,2022-06-18,CY,quantile,0.010,1
2022-06-05,2 wk ahead inc death,2022-06-18,CZ,quantile,0.010,4
2022-06-05,2 wk ahead inc death,2022-06-18,DK,quantile,0.010,20
2022-06-05,2 wk ahead inc death,2022-06-18,EE,quantile,0.010,0
2022-06-05,2 wk ahead inc death,2022-06-18,FI,quantile,0.010,39
2022-06-05,2 wk ahead inc death,2022-06-18,FR,quantile,0.010,146
2022-06-05,2 wk ahead inc death,2022-06-18,DE,quantile,0.010,259
2022-06-05,2 wk ahead inc death,2022-06-18,GR,quantile,0.010,57
2022-06-05,2 wk ahead inc death,2022-06-18,HU,quantile,0.010,21
2022-06-05,2 wk ahead inc death,2022-06-18,IS,quantile,0.010,0
2022-06-05,2 wk ahead inc death,2022-06-18,IE,quantile,0.010,12
2022-06-05,2 wk ahead inc death,2022-06-18,IT,quantile,0.010,271
2022-06-05,2 wk ahead inc death,2022-06-18,LV,quantile,0.010,1
2022-06-05,2 wk ahead inc death,2022-06-18,LI,quantile,0.010,0
2022-06-05,2 wk ahead inc death,2022-06-18,LT,quantile,0.010,1
2022-06-05,2 wk ahead inc death,2022-06-18,LU,quantile,0.010,1
2022-06-05,2 wk ahead inc death,2022-06-18,MT,quantile,0.010,3
2022-06-05,2 wk ahead inc death,2022-06-18,NL,quantile,0.010,2
2022-06-05,2 wk ahead inc death,2022-06-18,NO,quantile,0.010,27
2022-06-05,2 wk ahead inc death,2022-06-18,PL,quantile,0.010,7
2022-06-05,2 wk ahead inc death,2022-06-18,PT,quantile,0.010,218
2022-06-05,2 wk ahead inc death,2022-06-18,RO,quantile,0.010,7
2022-06-05,2 wk ahead inc death,2022-06-18,SK,quantile,0.010,3
2022-06-05,2 wk ahead inc death,2022-06-18,SI,quantile,0.010,3
2022-06-05,2 wk ahead inc death,2022-06-18,ES,quantile,0.010,408
2022-06-05,2 wk ahead inc death,2022-06-18,SE,quantile,0.010,15
2022-06-05,2 wk ahead inc death,2022-06-18,CH,quantile,0.010,2
2022-06-05,2 wk ahead inc death,2022-06-18,GB,quantile,0.010,142
2022-06-05,3 wk ahead inc death,2022-06-25,AT,quantile,0.010,17
2022-06-05,3 wk ahead inc death,2022-06-25,BE,quantile,0.010,23
2022-06-05,3 wk ahead inc death,2022-06-25,BG,quantile,0.010,10
2022-06-05,3 wk ahead inc death,2022-06-25,HR,quantile,0.010,18
2022-06-05,3 wk ahead inc death,2022-06-25,CY,quantile,0.010,1
2022-06-05,3 wk ahead inc death,2022-06-25,CZ,quantile,0.010,3
2022-06-05,3 wk ahead inc death,2022-06-25,DK,quantile,0.010,21
2022-06-05,3 wk ahead inc death,2022-06-25,EE,quantile,0.010,0
2022-06-05,3 wk ahead inc death,2022-06-25,FI,quantile,0.010,29
2022-06-05,3 wk ahead inc death,2022-06-25,FR,quantile,0.010,141
2022-06-05,3 wk ahead inc death,2022-06-25,DE,quantile,0.010,213
2022-06-05,3 wk ahead inc death,2022-06-25,GR,quantile,0.010,54
2022-06-05,3 wk ahead inc death,2022-06-25,HU,quantile,0.010,15
2022-06-05,3 wk ahead inc death,2022-06-25,IS,quantile,0.010,0
2022-06-05,3 wk ahead inc death,2022-06-25,IE,quantile,0.010,13
2022-06-05,3 wk ahead inc death,2022-06-25,IT,quantile,0.010,254
2022-06-05,3 wk ahead inc death,2022-06-25,LV,quantile,0.010,1
2022-06-05,3 wk ahead inc death,2022-06-25,LI,quantile,0.010,0
2022-06-05,3 wk ahead inc death,2022-06-25,LT,quantile,0.010,1
2022-06-05,3 wk ahead inc death,2022-06-25,LU,quantile,0.010,1
2022-06-05,3 wk ahead inc death,2022-06-25,MT,quantile,0.010,3
2022-06-05,3 wk ahead inc death,2022-06-25,NL,quantile,0.010,2
2022-06-05,3 wk ahead inc death,2022-06-25,NO,quantile,0.010,34
2022-06-05,3 wk ahead inc death,2022-06-25,PL,quantile,0.010,6
2022-06-05,3 wk ahead inc death,2022-06-25,PT,quantile,0.010,227
2022-06-05,3 wk ahead inc death,2022-06-25,RO,quantile,0.010,6
2022-06-05,3 wk ahead inc death,2022-06-25,SK,quantile,0.010,1
2022-06-05,3 wk ahead inc death,2022-06-25,SI,quantile,0.010,2
2022-06-05,3 wk ahead inc death,2022-06-25,ES,quantile,0.010,396
2022-06-05,3 wk ahead inc death,2022-06-25,SE,quantile,0.010,14
2022-06-05,3 wk ahead inc death,2022-06-25,CH,quantile,0.010,2
2022-06-05,3 wk ahead inc death,2022-06-25,GB,quantile,0.010,108
2022-06-05,4 wk ahead inc death,2022-07-02,AT,quantile,0.010,21
2022-06-05,4 wk ahead inc death,2022-07-02,BE,quantile,0.010,24
2022-06-05,4 wk ahead inc death,2022-07-02,BG,quantile,0.010,9
2022-06-05,4 wk ahead inc death,2022-07-02,HR,quantile,0.010,14
2022-06-05,4 wk ahead inc death,2022-07-02,CY,quantile,0.010,1
2022-06-05,4 wk ahead inc death,2022-07-02,CZ,quantile,0.010,2
2022-06-05,4 wk ahead inc death,2022-07-02,DK,quantile,0.010,25
2022-06-05,4 wk ahead inc death,2022-07-02,EE,quantile,0.010,0
2022-06-05,4 wk ahead inc death,2022-07-02,FI,quantile,0.010,23
2022-06-05,4 wk ahead inc death,2022-07-02,FR,quantile,0.010,135
2022-06-05,4 wk ahead inc death,2022-07-02,DE,quantile,0.010,179
2022-06-05,4 wk ahead inc death,2022-07-02,GR,quantile,0.010,54
2022-06-05,4 wk ahead inc death,2022-07-02,HU,quantile,0.010,12
2022-06-05,4 wk ahead inc death,2022-07-02,IS,quantile,0.010,0
2022-06-05,4 wk ahead inc death,2022-07-02,IE,quantile,0.010,12
2022-06-05,4 wk ahead inc death,2022-07-02,IT,quantile,0.010,260
2022-06-05,4 wk ahead inc death,2022-07-02,LV,quantile,0.010,1
2022-06-05,4 wk ahead inc death,2022-07-02,LI,quantile,0.010,0
2022-06-05,4 wk ahead inc death,2022-07-02,LT,quantile,0.010,1
2022-06-05,4 wk ahead inc death,2022-07-02,LU,quantile,0.010,0
2022-06-05,4 wk ahead inc death,2022-07-02,MT,quantile,0.010,3
2022-06-05,4 wk ahead inc death,2022-07-02,NL,quantile,0.010,3
2022-06-05,4 wk ahead inc death,2022-07-02,NO,quantile,0.010,39
2022-06-05,4 wk ahead inc death,2022-07-02,PL,quantile,0.010,5
2022-06-05,4 wk ahead inc death,2022-07-02,PT,quantile,0.010,228
2022-06-05,4 wk ahead inc death,2022-07-02,RO,quantile,0.010,5
2022-06-05,4 wk ahead inc death,2022-07-02,SK,quantile,0.010,0
2022-06-05,4 wk ahead inc death,2022-07-02,SI,quantile,0.010,2
2022-06-05,4 wk ahead inc death,2022-07-02,ES,quantile,0.010,385
2022-06-05,4 wk ahead inc death,2022-07-02,SE,quantile,0.010,14
2022-06-05,4 wk ahead inc death,2022-07-02,CH,quantile,0.010,2
2022-06-05,4 wk ahead inc death,2022-07-02,GB,quantile,0.010,95
2022-06-05,5 wk ahead inc death,2022-07-09,AT,quantile,0.010,26
2022-06-05,5 wk ahead inc death,2022-07-09,BE,quantile,0.010,28
2022-06-05,5 wk ahead inc death,2022-07-09,BG,quantile,0.010,10
2022-06-05,5 wk ahead inc death,2022-07-09,HR,quantile,0.010,11
2022-06-05,5 wk ahead inc death,2022-07-09,CY,quantile,0.010,1
2022-06-05,5 wk ahead inc death,2022-07-09,CZ,quantile,0.010,2
2022-06-05,5 wk ahead inc death,2022-07-09,DK,quantile,0.010,32
2022-06-05,5 wk ahead inc death,2022-07-09,EE,quantile,0.010,0
2022-06-05,5 wk ahead inc death,2022-07-09,FI,quantile,0.010,21
2022-06-05,5 wk ahead inc death,2022-07-09,FR,quantile,0.010,132
2022-06-05,5 wk ahead inc death,2022-07-09,DE,quantile,0.010,161
2022-06-05,5 wk ahead inc death,2022-07-09,GR,quantile,0.010,57
2022-06-05,5 wk ahead inc death,2022-07-09,HU,quantile,0.010,11
2022-06-05,5 wk ahead inc death,2022-07-09,IS,quantile,0.010,0
2022-06-05,5 wk ahead inc death,2022-07-09,IE,quantile,0.010,9
2022-06-05,5 wk ahead inc death,2022-07-09,IT,quantile,0.010,273
2022-06-05,5 wk ahead inc death,2022-07-09,LV,quantile,0.010,1
2022-06-05,5 wk ahead inc death,2022-07-09,LI,quantile,0.010,0
2022-06-05,5 wk ahead inc death,2022-07-09,LT,quantile,0.010,1
2022-06-05,5 wk ahead inc death,2022-07-09,LU,quantile,0.010,0
2022-06-05,5 wk ahead inc death,2022-07-09,MT,quantile,0.010,4
2022-06-05,5 wk ahead inc death,2022-07-09,NL,quantile,0.010,3
2022-06-05,5 wk ahead inc death,2022-07-09,NO,quantile,0.010,47
2022-06-05,5 wk ahead inc death,2022-07-09,PL,quantile,0.010,5
2022-06-05,5 wk ahead inc death,2022-07-09,PT,quantile,0.010,221
2022-06-05,5 wk ahead inc death,2022-07-09,RO,quantile,0.010,4
2022-06-05,5 wk ahead inc death,2022-07-09,SK,quantile,0.010,0
2022-06-05,5 wk ahead inc death,2022-07-09,SI,quantile,0.010,2
2022-06-05,5 wk ahead inc death,2022-07-09,ES,quantile,0.010,358
2022-06-05,5 wk ahead inc death,2022-07-09,SE,quantile,0.010,16
2022-06-05,5 wk ahead inc death,2022-07-09,CH,quantile,0.010,3
2022-06-05,5 wk ahead inc death,2022-07-09,GB,quantile,0.010,104
2022-06-05,1 wk ahead inc death,2022-06-11,AT,quantile,0.025,19
2022-06-05,1 wk ahead inc death,2022-06-11,BE,quantile,0.025,33
2022-06-05,1 wk ahead inc death,2022-06-11,BG,quantile,0.025,14
2022-06-05,1 wk ahead inc death,2022-06-11,HR,quantile,0.025,23
2022-06-05,1 wk ahead inc death,2022-06-11,CY,quantile,0.025,2
2022-06-05,1 wk ahead inc death,2022-06-11,CZ,quantile,0.025,6
2022-06-05,1 wk ahead inc death,2022-06-11,DK,quantile,0.025,20
2022-06-05,1 wk ahead inc death,2022-06-11,EE,quantile,0.025,1
2022-06-05,1 wk ahead inc death,2022-06-11,FI,quantile,0.025,42
2022-06-05,1 wk ahead inc death,2022-06-11,FR,quantile,0.025,191
2022-06-05,1 wk ahead inc death,2022-06-11,DE,quantile,0.025,324
2022-06-05,1 wk ahead inc death,2022-06-11,GR,quantile,0.025,62
2022-06-05,1 wk ahead inc death,2022-06-11,HU,quantile,0.025,24
2022-06-05,1 wk ahead inc death,2022-06-11,IS,quantile,0.025,0
2022-06-05,1 wk ahead inc death,2022-06-11,IE,quantile,0.025,11
2022-06-05,1 wk ahead inc death,2022-06-11,IT,quantile,0.025,311
2022-06-05,1 wk ahead inc death,2022-06-11,LV,quantile,0.025,2
2022-06-05,1 wk ahead inc death,2022-06-11,LI,quantile,0.025,0
2022-06-05,1 wk ahead inc death,2022-06-11,LT,quantile,0.025,2
2022-06-05,1 wk ahead inc death,2022-06-11,LU,quantile,0.025,1
2022-06-05,1 wk ahead inc death,2022-06-11,MT,quantile,0.025,3
2022-06-05,1 wk ahead inc death,2022-06-11,NL,quantile,0.025,3
2022-06-05,1 wk ahead inc death,2022-06-11,NO,quantile,0.025,23
2022-06-05,1 wk ahead inc death,2022-06-11,PL,quantile,0.025,8
2022-06-05,1 wk ahead inc death,2022-06-11,PT,quantile,0.025,200
2022-06-05,1 wk ahead inc death,2022-06-11,RO,quantile,0.025,9
2022-06-05,1 wk ahead inc death,2022-06-11,SK,quantile,0.025,7
2022-06-05,1 wk ahead inc death,2022-06-11,SI,quantile,0.025,3
2022-06-05,1 wk ahead inc death,2022-06-11,ES,quantile,0.025,392
2022-06-05,1 wk ahead inc death,2022-06-11,SE,quantile,0.025,15
2022-06-05,1 wk ahead inc death,2022-06-11,CH,quantile,0.025,2
2022-06-05,1 wk ahead inc death,2022-06-11,GB,quantile,0.025,180
2022-06-05,2 wk ahead inc death,2022-06-18,AT,quantile,0.025,16
2022-06-05,2 wk ahead inc death,2022-06-18,BE,quantile,0.025,25
2022-06-05,2 wk ahead inc death,2022-06-18,BG,quantile,0.025,11
2022-06-05,2 wk ahead inc death,2022-06-18,HR,quantile,0.025,22
2022-06-05,2 wk ahead inc death,2022-06-18,CY,quantile,0.025,2
2022-06-05,2 wk ahead inc death,2022-06-18,CZ,quantile,0.025,4
2022-06-05,2 wk ahead inc death,2022-06-18,DK,quantile,0.025,20
2022-06-05,2 wk ahead inc death,2022-06-18,EE,quantile,0.025,0
2022-06-05,2 wk ahead inc death,2022-06-18,FI,quantile,0.025,39
2022-06-05,2 wk ahead inc death,2022-06-18,FR,quantile,0.025,146
2022-06-05,2 wk ahead inc death,2022-06-18,DE,quantile,0.025,259
2022-06-05,2 wk ahead inc death,2022-06-18,GR,quantile,0.025,57
2022-06-05,2 wk ahead inc death,2022-06-18,HU,quantile,0.025,21
2022-06-05,2 wk ahead inc death,2022-06-18,IS,quantile,0.025,0
2022-06-05,2 wk ahead inc death,2022-06-18,IE,quantile,0.025,12
2022-06-05,2 wk ahead inc death,2022-06-18,IT,quantile,0.025,271
2022-06-05,2 wk ahead inc death,2022-06-18,LV,quantile,0.025,2
2022-06-05,2 wk ahead inc death,2022-06-18,LI,quantile,0.025,0
2022-06-05,2 wk ahead inc death,2022-06-18,LT,quantile,0.025,1
2022-06-05,2 wk ahead inc death,2022-06-18,LU,quantile,0.025,1
2022-06-05,2 wk ahead inc death,2022-06-18,MT,quantile,0.025,3
2022-06-05,2 wk ahead inc death,2022-06-18,NL,quantile,0.025,2
2022-06-05,2 wk ahead inc death,2022-06-18,NO,quantile,0.025,27
2022-06-05,2 wk ahead inc death,2022-06-18,PL,quantile,0.025,7
2022-06-05,2 wk ahead inc death,2022-06-18,PT,quantile,0.025,219
2022-06-05,2 wk ahead inc death,2022-06-18,RO,quantile,0.025,7
2022-06-05,2 wk ahead inc death,2022-06-18,SK,quantile,0.025,4
2022-06-05,2 wk ahead inc death,2022-06-18,SI,quantile,0.025,3
2022-06-05,2 wk ahead inc death,2022-06-18,ES,quantile,0.025,408
2022-06-05,2 wk ahead inc death,2022-06-18,SE,quantile,0.025,15
2022-06-05,2 wk ahead inc death,2022-06-18,CH,quantile,0.025,2
2022-06-05,2 wk ahead inc death,2022-06-18,GB,quantile,0.025,142
2022-06-05,3 wk ahead inc death,2022-06-25,AT,quantile,0.025,17
2022-06-05,3 wk ahead inc death,2022-06-25,BE,quantile,0.025,23
2022-06-05,3 wk ahead inc death,2022-06-25,BG,quantile,0.025,10
2022-06-05,3 wk ahead inc death,2022-06-25,HR,quantile,0.025,18
2022-06-05,3 wk ahead inc death,2022-06-25,CY,quantile,0.025,1
2022-06-05,3 wk ahead inc death,2022-06-25,CZ,quantile,0.025,3
2022-06-05,3 wk ahead inc death,2022-06-25,DK,quantile,0.025,21
2022-06-05,3 wk ahead inc death,2022-06-25,EE,quantile,0.025,1
2022-06-05,3 wk ahead inc death,2022-06-25,FI,quantile,0.025,29
2022-06-05,3 wk ahead inc death,2022-06-25,FR,quantile,0.025,141
2022-06-05,3 wk ahead inc death,2022-06-25,DE,quantile,0.025,213
2022-06-05,3 wk ahead inc death,2022-06-25,GR,quantile,0.025,54
2022-06-05,3 wk ahead inc death,2022-06-25,HU,quantile,0.025,15
2022-06-05,3 wk ahead inc death,2022-06-25,IS,quantile,0.025,0
2022-06-05,3 wk ahead inc death,2022-06-25,IE,quantile,0.025,13
2022-06-05,3 wk ahead inc death,2022-06-25,IT,quantile,0.025,255
2022-06-05,3 wk ahead inc death,2022-06-25,LV,quantile,0.025,1
2022-06-05,3 wk ahead inc death,2022-06-25,LI,quantile,0.025,0
2022-06-05,3 wk ahead inc death,2022-06-25,LT,quantile,0.025,1
2022-06-05,3 wk ahead inc death,2022-06-25,LU,quantile,0.025,1
2022-06-05,3 wk ahead inc death,2022-06-25,MT,quantile,0.025,3
2022-06-05,3 wk ahead inc death,2022-06-25,NL,quantile,0.025,2
2022-06-05,3 wk ahead inc death,2022-06-25,NO,quantile,0.025,34
2022-06-05,3 wk ahead inc death,2022-06-25,PL,quantile,0.025,6
2022-06-05,3 wk ahead inc death,2022-06-25,PT,quantile,0.025,229
2022-06-05,3 wk ahead inc death,2022-06-25,RO,quantile,0.025,6
2022-06-05,3 wk ahead inc death,2022-06-25,SK,quantile,0.025,2
2022-06-05,3 wk ahead inc death,2022-06-25,SI,quantile,0.025,2
2022-06-05,3 wk ahead inc death,2022-06-25,ES,quantile,0.025,396
2022-06-05,3 wk ahead inc death,2022-06-25,SE,quantile,0.025,14
2022-06-05,3 wk ahead inc death,2022-06-25,CH,quantile,0.025,2
2022-06-05,3 wk ahead inc death,2022-06-25,GB,quantile,0.025,108
2022-06-05,4 wk ahead inc death,2022-07-02,AT,quantile,0.025,21
2022-06-05,4 wk ahead inc death,2022-07-02,BE,quantile,0.025,24
2022-06-05,4 wk ahead inc death,2022-07-02,BG,quantile,0.025,9
2022-06-05,4 wk ahead inc death,2022-07-02,HR,quantile,0.025,14
2022-06-05,4 wk ahead inc death,2022-07-02,CY,quantile,0.025,1
2022-06-05,4 wk ahead inc death,2022-07-02,CZ,quantile,0.025,3
2022-06-05,4 wk ahead inc death,2022-07-02,DK,quantile,0.025,25
2022-06-05,4 wk ahead inc death,2022-07-02,EE,quantile,0.025,1
2022-06-05,4 wk ahead inc death,2022-07-02,FI,quantile,0.025,23
2022-06-05,4 wk ahead inc death,2022-07-02,FR,quantile,0.025,136
2022-06-05,4 wk ahead inc death,2022-07-02,DE,quantile,0.025,179
2022-06-05,4 wk ahead inc death,2022-07-02,GR,quantile,0.025,54
2022-06-05,4 wk ahead inc death,2022-07-02,HU,quantile,0.025,12
2022-06-05,4 wk ahead inc death,2022-07-02,IS,quantile,0.025,0
2022-06-05,4 wk ahead inc death,2022-07-02,IE,quantile,0.025,12
2022-06-05,4 wk ahead inc death,2022-07-02,IT,quantile,0.025,261
2022-06-05,4 wk ahead inc death,2022-07-02,LV,quantile,0.025,1
2022-06-05,4 wk ahead inc death,2022-07-02,LI,quantile,0.025,0
2022-06-05,4 wk ahead inc death,2022-07-02,LT,quantile,0.025,1
2022-06-05,4 wk ahead inc death,2022-07-02,LU,quantile,0.025,0
2022-06-05,4 wk ahead inc death,2022-07-02,MT,quantile,0.025,3
2022-06-05,4 wk ahead inc death,2022-07-02,NL,quantile,0.025,3
2022-06-05,4 wk ahead inc death,2022-07-02,NO,quantile,0.025,39
2022-06-05,4 wk ahead inc death,2022-07-02,PL,quantile,0.025,5
2022-06-05,4 wk ahead inc death,2022-07-02,PT,quantile,0.025,232
2022-06-05,4 wk ahead inc death,2022-07-02,RO,quantile,0.025,5
2022-06-05,4 wk ahead inc death,2022-07-02,SK,quantile,0.025,0
2022-06-05,4 wk ahead inc death,2022-07-02,SI,quantile,0.025,2
2022-06-05,4 wk ahead inc death,2022-07-02,ES,quantile,0.025,385
2022-06-05,4 wk ahead inc death,2022-07-02,SE,quantile,0.025,14
2022-06-05,4 wk ahead inc death,2022-07-02,CH,quantile,0.025,2
2022-06-05,4 wk ahead inc death,2022-07-02,GB,quantile,0.025,95
2022-06-05,5 wk ahead inc death,2022-07-09,AT,quantile,0.025,26
2022-06-05,5 wk ahead inc death,2022-07-09,BE,quantile,0.025,28
2022-06-05,5 wk ahead inc death,2022-07-09,BG,quantile,0.025,10
2022-06-05,5 wk ahead inc death,2022-07-09,HR,quantile,0.025,11
2022-06-05,5 wk ahead inc death,2022-07-09,CY,quantile,0.025,1
2022-06-05,5 wk ahead inc death,2022-07-09,CZ,quantile,0.025,2
2022-06-05,5 wk ahead inc death,2022-07-09,DK,quantile,0.025,32
2022-06-05,5 wk ahead inc death,2022-07-09,EE,quantile,0.025,1
2022-06-05,5 wk ahead inc death,2022-07-09,FI,quantile,0.025,21
2022-06-05,5 wk ahead inc death,2022-07-09,FR,quantile,0.025,133
2022-06-05,5 wk ahead inc death,2022-07-09,DE,quantile,0.025,162
2022-06-05,5 wk ahead inc death,2022-07-09,GR,quantile,0.025,58
2022-06-05,5 wk ahead inc death,2022-07-09,HU,quantile,0.025,11
2022-06-05,5 wk ahead inc death,2022-07-09,IS,quantile,0.025,0
2022-06-05,5 wk ahead inc death,2022-07-09,IE,quantile,0.025,9
2022-06-05,5 wk ahead inc death,2022-07-09,IT,quantile,0.025,273
2022-06-05,5 wk ahead inc death,2022-07-09,LV,quantile,0.025,1
2022-06-05,5 wk ahead inc death,2022-07-09,LI,quantile,0.025,0
2022-06-05,5 wk ahead inc death,2022-07-09,LT,quantile,0.025,1
2022-06-05,5 wk ahead inc death,2022-07-09,LU,quantile,0.025,0
2022-06-05,5 wk ahead inc death,2022-07-09,MT,quantile,0.025,4
2022-06-05,5 wk ahead inc death,2022-07-09,NL,quantile,0.025,3
2022-06-05,5 wk ahead inc death,2022-07-09,NO,quantile,0.025,47
2022-06-05,5 wk ahead inc death,2022-07-09,PL,quantile,0.025,5
2022-06-05,5 wk ahead inc death,2022-07-09,PT,quantile,0.025,226
2022-06-05,5 wk ahead inc death,2022-07-09,RO,quantile,0.025,4
2022-06-05,5 wk ahead inc death,2022-07-09,SK,quantile,0.025,0
2022-06-05,5 wk ahead inc death,2022-07-09,SI,quantile,0.025,2
2022-06-05,5 wk ahead inc death,2022-07-09,ES,quantile,0.025,359
2022-06-05,5 wk ahead inc death,2022-07-09,SE,quantile,0.025,16
2022-06-05,5 wk ahead inc death,2022-07-09,CH,quantile,0.025,3
2022-06-05,5 wk ahead inc death,2022-07-09,GB,quantile,0.025,106
2022-06-05,1 wk ahead inc death,2022-06-11,AT,quantile,0.050,19
2022-06-05,1 wk ahead inc death,2022-06-11,BE,quantile,0.050,33
2022-06-05,1 wk ahead inc death,2022-06-11,BG,quantile,0.050,14
2022-06-05,1 wk ahead inc death,2022-06-11,HR,quantile,0.050,23
2022-06-05,1 wk ahead inc death,2022-06-11,CY,quantile,0.050,2
2022-06-05,1 wk ahead inc death,2022-06-11,CZ,quantile,0.050,6
2022-06-05,1 wk ahead inc death,2022-06-11,DK,quantile,0.050,20
2022-06-05,1 wk ahead inc death,2022-06-11,EE,quantile,0.050,1
2022-06-05,1 wk ahead inc death,2022-06-11,FI,quantile,0.050,43
2022-06-05,1 wk ahead inc death,2022-06-11,FR,quantile,0.050,191
2022-06-05,1 wk ahead inc death,2022-06-11,DE,quantile,0.050,324
2022-06-05,1 wk ahead inc death,2022-06-11,GR,quantile,0.050,62
2022-06-05,1 wk ahead inc death,2022-06-11,HU,quantile,0.050,24
2022-06-05,1 wk ahead inc death,2022-06-11,IS,quantile,0.050,0
2022-06-05,1 wk ahead inc death,2022-06-11,IE,quantile,0.050,11
2022-06-05,1 wk ahead inc death,2022-06-11,IT,quantile,0.050,311
2022-06-05,1 wk ahead inc death,2022-06-11,LV,quantile,0.050,2
2022-06-05,1 wk ahead inc death,2022-06-11,LI,quantile,0.050,0
2022-06-05,1 wk ahead inc death,2022-06-11,LT,quantile,0.050,2
2022-06-05,1 wk ahead inc death,2022-06-11,LU,quantile,0.050,1
2022-06-05,1 wk ahead inc death,2022-06-11,MT,quantile,0.050,3
2022-06-05,1 wk ahead inc death,2022-06-11,NL,quantile,0.050,3
2022-06-05,1 wk ahead inc death,2022-06-11,NO,quantile,0.050,23
2022-06-05,1 wk ahead inc death,2022-06-11,PL,quantile,0.050,8
2022-06-05,1 wk ahead inc death,2022-06-11,PT,quantile,0.050,200
2022-06-05,1 wk ahead inc death,2022-06-11,RO,quantile,0.050,9
2022-06-05,1 wk ahead inc death,2022-06-11,SK,quantile,0.050,7
2022-06-05,1 wk ahead inc death,2022-06-11,SI,quantile,0.050,3
2022-06-05,1 wk ahead inc death,2022-06-11,ES,quantile,0.050,392
2022-06-05,1 wk ahead inc death,2022-06-11,SE,quantile,0.050,15
2022-06-05,1 wk ahead inc death,2022-06-11,CH,quantile,0.050,2
2022-06-05,1 wk ahead inc death,2022-06-11,GB,quantile,0.050,180
2022-06-05,2 wk ahead inc death,2022-06-18,AT,quantile,0.050,16
2022-06-05,2 wk ahead inc death,2022-06-18,BE,quantile,0.050,25
2022-06-05,2 wk ahead inc death,2022-06-18,BG,quantile,0.050,11
2022-06-05,2 wk ahead inc death,2022-06-18,HR,quantile,0.050,22
2022-06-05,2 wk ahead inc death,2022-06-18,CY,quantile,0.050,2
2022-06-05,2 wk ahead inc death,2022-06-18,CZ,quantile,0.050,4
2022-06-05,2 wk ahead inc death,2022-06-18,DK,quantile,0.050,21
2022-06-05,2 wk ahead inc death,2022-06-18,EE,quantile,0.050,1
2022-06-05,2 wk ahead inc death,2022-06-18,FI,quantile,0.050,40
2022-06-05,2 wk ahead inc death,2022-06-18,FR,quantile,0.050,146
2022-06-05,2 wk ahead inc death,2022-06-18,DE,quantile,0.050,259
2022-06-05,2 wk ahead inc death,2022-06-18,GR,quantile,0.050,57
2022-06-05,2 wk ahead inc death,2022-06-18,HU,quantile,0.050,21
2022-06-05,2 wk ahead inc death,2022-06-18,IS,quantile,0.050,0
2022-06-05,2 wk ahead inc death,2022-06-18,IE,quantile,0.050,12
2022-06-05,2 wk ahead inc death,2022-06-18,IT,quantile,0.050,271
2022-06-05,2 wk ahead inc death,2022-06-18,LV,quantile,0.050,2
2022-06-05,2 wk ahead inc death,2022-06-18,LI,quantile,0.050,0
2022-06-05,2 wk ahead inc death,2022-06-18,LT,quantile,0.050,1
2022-06-05,2 wk ahead inc death,2022-06-18,LU,quantile,0.050,1
2022-06-05,2 wk ahead inc death,2022-06-18,MT,quantile,0.050,3
2022-06-05,2 wk ahead inc death,2022-06-18,NL,quantile,0.050,2
2022-06-05,2 wk ahead inc death,2022-06-18,NO,quantile,0.050,27
2022-06-05,2 wk ahead inc death,2022-06-18,PL,quantile,0.050,7
2022-06-05,2 wk ahead inc death,2022-06-18,PT,quantile,0.050,220
2022-06-05,2 wk ahead inc death,2022-06-18,RO,quantile,0.050,7
2022-06-05,2 wk ahead inc death,2022-06-18,SK,quantile,0.050,5
2022-06-05,2 wk ahead inc death,2022-06-18,SI,quantile,0.050,3
2022-06-05,2 wk ahead inc death,2022-06-18,ES,quantile,0.050,408
2022-06-05,2 wk ahead inc death,2022-06-18,SE,quantile,0.050,15
2022-06-05,2 wk ahead inc death,2022-06-18,CH,quantile,0.050,2
2022-06-05,2 wk ahead inc death,2022-06-18,GB,quantile,0.050,142
2022-06-05,3 wk ahead inc death,2022-06-25,AT,quantile,0.050,17
2022-06-05,3 wk ahead inc death,2022-06-25,BE,quantile,0.050,24
2022-06-05,3 wk ahead inc death,2022-06-25,BG,quantile,0.050,10
2022-06-05,3 wk ahead inc death,2022-06-25,HR,quantile,0.050,18
2022-06-05,3 wk ahead inc death,2022-06-25,CY,quantile,0.050,1
2022-06-05,3 wk ahead inc death,2022-06-25,CZ,quantile,0.050,3
2022-06-05,3 wk ahead inc death,2022-06-25,DK,quantile,0.050,21
2022-06-05,3 wk ahead inc death,2022-06-25,EE,quantile,0.050,1
2022-06-05,3 wk ahead inc death,2022-06-25,FI,quantile,0.050,29
2022-06-05,3 wk ahead inc death,2022-06-25,FR,quantile,0.050,141
2022-06-05,3 wk ahead inc death,2022-06-25,DE,quantile,0.050,213
2022-06-05,3 wk ahead inc death,2022-06-25,GR,quantile,0.050,54
2022-06-05,3 wk ahead inc death,2022-06-25,HU,quantile,0.050,15
2022-06-05,3 wk ahead inc death,2022-06-25,IS,quantile,0.050,0
2022-06-05,3 wk ahead inc death,2022-06-25,IE,quantile,0.050,13
2022-06-05,3 wk ahead inc death,2022-06-25,IT,quantile,0.050,256
2022-06-05,3 wk ahead inc death,2022-06-25,LV,quantile,0.050,2
2022-06-05,3 wk ahead inc death,2022-06-25,LI,quantile,0.050,0
2022-06-05,3 wk ahead inc death,2022-06-25,LT,quantile,0.050,1
2022-06-05,3 wk ahead inc death,2022-06-25,LU,quantile,0.050,1
2022-06-05,3 wk ahead inc death,2022-06-25,MT,quantile,0.050,3
2022-06-05,3 wk ahead inc death,2022-06-25,NL,quantile,0.050,2
2022-06-05,3 wk ahead inc death,2022-06-25,NO,quantile,0.050,34
2022-06-05,3 wk ahead inc death,2022-06-25,PL,quantile,0.050,6
2022-06-05,3 wk ahead inc death,2022-06-25,PT,quantile,0.050,233
2022-06-05,3 wk ahead inc death,2022-06-25,RO,quantile,0.050,6
2022-06-05,3 wk ahead inc death,2022-06-25,SK,quantile,0.050,3
2022-06-05,3 wk ahead inc death,2022-06-25,SI,quantile,0.050,2
2022-06-05,3 wk ahead inc death,2022-06-25,ES,quantile,0.050,396
2022-06-05,3 wk ahead inc death,2022-06-25,SE,quantile,0.050,14
2022-06-05,3 wk ahead inc death,2022-06-25,CH,quantile,0.050,2
2022-06-05,3 wk ahead inc death,2022-06-25,GB,quantile,0.050,108
2022-06-05,4 wk ahead inc death,2022-07-02,AT,quantile,0.050,21
2022-06-05,4 wk ahead inc death,2022-07-02,BE,quantile,0.050,25
2022-06-05,4 wk ahead inc death,2022-07-02,BG,quantile,0.050,9
2022-06-05,4 wk ahead inc death,2022-07-02,HR,quantile,0.050,14
2022-06-05,4 wk ahead inc death,2022-07-02,CY,quantile,0.050,1
2022-06-05,4 wk ahead inc death,2022-07-02,CZ,quantile,0.050,3
2022-06-05,4 wk ahead inc death,2022-07-02,DK,quantile,0.050,26
2022-06-05,4 wk ahead inc death,2022-07-02,EE,quantile,0.050,2
2022-06-05,4 wk ahead inc death,2022-07-02,FI,quantile,0.050,29
2022-06-05,4 wk ahead inc death,2022-07-02,FR,quantile,0.050,138
2022-06-05,4 wk ahead inc death,2022-07-02,DE,quantile,0.050,179
2022-06-05,4 wk ahead inc death,2022-07-02,GR,quantile,0.050,54
2022-06-05,4 wk ahead inc death,2022-07-02,HU,quantile,0.050,12
2022-06-05,4 wk ahead inc death,2022-07-02,IS,quantile,0.050,0
2022-06-05,4 wk ahead inc death,2022-07-02,IE,quantile,0.050,12
2022-06-05,4 wk ahead inc death,2022-07-02,IT,quantile,0.050,265
2022-06-05,4 wk ahead inc death,2022-07-02,LV,quantile,0.050,2
2022-06-05,4 wk ahead inc death,2022-07-02,LI,quantile,0.050,0
2022-06-05,4 wk ahead inc death,2022-07-02,LT,quantile,0.050,1
2022-06-05,4 wk ahead inc death,2022-07-02,LU,quantile,0.050,0
2022-06-05,4 wk ahead inc death,2022-07-02,MT,quantile,0.050,3
2022-06-05,4 wk ahead inc death,2022-07-02,NL,quantile,0.050,3
2022-06-05,4 wk ahead inc death,2022-07-02,NO,quantile,0.050,39
2022-06-05,4 wk ahead inc death,2022-07-02,PL,quantile,0.050,5
2022-06-05,4 wk ahead inc death,2022-07-02,PT,quantile,0.050,237
2022-06-05,4 wk ahead inc death,2022-07-02,RO,quantile,0.050,5
2022-06-05,4 wk ahead inc death,2022-07-02,SK,quantile,0.050,1
2022-06-05,4 wk ahead inc death,2022-07-02,SI,quantile,0.050,2
2022-06-05,4 wk ahead inc death,2022-07-02,ES,quantile,0.050,385
2022-06-05,4 wk ahead inc death,2022-07-02,SE,quantile,0.050,14
2022-06-05,4 wk ahead inc death,2022-07-02,CH,quantile,0.050,2
2022-06-05,4 wk ahead inc death,2022-07-02,GB,quantile,0.050,95
2022-06-05,5 wk ahead inc death,2022-07-09,AT,quantile,0.050,26
2022-06-05,5 wk ahead inc death,2022-07-09,BE,quantile,0.050,29
2022-06-05,5 wk ahead inc death,2022-07-09,BG,quantile,0.050,10
2022-06-05,5 wk ahead inc death,2022-07-09,HR,quantile,0.050,11
2022-06-05,5 wk ahead inc death,2022-07-09,CY,quantile,0.050,1
2022-06-05,5 wk ahead inc death,2022-07-09,CZ,quantile,0.050,3
2022-06-05,5 wk ahead inc death,2022-07-09,DK,quantile,0.050,35
2022-06-05,5 wk ahead inc death,2022-07-09,EE,quantile,0.050,1
2022-06-05,5 wk ahead inc death,2022-07-09,FI,quantile,0.050,26
2022-06-05,5 wk ahead inc death,2022-07-09,FR,quantile,0.050,138
2022-06-05,5 wk ahead inc death,2022-07-09,DE,quantile,0.050,162
2022-06-05,5 wk ahead inc death,2022-07-09,GR,quantile,0.050,58
2022-06-05,5 wk ahead inc death,2022-07-09,HU,quantile,0.050,11
2022-06-05,5 wk ahead inc death,2022-07-09,IS,quantile,0.050,0
2022-06-05,5 wk ahead inc death,2022-07-09,IE,quantile,0.050,9
2022-06-05,5 wk ahead inc death,2022-07-09,IT,quantile,0.050,274
2022-06-05,5 wk ahead inc death,2022-07-09,LV,quantile,0.050,2
2022-06-05,5 wk ahead inc death,2022-07-09,LI,quantile,0.050,0
2022-06-05,5 wk ahead inc death,2022-07-09,LT,quantile,0.050,1
2022-06-05,5 wk ahead inc death,2022-07-09,LU,quantile,0.050,0
2022-06-05,5 wk ahead inc death,2022-07-09,MT,quantile,0.050,4
2022-06-05,5 wk ahead inc death,2022-07-09,NL,quantile,0.050,3
2022-06-05,5 wk ahead inc death,2022-07-09,NO,quantile,0.050,47
2022-06-05,5 wk ahead inc death,2022-07-09,PL,quantile,0.050,5
2022-06-05,5 wk ahead inc death,2022-07-09,PT,quantile,0.050,228
2022-06-05,5 wk ahead inc death,2022-07-09,RO,quantile,0.050,4
2022-06-05,5 wk ahead inc death,2022-07-09,SK,quantile,0.050,0
2022-06-05,5 wk ahead inc death,2022-07-09,SI,quantile,0.050,2
2022-06-05,5 wk ahead inc death,2022-07-09,ES,quantile,0.050,360
2022-06-05,5 wk ahead inc death,2022-07-09,SE,quantile,0.050,16
2022-06-05,5 wk ahead inc death,2022-07-09,CH,quantile,0.050,3
2022-06-05,5 wk ahead inc death,2022-07-09,GB,quantile,0.050,108
2022-06-05,1 wk ahead inc death,2022-06-11,AT,quantile,0.100,19
2022-06-05,1 wk ahead inc death,2022-06-11,BE,quantile,0.100,34
2022-06-05,1 wk ahead inc death,2022-06-11,BG,quantile,0.100,14
2022-06-05,1 wk ahead inc death,2022-06-11,HR,quantile,0.100,25
2022-06-05,1 wk ahead inc death,2022-06-11,CY,quantile,0.100,2
2022-06-05,1 wk ahead inc death,2022-06-11,CZ,quantile,0.100,6
2022-06-05,1 wk ahead inc death,2022-06-11,DK,quantile,0.100,20
2022-06-05,1 wk ahead inc death,2022-06-11,EE,quantile,0.100,1
2022-06-05,1 wk ahead inc death,2022-06-11,FI,quantile,0.100,47
2022-06-05,1 wk ahead inc death,2022-06-11,FR,quantile,0.100,191
2022-06-05,1 wk ahead inc death,2022-06-11,DE,quantile,0.100,356
2022-06-05,1 wk ahead inc death,2022-06-11,GR,quantile,0.100,74
2022-06-05,1 wk ahead inc death,2022-06-11,HU,quantile,0.100,30
2022-06-05,1 wk ahead inc death,2022-06-11,IS,quantile,0.100,0
2022-06-05,1 wk ahead inc death,2022-06-11,IE,quantile,0.100,11
2022-06-05,1 wk ahead inc death,2022-06-11,IT,quantile,0.100,408
2022-06-05,1 wk ahead inc death,2022-06-11,LV,quantile,0.100,2
2022-06-05,1 wk ahead inc death,2022-06-11,LI,quantile,0.100,0
2022-06-05,1 wk ahead inc death,2022-06-11,LT,quantile,0.100,2
2022-06-05,1 wk ahead inc death,2022-06-11,LU,quantile,0.100,1
2022-06-05,1 wk ahead inc death,2022-06-11,MT,quantile,0.100,3
2022-06-05,1 wk ahead inc death,2022-06-11,NL,quantile,0.100,3
2022-06-05,1 wk ahead inc death,2022-06-11,NO,quantile,0.100,26
2022-06-05,1 wk ahead inc death,2022-06-11,PL,quantile,0.100,9
2022-06-05,1 wk ahead inc death,2022-06-11,PT,quantile,0.100,200
2022-06-05,1 wk ahead inc death,2022-06-11,RO,quantile,0.100,9
2022-06-05,1 wk ahead inc death,2022-06-11,SK,quantile,0.100,7
2022-06-05,1 wk ahead inc death,2022-06-11,SI,quantile,0.100,4
2022-06-05,1 wk ahead inc death,2022-06-11,ES,quantile,0.100,392
2022-06-05,1 wk ahead inc death,2022-06-11,SE,quantile,0.100,25
2022-06-05,1 wk ahead inc death,2022-06-11,CH,quantile,0.100,5
2022-06-05,1 wk ahead inc death,2022-06-11,GB,quantile,0.100,200
2022-06-05,2 wk ahead inc death,2022-06-18,AT,quantile,0.100,16
2022-06-05,2 wk ahead inc death,2022-06-18,BE,quantile,0.100,27
2022-06-05,2 wk ahead inc death,2022-06-18,BG,quantile,0.100,11
2022-06-05,2 wk ahead inc death,2022-06-18,HR,quantile,0.100,23
2022-06-05,2 wk ahead inc death,2022-06-18,CY,quantile,0.100,2
2022-06-05,2 wk ahead inc death,2022-06-18,CZ,quantile,0.100,4
2022-06-05,2 wk ahead inc death,2022-06-18,DK,quantile,0.100,21
2022-06-05,2 wk ahead inc death,2022-06-18,EE,quantile,0.100,1
2022-06-05,2 wk ahead inc death,2022-06-18,FI,quantile,0.100,40
2022-06-05,2 wk ahead inc death,2022-06-18,FR,quantile,0.100,146
2022-06-05,2 wk ahead inc death,2022-06-18,DE,quantile,0.100,308
2022-06-05,2 wk ahead inc death,2022-06-18,GR,quantile,0.100,68
2022-06-05,2 wk ahead inc death,2022-06-18,HU,quantile,0.100,30
2022-06-05,2 wk ahead inc death,2022-06-18,IS,quantile,0.100,0
2022-06-05,2 wk ahead inc death,2022-06-18,IE,quantile,0.100,12
2022-06-05,2 wk ahead inc death,2022-06-18,IT,quantile,0.100,354
2022-06-05,2 wk ahead inc death,2022-06-18,LV,quantile,0.100,2
2022-06-05,2 wk ahead inc death,2022-06-18,LI,quantile,0.100,0
2022-06-05,2 wk ahead inc death,2022-06-18,LT,quantile,0.100,1
2022-06-05,2 wk ahead inc death,2022-06-18,LU,quantile,0.100,1
2022-06-05,2 wk ahead inc death,2022-06-18,MT,quantile,0.100,3
2022-06-05,2 wk ahead inc death,2022-06-18,NL,quantile,0.100,3
2022-06-05,2 wk ahead inc death,2022-06-18,NO,quantile,0.100,31
2022-06-05,2 wk ahead inc death,2022-06-18,PL,quantile,0.100,7
2022-06-05,2 wk ahead inc death,2022-06-18,PT,quantile,0.100,220
2022-06-05,2 wk ahead inc death,2022-06-18,RO,quantile,0.100,7
2022-06-05,2 wk ahead inc death,2022-06-18,SK,quantile,0.100,5
2022-06-05,2 wk ahead inc death,2022-06-18,SI,quantile,0.100,3
2022-06-05,2 wk ahead inc death,2022-06-18,ES,quantile,0.100,408
2022-06-05,2 wk ahead inc death,2022-06-18,SE,quantile,0.100,24
2022-06-05,2 wk ahead inc death,2022-06-18,CH,quantile,0.100,4
2022-06-05,2 wk ahead inc death,2022-06-18,GB,quantile,0.100,188
2022-06-05,3 wk ahead inc death,2022-06-25,AT,quantile,0.100,17
2022-06-05,3 wk ahead inc death,2022-06-25,BE,quantile,0.100,25
2022-06-05,3 wk ahead inc death,2022-06-25,BG,quantile,0.100,10
2022-06-05,3 wk ahead inc death,2022-06-25,HR,quantile,0.100,18
2022-06-05,3 wk ahead inc death,2022-06-25,CY,quantile,0.100,1
2022-06-05,3 wk ahead inc death,2022-06-25,CZ,quantile,0.100,3
2022-06-05,3 wk ahead inc death,2022-06-25,DK,quantile,0.100,25
2022-06-05,3 wk ahead inc death,2022-06-25,EE,quantile,0.100,1
2022-06-05,3 wk ahead inc death,2022-06-25,FI,quantile,0.100,29
2022-06-05,3 wk ahead inc death,2022-06-25,FR,quantile,0.100,143
2022-06-05,3 wk ahead inc death,2022-06-25,DE,quantile,0.100,283
2022-06-05,3 wk ahead inc death,2022-06-25,GR,quantile,0.100,64
2022-06-05,3 wk ahead inc death,2022-06-25,HU,quantile,0.100,21
2022-06-05,3 wk ahead inc death,2022-06-25,IS,quantile,0.100,0
2022-06-05,3 wk ahead inc death,2022-06-25,IE,quantile,0.100,15
2022-06-05,3 wk ahead inc death,2022-06-25,IT,quantile,0.100,320
2022-06-05,3 wk ahead inc death,2022-06-25,LV,quantile,0.100,2
2022-06-05,3 wk ahead inc death,2022-06-25,LI,quantile,0.100,0
2022-06-05,3 wk ahead inc death,2022-06-25,LT,quantile,0.100,1
2022-06-05,3 wk ahead inc death,2022-06-25,LU,quantile,0.100,1
2022-06-05,3 wk ahead inc death,2022-06-25,MT,quantile,0.100,3
2022-06-05,3 wk ahead inc death,2022-06-25,NL,quantile,0.100,3
2022-06-05,3 wk ahead inc death,2022-06-25,NO,quantile,0.100,34
2022-06-05,3 wk ahead inc death,2022-06-25,PL,quantile,0.100,6
2022-06-05,3 wk ahead inc death,2022-06-25,PT,quantile,0.100,239
2022-06-05,3 wk ahead inc death,2022-06-25,RO,quantile,0.100,6
2022-06-05,3 wk ahead inc death,2022-06-25,SK,quantile,0.100,3
2022-06-05,3 wk ahead inc death,2022-06-25,SI,quantile,0.100,3
2022-06-05,3 wk ahead inc death,2022-06-25,ES,quantile,0.100,396
2022-06-05,3 wk ahead inc death,2022-06-25,SE,quantile,0.100,26
2022-06-05,3 wk ahead inc death,2022-06-25,CH,quantile,0.100,4
2022-06-05,3 wk ahead inc death,2022-06-25,GB,quantile,0.100,145
2022-06-05,4 wk ahead inc death,2022-07-02,AT,quantile,0.100,22
2022-06-05,4 wk ahead inc death,2022-07-02,BE,quantile,0.100,26
2022-06-05,4 wk ahead inc death,2022-07-02,BG,quantile,0.100,10
2022-06-05,4 wk ahead inc death,2022-07-02,HR,quantile,0.100,14
2022-06-05,4 wk ahead inc death,2022-07-02,CY,quantile,0.100,1
2022-06-05,4 wk ahead inc death,2022-07-02,CZ,quantile,0.100,3
2022-06-05,4 wk ahead inc death,2022-07-02,DK,quantile,0.100,29
2022-06-05,4 wk ahead inc death,2022-07-02,EE,quantile,0.100,2
2022-06-05,4 wk ahead inc death,2022-07-02,FI,quantile,0.100,29
2022-06-05,4 wk ahead inc death,2022-07-02,FR,quantile,0.100,149
2022-06-05,4 wk ahead inc death,2022-07-02,DE,quantile,0.100,245
2022-06-05,4 wk ahead inc death,2022-07-02,GR,quantile,0.100,64
2022-06-05,4 wk ahead inc death,2022-07-02,HU,quantile,0.100,15
2022-06-05,4 wk ahead inc death,2022-07-02,IS,quantile,0.100,0
2022-06-05,4 wk ahead inc death,2022-07-02,IE,quantile,0.100,18
2022-06-05,4 wk ahead inc death,2022-07-02,IT,quantile,0.100,304
2022-06-05,4 wk ahead inc death,2022-07-02,LV,quantile,0.100,2
2022-06-05,4 wk ahead inc death,2022-07-02,LI,quantile,0.100,0
2022-06-05,4 wk ahead inc death,2022-07-02,LT,quantile,0.100,1
2022-06-05,4 wk ahead inc death,2022-07-02,LU,quantile,0.100,0
2022-06-05,4 wk ahead inc death,2022-07-02,MT,quantile,0.100,4
2022-06-05,4 wk ahead inc death,2022-07-02,NL,quantile,0.100,3
2022-06-05,4 wk ahead inc death,2022-07-02,NO,quantile,0.100,39
2022-06-05,4 wk ahead inc death,2022-07-02,PL,quantile,0.100,5
2022-06-05,4 wk ahead inc death,2022-07-02,PT,quantile,0.100,249
2022-06-05,4 wk ahead inc death,2022-07-02,RO,quantile,0.100,5
2022-06-05,4 wk ahead inc death,2022-07-02,SK,quantile,0.100,2
2022-06-05,4 wk ahead inc death,2022-07-02,SI,quantile,0.100,2
2022-06-05,4 wk ahead inc death,2022-07-02,ES,quantile,0.100,385
2022-06-05,4 wk ahead inc death,2022-07-02,SE,quantile,0.100,26
2022-06-05,4 wk ahead inc death,2022-07-02,CH,quantile,0.100,5
2022-06-05,4 wk ahead inc death,2022-07-02,GB,quantile,0.100,119
2022-06-05,5 wk ahead inc death,2022-07-09,AT,quantile,0.100,27
2022-06-05,5 wk ahead inc death,2022-07-09,BE,quantile,0.100,29
2022-06-05,5 wk ahead inc death,2022-07-09,BG,quantile,0.100,10
2022-06-05,5 wk ahead inc death,2022-07-09,HR,quantile,0.100,11
2022-06-05,5 wk ahead inc death,2022-07-09,CY,quantile,0.100,1
2022-06-05,5 wk ahead inc death,2022-07-09,CZ,quantile,0.100,3
2022-06-05,5 wk ahead inc death,2022-07-09,DK,quantile,0.100,40
2022-06-05,5 wk ahead inc death,2022-07-09,EE,quantile,0.100,1
2022-06-05,5 wk ahead inc death,2022-07-09,FI,quantile,0.100,29
2022-06-05,5 wk ahead inc death,2022-07-09,FR,quantile,0.100,151
2022-06-05,5 wk ahead inc death,2022-07-09,DE,quantile,0.100,222
2022-06-05,5 wk ahead inc death,2022-07-09,GR,quantile,0.100,64
2022-06-05,5 wk ahead inc death,2022-07-09,HU,quantile,0.100,13
2022-06-05,5 wk ahead inc death,2022-07-09,IS,quantile,0.100,0
2022-06-05,5 wk ahead inc death,2022-07-09,IE,quantile,0.100,17
2022-06-05,5 wk ahead inc death,2022-07-09,IT,quantile,0.100,277
2022-06-05,5 wk ahead inc death,2022-07-09,LV,quantile,0.100,2
2022-06-05,5 wk ahead inc death,2022-07-09,LI,quantile,0.100,0
2022-06-05,5 wk ahead inc death,2022-07-09,LT,quantile,0.100,1
2022-06-05,5 wk ahead inc death,2022-07-09,LU,quantile,0.100,0
2022-06-05,5 wk ahead inc death,2022-07-09,MT,quantile,0.100,4
2022-06-05,5 wk ahead inc death,2022-07-09,NL,quantile,0.100,4
2022-06-05,5 wk ahead inc death,2022-07-09,NO,quantile,0.100,48
2022-06-05,5 wk ahead inc death,2022-07-09,PL,quantile,0.100,5
2022-06-05,5 wk ahead inc death,2022-07-09,PT,quantile,0.100,251
2022-06-05,5 wk ahead inc death,2022-07-09,RO,quantile,0.100,4
2022-06-05,5 wk ahead inc death,2022-07-09,SK,quantile,0.100,1
2022-06-05,5 wk ahead inc death,2022-07-09,SI,quantile,0.100,2
2022-06-05,5 wk ahead inc death,2022-07-09,ES,quantile,0.100,361
2022-06-05,5 wk ahead inc death,2022-07-09,SE,quantile,0.100,29
2022-06-05,5 wk ahead inc death,2022-07-09,CH,quantile,0.100,6
2022-06-05,5 wk ahead inc death,2022-07-09,GB,quantile,0.100,122
2022-06-05,1 wk ahead inc death,2022-06-11,AT,quantile,0.150,19
2022-06-05,1 wk ahead inc death,2022-06-11,BE,quantile,0.150,35
2022-06-05,1 wk ahead inc death,2022-06-11,BG,quantile,0.150,14
2022-06-05,1 wk ahead inc death,2022-06-11,HR,quantile,0.150,25
2022-06-05,1 wk ahead inc death,2022-06-11,CY,quantile,0.150,3
2022-06-05,1 wk ahead inc death,2022-06-11,CZ,quantile,0.150,7
2022-06-05,1 wk ahead inc death,2022-06-11,DK,quantile,0.150,20
2022-06-05,1 wk ahead inc death,2022-06-11,EE,quantile,0.150,2
2022-06-05,1 wk ahead inc death,2022-06-11,FI,quantile,0.150,48
2022-06-05,1 wk ahead inc death,2022-06-11,FR,quantile,0.150,191
2022-06-05,1 wk ahead inc death,2022-06-11,DE,quantile,0.150,356
2022-06-05,1 wk ahead inc death,2022-06-11,GR,quantile,0.150,77
2022-06-05,1 wk ahead inc death,2022-06-11,HU,quantile,0.150,31
2022-06-05,1 wk ahead inc death,2022-06-11,IS,quantile,0.150,0
2022-06-05,1 wk ahead inc death,2022-06-11,IE,quantile,0.150,11
2022-06-05,1 wk ahead inc death,2022-06-11,IT,quantile,0.150,433
2022-06-05,1 wk ahead inc death,2022-06-11,LV,quantile,0.150,4
2022-06-05,1 wk ahead inc death,2022-06-11,LI,quantile,0.150,0
2022-06-05,1 wk ahead inc death,2022-06-11,LT,quantile,0.150,2
2022-06-05,1 wk ahead inc death,2022-06-11,LU,quantile,0.150,2
2022-06-05,1 wk ahead inc death,2022-06-11,MT,quantile,0.150,3
2022-06-05,1 wk ahead inc death,2022-06-11,NL,quantile,0.150,3
2022-06-05,1 wk ahead inc death,2022-06-11,NO,quantile,0.150,26
2022-06-05,1 wk ahead inc death,2022-06-11,PL,quantile,0.150,9
2022-06-05,1 wk ahead inc death,2022-06-11,PT,quantile,0.150,200
2022-06-05,1 wk ahead inc death,2022-06-11,RO,quantile,0.150,10
2022-06-05,1 wk ahead inc death,2022-06-11,SK,quantile,0.150,7
2022-06-05,1 wk ahead inc death,2022-06-11,SI,quantile,0.150,4
2022-06-05,1 wk ahead inc death,2022-06-11,ES,quantile,0.150,392
2022-06-05,1 wk ahead inc death,2022-06-11,SE,quantile,0.150,27
2022-06-05,1 wk ahead inc death,2022-06-11,CH,quantile,0.150,6
2022-06-05,1 wk ahead inc death,2022-06-11,GB,quantile,0.150,205
2022-06-05,2 wk ahead inc death,2022-06-18,AT,quantile,0.150,16
2022-06-05,2 wk ahead inc death,2022-06-18,BE,quantile,0.150,27
2022-06-05,2 wk ahead inc death,2022-06-18,BG,quantile,0.150,11
2022-06-05,2 wk ahead inc death,2022-06-18,HR,quantile,0.150,23
2022-06-05,2 wk ahead inc death,2022-06-18,CY,quantile,0.150,2
2022-06-05,2 wk ahead inc death,2022-06-18,CZ,quantile,0.150,4
2022-06-05,2 wk ahead inc death,2022-06-18,DK,quantile,0.150,22
2022-06-05,2 wk ahead inc death,2022-06-18,EE,quantile,0.150,1
2022-06-05,2 wk ahead inc death,2022-06-18,FI,quantile,0.150,40
2022-06-05,2 wk ahead inc death,2022-06-18,FR,quantile,0.150,146
2022-06-05,2 wk ahead inc death,2022-06-18,DE,quantile,0.150,308
2022-06-05,2 wk ahead inc death,2022-06-18,GR,quantile,0.150,71
2022-06-05,2 wk ahead inc death,2022-06-18,HU,quantile,0.150,32
2022-06-05,2 wk ahead inc death,2022-06-18,IS,quantile,0.150,0
2022-06-05,2 wk ahead inc death,2022-06-18,IE,quantile,0.150,12
2022-06-05,2 wk ahead inc death,2022-06-18,IT,quantile,0.150,375
2022-06-05,2 wk ahead inc death,2022-06-18,LV,quantile,0.150,3
2022-06-05,2 wk ahead inc death,2022-06-18,LI,quantile,0.150,0
2022-06-05,2 wk ahead inc death,2022-06-18,LT,quantile,0.150,2
2022-06-05,2 wk ahead inc death,2022-06-18,LU,quantile,0.150,1
2022-06-05,2 wk ahead inc death,2022-06-18,MT,quantile,0.150,3
2022-06-05,2 wk ahead inc death,2022-06-18,NL,quantile,0.150,3
2022-06-05,2 wk ahead inc death,2022-06-18,NO,quantile,0.150,31
2022-06-05,2 wk ahead inc death,2022-06-18,PL,quantile,0.150,7
2022-06-05,2 wk ahead inc death,2022-06-18,PT,quantile,0.150,221
2022-06-05,2 wk ahead inc death,2022-06-18,RO,quantile,0.150,9
2022-06-05,2 wk ahead inc death,2022-06-18,SK,quantile,0.150,5
2022-06-05,2 wk ahead inc death,2022-06-18,SI,quantile,0.150,3
2022-06-05,2 wk ahead inc death,2022-06-18,ES,quantile,0.150,408
2022-06-05,2 wk ahead inc death,2022-06-18,SE,quantile,0.150,27
2022-06-05,2 wk ahead inc death,2022-06-18,CH,quantile,0.150,5
2022-06-05,2 wk ahead inc death,2022-06-18,GB,quantile,0.150,200
2022-06-05,3 wk ahead inc death,2022-06-25,AT,quantile,0.150,17
2022-06-05,3 wk ahead inc death,2022-06-25,BE,quantile,0.150,25
2022-06-05,3 wk ahead inc death,2022-06-25,BG,quantile,0.150,10
2022-06-05,3 wk ahead inc death,2022-06-25,HR,quantile,0.150,19
2022-06-05,3 wk ahead inc death,2022-06-25,CY,quantile,0.150,1
2022-06-05,3 wk ahead inc death,2022-06-25,CZ,quantile,0.150,3
2022-06-05,3 wk ahead inc death,2022-06-25,DK,quantile,0.150,25
2022-06-05,3 wk ahead inc death,2022-06-25,EE,quantile,0.150,2
2022-06-05,3 wk ahead inc death,2022-06-25,FI,quantile,0.150,34
2022-06-05,3 wk ahead inc death,2022-06-25,FR,quantile,0.150,143
2022-06-05,3 wk ahead inc death,2022-06-25,DE,quantile,0.150,283
2022-06-05,3 wk ahead inc death,2022-06-25,GR,quantile,0.150,66
2022-06-05,3 wk ahead inc death,2022-06-25,HU,quantile,0.150,23
2022-06-05,3 wk ahead inc death,2022-06-25,IS,quantile,0.150,0
2022-06-05,3 wk ahead inc death,2022-06-25,IE,quantile,0.150,15
2022-06-05,3 wk ahead inc death,2022-06-25,IT,quantile,0.150,348
2022-06-05,3 wk ahead inc death,2022-06-25,LV,quantile,0.150,3
2022-06-05,3 wk ahead inc death,2022-06-25,LI,quantile,0.150,0
2022-06-05,3 wk ahead inc death,2022-06-25,LT,quantile,0.150,2
2022-06-05,3 wk ahead inc death,2022-06-25,LU,quantile,0.150,1
2022-06-05,3 wk ahead inc death,2022-06-25,MT,quantile,0.150,3
2022-06-05,3 wk ahead inc death,2022-06-25,NL,quantile,0.150,3
2022-06-05,3 wk ahead inc death,2022-06-25,NO,quantile,0.150,34
2022-06-05,3 wk ahead inc death,2022-06-25,PL,quantile,0.150,6
2022-06-05,3 wk ahead inc death,2022-06-25,PT,quantile,0.150,242
2022-06-05,3 wk ahead inc death,2022-06-25,RO,quantile,0.150,8
2022-06-05,3 wk ahead inc death,2022-06-25,SK,quantile,0.150,4
2022-06-05,3 wk ahead inc death,2022-06-25,SI,quantile,0.150,3
2022-06-05,3 wk ahead inc death,2022-06-25,ES,quantile,0.150,396
2022-06-05,3 wk ahead inc death,2022-06-25,SE,quantile,0.150,29
2022-06-05,3 wk ahead inc death,2022-06-25,CH,quantile,0.150,5
2022-06-05,3 wk ahead inc death,2022-06-25,GB,quantile,0.150,155
2022-06-05,4 wk ahead inc death,2022-07-02,AT,quantile,0.150,22
2022-06-05,4 wk ahead inc death,2022-07-02,BE,quantile,0.150,27
2022-06-05,4 wk ahead inc death,2022-07-02,BG,quantile,0.150,10
2022-06-05,4 wk ahead inc death,2022-07-02,HR,quantile,0.150,15
2022-06-05,4 wk ahead inc death,2022-07-02,CY,quantile,0.150,1
2022-06-05,4 wk ahead inc death,2022-07-02,CZ,quantile,0.150,3
2022-06-05,4 wk ahead inc death,2022-07-02,DK,quantile,0.150,32
2022-06-05,4 wk ahead inc death,2022-07-02,EE,quantile,0.150,2
2022-06-05,4 wk ahead inc death,2022-07-02,FI,quantile,0.150,29
2022-06-05,4 wk ahead inc death,2022-07-02,FR,quantile,0.150,151
2022-06-05,4 wk ahead inc death,2022-07-02,DE,quantile,0.150,248
2022-06-05,4 wk ahead inc death,2022-07-02,GR,quantile,0.150,67
2022-06-05,4 wk ahead inc death,2022-07-02,HU,quantile,0.150,16
2022-06-05,4 wk ahead inc death,2022-07-02,IS,quantile,0.150,0
2022-06-05,4 wk ahead inc death,2022-07-02,IE,quantile,0.150,19
2022-06-05,4 wk ahead inc death,2022-07-02,IT,quantile,0.150,309
2022-06-05,4 wk ahead inc death,2022-07-02,LV,quantile,0.150,3
2022-06-05,4 wk ahead inc death,2022-07-02,LI,quantile,0.150,0
2022-06-05,4 wk ahead inc death,2022-07-02,LT,quantile,0.150,1
2022-06-05,4 wk ahead inc death,2022-07-02,LU,quantile,0.150,1
2022-06-05,4 wk ahead inc death,2022-07-02,MT,quantile,0.150,4
2022-06-05,4 wk ahead inc death,2022-07-02,NL,quantile,0.150,4
2022-06-05,4 wk ahead inc death,2022-07-02,NO,quantile,0.150,40
2022-06-05,4 wk ahead inc death,2022-07-02,PL,quantile,0.150,5
2022-06-05,4 wk ahead inc death,2022-07-02,PT,quantile,0.150,255
2022-06-05,4 wk ahead inc death,2022-07-02,RO,quantile,0.150,8
2022-06-05,4 wk ahead inc death,2022-07-02,SK,quantile,0.150,2
2022-06-05,4 wk ahead inc death,2022-07-02,SI,quantile,0.150,2
2022-06-05,4 wk ahead inc death,2022-07-02,ES,quantile,0.150,386
2022-06-05,4 wk ahead inc death,2022-07-02,SE,quantile,0.150,30
2022-06-05,4 wk ahead inc death,2022-07-02,CH,quantile,0.150,6
2022-06-05,4 wk ahead inc death,2022-07-02,GB,quantile,0.150,126
2022-06-05,5 wk ahead inc death,2022-07-09,AT,quantile,0.150,29
2022-06-05,5 wk ahead inc death,2022-07-09,BE,quantile,0.150,29
2022-06-05,5 wk ahead inc death,2022-07-09,BG,quantile,0.150,10
2022-06-05,5 wk ahead inc death,2022-07-09,HR,quantile,0.150,11
2022-06-05,5 wk ahead inc death,2022-07-09,CY,quantile,0.150,1
2022-06-05,5 wk ahead inc death,2022-07-09,CZ,quantile,0.150,3
2022-06-05,5 wk ahead inc death,2022-07-09,DK,quantile,0.150,43
2022-06-05,5 wk ahead inc death,2022-07-09,EE,quantile,0.150,2
2022-06-05,5 wk ahead inc death,2022-07-09,FI,quantile,0.150,31
2022-06-05,5 wk ahead inc death,2022-07-09,FR,quantile,0.150,160
2022-06-05,5 wk ahead inc death,2022-07-09,DE,quantile,0.150,222
2022-06-05,5 wk ahead inc death,2022-07-09,GR,quantile,0.150,66
2022-06-05,5 wk ahead inc death,2022-07-09,HU,quantile,0.150,13
2022-06-05,5 wk ahead inc death,2022-07-09,IS,quantile,0.150,0
2022-06-05,5 wk ahead inc death,2022-07-09,IE,quantile,0.150,19
2022-06-05,5 wk ahead inc death,2022-07-09,IT,quantile,0.150,279
2022-06-05,5 wk ahead inc death,2022-07-09,LV,quantile,0.150,3
2022-06-05,5 wk ahead inc death,2022-07-09,LI,quantile,0.150,0
2022-06-05,5 wk ahead inc death,2022-07-09,LT,quantile,0.150,1
2022-06-05,5 wk ahead inc death,2022-07-09,LU,quantile,0.150,0
2022-06-05,5 wk ahead inc death,2022-07-09,MT,quantile,0.150,4
2022-06-05,5 wk ahead inc death,2022-07-09,NL,quantile,0.150,5
2022-06-05,5 wk ahead inc death,2022-07-09,NO,quantile,0.150,49
2022-06-05,5 wk ahead inc death,2022-07-09,PL,quantile,0.150,5
2022-06-05,5 wk ahead inc death,2022-07-09,PT,quantile,0.150,261
2022-06-05,5 wk ahead inc death,2022-07-09,RO,quantile,0.150,7
2022-06-05,5 wk ahead inc death,2022-07-09,SK,quantile,0.150,1
2022-06-05,5 wk ahead inc death,2022-07-09,SI,quantile,0.150,2
2022-06-05,5 wk ahead inc death,2022-07-09,ES,quantile,0.150,362
2022-06-05,5 wk ahead inc death,2022-07-09,SE,quantile,0.150,33
2022-06-05,5 wk ahead inc death,2022-07-09,CH,quantile,0.150,6
2022-06-05,5 wk ahead inc death,2022-07-09,GB,quantile,0.150,129
2022-06-05,1 wk ahead inc death,2022-06-11,AT,quantile,0.200,23
2022-06-05,1 wk ahead inc death,2022-06-11,BE,quantile,0.200,37
2022-06-05,1 wk ahead inc death,2022-06-11,BG,quantile,0.200,18
2022-06-05,1 wk ahead inc death,2022-06-11,HR,quantile,0.200,25
2022-06-05,1 wk ahead inc death,2022-06-11,CY,quantile,0.200,3
2022-06-05,1 wk ahead inc death,2022-06-11,CZ,quantile,0.200,7
2022-06-05,1 wk ahead inc death,2022-06-11,DK,quantile,0.200,22
2022-06-05,1 wk ahead inc death,2022-06-11,EE,quantile,0.200,2
2022-06-05,1 wk ahead inc death,2022-06-11,FI,quantile,0.200,55
2022-06-05,1 wk ahead inc death,2022-06-11,FR,quantile,0.200,191
2022-06-05,1 wk ahead inc death,2022-06-11,DE,quantile,0.200,358
2022-06-05,1 wk ahead inc death,2022-06-11,GR,quantile,0.200,77
2022-06-05,1 wk ahead inc death,2022-06-11,HU,quantile,0.200,49
2022-06-05,1 wk ahead inc death,2022-06-11,IS,quantile,0.200,0
2022-06-05,1 wk ahead inc death,2022-06-11,IE,quantile,0.200,25
2022-06-05,1 wk ahead inc death,2022-06-11,IT,quantile,0.200,459
2022-06-05,1 wk ahead inc death,2022-06-11,LV,quantile,0.200,4
2022-06-05,1 wk ahead inc death,2022-06-11,LI,quantile,0.200,0
2022-06-05,1 wk ahead inc death,2022-06-11,LT,quantile,0.200,2
2022-06-05,1 wk ahead inc death,2022-06-11,LU,quantile,0.200,2
2022-06-05,1 wk ahead inc death,2022-06-11,MT,quantile,0.200,3
2022-06-05,1 wk ahead inc death,2022-06-11,NL,quantile,0.200,4
2022-06-05,1 wk ahead inc death,2022-06-11,NO,quantile,0.200,29
2022-06-05,1 wk ahead inc death,2022-06-11,PL,quantile,0.200,15
2022-06-05,1 wk ahead inc death,2022-06-11,PT,quantile,0.200,200
2022-06-05,1 wk ahead inc death,2022-06-11,RO,quantile,0.200,10
2022-06-05,1 wk ahead inc death,2022-06-11,SK,quantile,0.200,7
2022-06-05,1 wk ahead inc death,2022-06-11,SI,quantile,0.200,5
2022-06-05,1 wk ahead inc death,2022-06-11,ES,quantile,0.200,392
2022-06-05,1 wk ahead inc death,2022-06-11,SE,quantile,0.200,32
2022-06-05,1 wk ahead inc death,2022-06-11,CH,quantile,0.200,6
2022-06-05,1 wk ahead inc death,2022-06-11,GB,quantile,0.200,307
2022-06-05,2 wk ahead inc death,2022-06-18,AT,quantile,0.200,20
2022-06-05,2 wk ahead inc death,2022-06-18,BE,quantile,0.200,29
2022-06-05,2 wk ahead inc death,2022-06-18,BG,quantile,0.200,15
2022-06-05,2 wk ahead inc death,2022-06-18,HR,quantile,0.200,24
2022-06-05,2 wk ahead inc death,2022-06-18,CY,quantile,0.200,2
2022-06-05,2 wk ahead inc death,2022-06-18,CZ,quantile,0.200,4
2022-06-05,2 wk ahead inc death,2022-06-18,DK,quantile,0.200,24
2022-06-05,2 wk ahead inc death,2022-06-18,EE,quantile,0.200,1
2022-06-05,2 wk ahead inc death,2022-06-18,FI,quantile,0.200,48
2022-06-05,2 wk ahead inc death,2022-06-18,FR,quantile,0.200,146
2022-06-05,2 wk ahead inc death,2022-06-18,DE,quantile,0.200,318
2022-06-05,2 wk ahead inc death,2022-06-18,GR,quantile,0.200,74
2022-06-05,2 wk ahead inc death,2022-06-18,HU,quantile,0.200,41
2022-06-05,2 wk ahead inc death,2022-06-18,IS,quantile,0.200,0
2022-06-05,2 wk ahead inc death,2022-06-18,IE,quantile,0.200,29
2022-06-05,2 wk ahead inc death,2022-06-18,IT,quantile,0.200,380
2022-06-05,2 wk ahead inc death,2022-06-18,LV,quantile,0.200,3
2022-06-05,2 wk ahead inc death,2022-06-18,LI,quantile,0.200,0
2022-06-05,2 wk ahead inc death,2022-06-18,LT,quantile,0.200,2
2022-06-05,2 wk ahead inc death,2022-06-18,LU,quantile,0.200,1
2022-06-05,2 wk ahead inc death,2022-06-18,MT,quantile,0.200,3
2022-06-05,2 wk ahead inc death,2022-06-18,NL,quantile,0.200,4
2022-06-05,2 wk ahead inc death,2022-06-18,NO,quantile,0.200,32
2022-06-05,2 wk ahead inc death,2022-06-18,PL,quantile,0.200,13
2022-06-05,2 wk ahead inc death,2022-06-18,PT,quantile,0.200,221
2022-06-05,2 wk ahead inc death,2022-06-18,RO,quantile,0.200,9
2022-06-05,2 wk ahead inc death,2022-06-18,SK,quantile,0.200,5
2022-06-05,2 wk ahead inc death,2022-06-18,SI,quantile,0.200,5
2022-06-05,2 wk ahead inc death,2022-06-18,ES,quantile,0.200,408
2022-06-05,2 wk ahead inc death,2022-06-18,SE,quantile,0.200,33
2022-06-05,2 wk ahead inc death,2022-06-18,CH,quantile,0.200,6
2022-06-05,2 wk ahead inc death,2022-06-18,GB,quantile,0.200,258
2022-06-05,3 wk ahead inc death,2022-06-25,AT,quantile,0.200,20
2022-06-05,3 wk ahead inc death,2022-06-25,BE,quantile,0.200,26
2022-06-05,3 wk ahead inc death,2022-06-25,BG,quantile,0.200,13
2022-06-05,3 wk ahead inc death,2022-06-25,HR,quantile,0.200,20
2022-06-05,3 wk ahead inc death,2022-06-25,CY,quantile,0.200,1
2022-06-05,3 wk ahead inc death,2022-06-25,CZ,quantile,0.200,3
2022-06-05,3 wk ahead inc death,2022-06-25,DK,quantile,0.200,27
2022-06-05,3 wk ahead inc death,2022-06-25,EE,quantile,0.200,2
2022-06-05,3 wk ahead inc death,2022-06-25,FI,quantile,0.200,37
2022-06-05,3 wk ahead inc death,2022-06-25,FR,quantile,0.200,144
2022-06-05,3 wk ahead inc death,2022-06-25,DE,quantile,0.200,287
2022-06-05,3 wk ahead inc death,2022-06-25,GR,quantile,0.200,69
2022-06-05,3 wk ahead inc death,2022-06-25,HU,quantile,0.200,28
2022-06-05,3 wk ahead inc death,2022-06-25,IS,quantile,0.200,0
2022-06-05,3 wk ahead inc death,2022-06-25,IE,quantile,0.200,30
2022-06-05,3 wk ahead inc death,2022-06-25,IT,quantile,0.200,350
2022-06-05,3 wk ahead inc death,2022-06-25,LV,quantile,0.200,3
2022-06-05,3 wk ahead inc death,2022-06-25,LI,quantile,0.200,0
2022-06-05,3 wk ahead inc death,2022-06-25,LT,quantile,0.200,2
2022-06-05,3 wk ahead inc death,2022-06-25,LU,quantile,0.200,1
2022-06-05,3 wk ahead inc death,2022-06-25,MT,quantile,0.200,3
2022-06-05,3 wk ahead inc death,2022-06-25,NL,quantile,0.200,4
2022-06-05,3 wk ahead inc death,2022-06-25,NO,quantile,0.200,34
2022-06-05,3 wk ahead inc death,2022-06-25,PL,quantile,0.200,11
2022-06-05,3 wk ahead inc death,2022-06-25,PT,quantile,0.200,245
2022-06-05,3 wk ahead inc death,2022-06-25,RO,quantile,0.200,8
2022-06-05,3 wk ahead inc death,2022-06-25,SK,quantile,0.200,4
2022-06-05,3 wk ahead inc death,2022-06-25,SI,quantile,0.200,4
2022-06-05,3 wk ahead inc death,2022-06-25,ES,quantile,0.200,396
2022-06-05,3 wk ahead inc death,2022-06-25,SE,quantile,0.200,35
2022-06-05,3 wk ahead inc death,2022-06-25,CH,quantile,0.200,6
2022-06-05,3 wk ahead inc death,2022-06-25,GB,quantile,0.200,197
2022-06-05,4 wk ahead inc death,2022-07-02,AT,quantile,0.200,22
2022-06-05,4 wk ahead inc death,2022-07-02,BE,quantile,0.200,28
2022-06-05,4 wk ahead inc death,2022-07-02,BG,quantile,0.200,12
2022-06-05,4 wk ahead inc death,2022-07-02,HR,quantile,0.200,15
2022-06-05,4 wk ahead inc death,2022-07-02,CY,quantile,0.200,1
2022-06-05,4 wk ahead inc death,2022-07-02,CZ,quantile,0.200,3
2022-06-05,4 wk ahead inc death,2022-07-02,DK,quantile,0.200,33
2022-06-05,4 wk ahead inc death,2022-07-02,EE,quantile,0.200,2
2022-06-05,4 wk ahead inc death,2022-07-02,FI,quantile,0.200,34
2022-06-05,4 wk ahead inc death,2022-07-02,FR,quantile,0.200,152
2022-06-05,4 wk ahead inc death,2022-07-02,DE,quantile,0.200,256
2022-06-05,4 wk ahead inc death,2022-07-02,GR,quantile,0.200,67
2022-06-05,4 wk ahead inc death,2022-07-02,HU,quantile,0.200,24
2022-06-05,4 wk ahead inc death,2022-07-02,IS,quantile,0.200,0
2022-06-05,4 wk ahead inc death,2022-07-02,IE,quantile,0.200,27
2022-06-05,4 wk ahead inc death,2022-07-02,IT,quantile,0.200,310
2022-06-05,4 wk ahead inc death,2022-07-02,LV,quantile,0.200,3
2022-06-05,4 wk ahead inc death,2022-07-02,LI,quantile,0.200,0
2022-06-05,4 wk ahead inc death,2022-07-02,LT,quantile,0.200,2
2022-06-05,4 wk ahead inc death,2022-07-02,LU,quantile,0.200,1
2022-06-05,4 wk ahead inc death,2022-07-02,MT,quantile,0.200,4
2022-06-05,4 wk ahead inc death,2022-07-02,NL,quantile,0.200,4
2022-06-05,4 wk ahead inc death,2022-07-02,NO,quantile,0.200,41
2022-06-05,4 wk ahead inc death,2022-07-02,PL,quantile,0.200,9
2022-06-05,4 wk ahead inc death,2022-07-02,PT,quantile,0.200,258
2022-06-05,4 wk ahead inc death,2022-07-02,RO,quantile,0.200,8
2022-06-05,4 wk ahead inc death,2022-07-02,SK,quantile,0.200,2
2022-06-05,4 wk ahead inc death,2022-07-02,SI,quantile,0.200,3
2022-06-05,4 wk ahead inc death,2022-07-02,ES,quantile,0.200,386
2022-06-05,4 wk ahead inc death,2022-07-02,SE,quantile,0.200,35
2022-06-05,4 wk ahead inc death,2022-07-02,CH,quantile,0.200,6
2022-06-05,4 wk ahead inc death,2022-07-02,GB,quantile,0.200,172
2022-06-05,5 wk ahead inc death,2022-07-09,AT,quantile,0.200,29
2022-06-05,5 wk ahead inc death,2022-07-09,BE,quantile,0.200,30
2022-06-05,5 wk ahead inc death,2022-07-09,BG,quantile,0.200,11
2022-06-05,5 wk ahead inc death,2022-07-09,HR,quantile,0.200,12
2022-06-05,5 wk ahead inc death,2022-07-09,CY,quantile,0.200,1
2022-06-05,5 wk ahead inc death,2022-07-09,CZ,quantile,0.200,3
2022-06-05,5 wk ahead inc death,2022-07-09,DK,quantile,0.200,46
2022-06-05,5 wk ahead inc death,2022-07-09,EE,quantile,0.200,2
2022-06-05,5 wk ahead inc death,2022-07-09,FI,quantile,0.200,33
2022-06-05,5 wk ahead inc death,2022-07-09,FR,quantile,0.200,164
2022-06-05,5 wk ahead inc death,2022-07-09,DE,quantile,0.200,223
2022-06-05,5 wk ahead inc death,2022-07-09,GR,quantile,0.200,70
2022-06-05,5 wk ahead inc death,2022-07-09,HU,quantile,0.200,21
2022-06-05,5 wk ahead inc death,2022-07-09,IS,quantile,0.200,0
2022-06-05,5 wk ahead inc death,2022-07-09,IE,quantile,0.200,20
2022-06-05,5 wk ahead inc death,2022-07-09,IT,quantile,0.200,291
2022-06-05,5 wk ahead inc death,2022-07-09,LV,quantile,0.200,3
2022-06-05,5 wk ahead inc death,2022-07-09,LI,quantile,0.200,0
2022-06-05,5 wk ahead inc death,2022-07-09,LT,quantile,0.200,2
2022-06-05,5 wk ahead inc death,2022-07-09,LU,quantile,0.200,0
2022-06-05,5 wk ahead inc death,2022-07-09,MT,quantile,0.200,4
2022-06-05,5 wk ahead inc death,2022-07-09,NL,quantile,0.200,5
2022-06-05,5 wk ahead inc death,2022-07-09,NO,quantile,0.200,51
2022-06-05,5 wk ahead inc death,2022-07-09,PL,quantile,0.200,8
2022-06-05,5 wk ahead inc death,2022-07-09,PT,quantile,0.200,263
2022-06-05,5 wk ahead inc death,2022-07-09,RO,quantile,0.200,7
2022-06-05,5 wk ahead inc death,2022-07-09,SK,quantile,0.200,2
2022-06-05,5 wk ahead inc death,2022-07-09,SI,quantile,0.200,3
2022-06-05,5 wk ahead inc death,2022-07-09,ES,quantile,0.200,363
2022-06-05,5 wk ahead inc death,2022-07-09,SE,quantile,0.200,38
2022-06-05,5 wk ahead inc death,2022-07-09,CH,quantile,0.200,6
2022-06-05,5 wk ahead inc death,2022-07-09,GB,quantile,0.200,177
2022-06-05,1 wk ahead inc death,2022-06-11,AT,quantile,0.250,23
2022-06-05,1 wk ahead inc death,2022-06-11,BE,quantile,0.250,37
2022-06-05,1 wk ahead inc death,2022-06-11,BG,quantile,0.250,23
2022-06-05,1 wk ahead inc death,2022-06-11,HR,quantile,0.250,25
2022-06-05,1 wk ahead inc death,2022-06-11,CY,quantile,0.250,3
2022-06-05,1 wk ahead inc death,2022-06-11,CZ,quantile,0.250,7
2022-06-05,1 wk ahead inc death,2022-06-11,DK,quantile,0.250,22
2022-06-05,1 wk ahead inc death,2022-06-11,EE,quantile,0.250,2
2022-06-05,1 wk ahead inc death,2022-06-11,FI,quantile,0.250,55
2022-06-05,1 wk ahead inc death,2022-06-11,FR,quantile,0.250,191
2022-06-05,1 wk ahead inc death,2022-06-11,DE,quantile,0.250,358
2022-06-05,1 wk ahead inc death,2022-06-11,GR,quantile,0.250,77
2022-06-05,1 wk ahead inc death,2022-06-11,HU,quantile,0.250,49
2022-06-05,1 wk ahead inc death,2022-06-11,IS,quantile,0.250,0
2022-06-05,1 wk ahead inc death,2022-06-11,IE,quantile,0.250,25
2022-06-05,1 wk ahead inc death,2022-06-11,IT,quantile,0.250,463
2022-06-05,1 wk ahead inc death,2022-06-11,LV,quantile,0.250,4
2022-06-05,1 wk ahead inc death,2022-06-11,LI,quantile,0.250,0
2022-06-05,1 wk ahead inc death,2022-06-11,LT,quantile,0.250,2
2022-06-05,1 wk ahead inc death,2022-06-11,LU,quantile,0.250,2
2022-06-05,1 wk ahead inc death,2022-06-11,MT,quantile,0.250,3
2022-06-05,1 wk ahead inc death,2022-06-11,NL,quantile,0.250,4
2022-06-05,1 wk ahead inc death,2022-06-11,NO,quantile,0.250,29
2022-06-05,1 wk ahead inc death,2022-06-11,PL,quantile,0.250,15
2022-06-05,1 wk ahead inc death,2022-06-11,PT,quantile,0.250,200
2022-06-05,1 wk ahead inc death,2022-06-11,RO,quantile,0.250,11
2022-06-05,1 wk ahead inc death,2022-06-11,SK,quantile,0.250,11
2022-06-05,1 wk ahead inc death,2022-06-11,SI,quantile,0.250,5
2022-06-05,1 wk ahead inc death,2022-06-11,ES,quantile,0.250,392
2022-06-05,1 wk ahead inc death,2022-06-11,SE,quantile,0.250,32
2022-06-05,1 wk ahead inc death,2022-06-11,CH,quantile,0.250,8
2022-06-05,1 wk ahead inc death,2022-06-11,GB,quantile,0.250,307
2022-06-05,2 wk ahead inc death,2022-06-18,AT,quantile,0.250,20
2022-06-05,2 wk ahead inc death,2022-06-18,BE,quantile,0.250,29
2022-06-05,2 wk ahead inc death,2022-06-18,BG,quantile,0.250,19
2022-06-05,2 wk ahead inc death,2022-06-18,HR,quantile,0.250,24
2022-06-05,2 wk ahead inc death,2022-06-18,CY,quantile,0.250,2
2022-06-05,2 wk ahead inc death,2022-06-18,CZ,quantile,0.250,5
2022-06-05,2 wk ahead inc death,2022-06-18,DK,quantile,0.250,24
2022-06-05,2 wk ahead inc death,2022-06-18,EE,quantile,0.250,1
2022-06-05,2 wk ahead inc death,2022-06-18,FI,quantile,0.250,49
2022-06-05,2 wk ahead inc death,2022-06-18,FR,quantile,0.250,146
2022-06-05,2 wk ahead inc death,2022-06-18,DE,quantile,0.250,318
2022-06-05,2 wk ahead inc death,2022-06-18,GR,quantile,0.250,74
2022-06-05,2 wk ahead inc death,2022-06-18,HU,quantile,0.250,41
2022-06-05,2 wk ahead inc death,2022-06-18,IS,quantile,0.250,0
2022-06-05,2 wk ahead inc death,2022-06-18,IE,quantile,0.250,29
2022-06-05,2 wk ahead inc death,2022-06-18,IT,quantile,0.250,403
2022-06-05,2 wk ahead inc death,2022-06-18,LV,quantile,0.250,3
2022-06-05,2 wk ahead inc death,2022-06-18,LI,quantile,0.250,0
2022-06-05,2 wk ahead inc death,2022-06-18,LT,quantile,0.250,2
2022-06-05,2 wk ahead inc death,2022-06-18,LU,quantile,0.250,1
2022-06-05,2 wk ahead inc death,2022-06-18,MT,quantile,0.250,3
2022-06-05,2 wk ahead inc death,2022-06-18,NL,quantile,0.250,4
2022-06-05,2 wk ahead inc death,2022-06-18,NO,quantile,0.250,32
2022-06-05,2 wk ahead inc death,2022-06-18,PL,quantile,0.250,13
2022-06-05,2 wk ahead inc death,2022-06-18,PT,quantile,0.250,221
2022-06-05,2 wk ahead inc death,2022-06-18,RO,quantile,0.250,9
2022-06-05,2 wk ahead inc death,2022-06-18,SK,quantile,0.250,7
2022-06-05,2 wk ahead inc death,2022-06-18,SI,quantile,0.250,5
2022-06-05,2 wk ahead inc death,2022-06-18,ES,quantile,0.250,408
2022-06-05,2 wk ahead inc death,2022-06-18,SE,quantile,0.250,33
2022-06-05,2 wk ahead inc death,2022-06-18,CH,quantile,0.250,6
2022-06-05,2 wk ahead inc death,2022-06-18,GB,quantile,0.250,259
2022-06-05,3 wk ahead inc death,2022-06-25,AT,quantile,0.250,20
2022-06-05,3 wk ahead inc death,2022-06-25,BE,quantile,0.250,27
2022-06-05,3 wk ahead inc death,2022-06-25,BG,quantile,0.250,16
2022-06-05,3 wk ahead inc death,2022-06-25,HR,quantile,0.250,20
2022-06-05,3 wk ahead inc death,2022-06-25,CY,quantile,0.250,1
2022-06-05,3 wk ahead inc death,2022-06-25,CZ,quantile,0.250,3
2022-06-05,3 wk ahead inc death,2022-06-25,DK,quantile,0.250,27
2022-06-05,3 wk ahead inc death,2022-06-25,EE,quantile,0.250,2
2022-06-05,3 wk ahead inc death,2022-06-25,FI,quantile,0.250,44
2022-06-05,3 wk ahead inc death,2022-06-25,FR,quantile,0.250,145
2022-06-05,3 wk ahead inc death,2022-06-25,DE,quantile,0.250,287
2022-06-05,3 wk ahead inc death,2022-06-25,GR,quantile,0.250,69
2022-06-05,3 wk ahead inc death,2022-06-25,HU,quantile,0.250,28
2022-06-05,3 wk ahead inc death,2022-06-25,IS,quantile,0.250,0
2022-06-05,3 wk ahead inc death,2022-06-25,IE,quantile,0.250,30
2022-06-05,3 wk ahead inc death,2022-06-25,IT,quantile,0.250,352
2022-06-05,3 wk ahead inc death,2022-06-25,LV,quantile,0.250,3
2022-06-05,3 wk ahead inc death,2022-06-25,LI,quantile,0.250,0
2022-06-05,3 wk ahead inc death,2022-06-25,LT,quantile,0.250,2
2022-06-05,3 wk ahead inc death,2022-06-25,LU,quantile,0.250,1
2022-06-05,3 wk ahead inc death,2022-06-25,MT,quantile,0.250,3
2022-06-05,3 wk ahead inc death,2022-06-25,NL,quantile,0.250,4
2022-06-05,3 wk ahead inc death,2022-06-25,NO,quantile,0.250,34
2022-06-05,3 wk ahead inc death,2022-06-25,PL,quantile,0.250,11
2022-06-05,3 wk ahead inc death,2022-06-25,PT,quantile,0.250,245
2022-06-05,3 wk ahead inc death,2022-06-25,RO,quantile,0.250,9
2022-06-05,3 wk ahead inc death,2022-06-25,SK,quantile,0.250,5
2022-06-05,3 wk ahead inc death,2022-06-25,SI,quantile,0.250,4
2022-06-05,3 wk ahead inc death,2022-06-25,ES,quantile,0.250,396
2022-06-05,3 wk ahead inc death,2022-06-25,SE,quantile,0.250,35
2022-06-05,3 wk ahead inc death,2022-06-25,CH,quantile,0.250,6
2022-06-05,3 wk ahead inc death,2022-06-25,GB,quantile,0.250,198
2022-06-05,4 wk ahead inc death,2022-07-02,AT,quantile,0.250,22
2022-06-05,4 wk ahead inc death,2022-07-02,BE,quantile,0.250,29
2022-06-05,4 wk ahead inc death,2022-07-02,BG,quantile,0.250,14
2022-06-05,4 wk ahead inc death,2022-07-02,HR,quantile,0.250,15
2022-06-05,4 wk ahead inc death,2022-07-02,CY,quantile,0.250,1
2022-06-05,4 wk ahead inc death,2022-07-02,CZ,quantile,0.250,3
2022-06-05,4 wk ahead inc death,2022-07-02,DK,quantile,0.250,34
2022-06-05,4 wk ahead inc death,2022-07-02,EE,quantile,0.250,2
2022-06-05,4 wk ahead inc death,2022-07-02,FI,quantile,0.250,38
2022-06-05,4 wk ahead inc death,2022-07-02,FR,quantile,0.250,154
2022-06-05,4 wk ahead inc death,2022-07-02,DE,quantile,0.250,259
2022-06-05,4 wk ahead inc death,2022-07-02,GR,quantile,0.250,67
2022-06-05,4 wk ahead inc death,2022-07-02,HU,quantile,0.250,24
2022-06-05,4 wk ahead inc death,2022-07-02,IS,quantile,0.250,0
2022-06-05,4 wk ahead inc death,2022-07-02,IE,quantile,0.250,27
2022-06-05,4 wk ahead inc death,2022-07-02,IT,quantile,0.250,312
2022-06-05,4 wk ahead inc death,2022-07-02,LV,quantile,0.250,3
2022-06-05,4 wk ahead inc death,2022-07-02,LI,quantile,0.250,0
2022-06-05,4 wk ahead inc death,2022-07-02,LT,quantile,0.250,2
2022-06-05,4 wk ahead inc death,2022-07-02,LU,quantile,0.250,1
2022-06-05,4 wk ahead inc death,2022-07-02,MT,quantile,0.250,4
2022-06-05,4 wk ahead inc death,2022-07-02,NL,quantile,0.250,5
2022-06-05,4 wk ahead inc death,2022-07-02,NO,quantile,0.250,41
2022-06-05,4 wk ahead inc death,2022-07-02,PL,quantile,0.250,9
2022-06-05,4 wk ahead inc death,2022-07-02,PT,quantile,0.250,261
2022-06-05,4 wk ahead inc death,2022-07-02,RO,quantile,0.250,9
2022-06-05,4 wk ahead inc death,2022-07-02,SK,quantile,0.250,2
2022-06-05,4 wk ahead inc death,2022-07-02,SI,quantile,0.250,3
2022-06-05,4 wk ahead inc death,2022-07-02,ES,quantile,0.250,386
2022-06-05,4 wk ahead inc death,2022-07-02,SE,quantile,0.250,36
2022-06-05,4 wk ahead inc death,2022-07-02,CH,quantile,0.250,6
2022-06-05,4 wk ahead inc death,2022-07-02,GB,quantile,0.250,173
2022-06-05,5 wk ahead inc death,2022-07-09,AT,quantile,0.250,29
2022-06-05,5 wk ahead inc death,2022-07-09,BE,quantile,0.250,31
2022-06-05,5 wk ahead inc death,2022-07-09,BG,quantile,0.250,13
2022-06-05,5 wk ahead inc death,2022-07-09,HR,quantile,0.250,12
2022-06-05,5 wk ahead inc death,2022-07-09,CY,quantile,0.250,1
2022-06-05,5 wk ahead inc death,2022-07-09,CZ,quantile,0.250,3
2022-06-05,5 wk ahead inc death,2022-07-09,DK,quantile,0.250,47
2022-06-05,5 wk ahead inc death,2022-07-09,EE,quantile,0.250,2
2022-06-05,5 wk ahead inc death,2022-07-09,FI,quantile,0.250,36
2022-06-05,5 wk ahead inc death,2022-07-09,FR,quantile,0.250,165
2022-06-05,5 wk ahead inc death,2022-07-09,DE,quantile,0.250,231
2022-06-05,5 wk ahead inc death,2022-07-09,GR,quantile,0.250,71
2022-06-05,5 wk ahead inc death,2022-07-09,HU,quantile,0.250,21
2022-06-05,5 wk ahead inc death,2022-07-09,IS,quantile,0.250,0
2022-06-05,5 wk ahead inc death,2022-07-09,IE,quantile,0.250,21
2022-06-05,5 wk ahead inc death,2022-07-09,IT,quantile,0.250,300
2022-06-05,5 wk ahead inc death,2022-07-09,LV,quantile,0.250,4
2022-06-05,5 wk ahead inc death,2022-07-09,LI,quantile,0.250,0
2022-06-05,5 wk ahead inc death,2022-07-09,LT,quantile,0.250,2
2022-06-05,5 wk ahead inc death,2022-07-09,LU,quantile,0.250,0
2022-06-05,5 wk ahead inc death,2022-07-09,MT,quantile,0.250,4
2022-06-05,5 wk ahead inc death,2022-07-09,NL,quantile,0.250,6
2022-06-05,5 wk ahead inc death,2022-07-09,NO,quantile,0.250,52
2022-06-05,5 wk ahead inc death,2022-07-09,PL,quantile,0.250,8
2022-06-05,5 wk ahead inc death,2022-07-09,PT,quantile,0.250,270
2022-06-05,5 wk ahead inc death,2022-07-09,RO,quantile,0.250,7
2022-06-05,5 wk ahead inc death,2022-07-09,SK,quantile,0.250,2
2022-06-05,5 wk ahead inc death,2022-07-09,SI,quantile,0.250,3
2022-06-05,5 wk ahead inc death,2022-07-09,ES,quantile,0.250,364
2022-06-05,5 wk ahead inc death,2022-07-09,SE,quantile,0.250,39
2022-06-05,5 wk ahead inc death,2022-07-09,CH,quantile,0.250,7
2022-06-05,5 wk ahead inc death,2022-07-09,GB,quantile,0.250,183
2022-06-05,1 wk ahead inc death,2022-06-11,AT,quantile,0.300,27
2022-06-05,1 wk ahead inc death,2022-06-11,BE,quantile,0.300,42
2022-06-05,1 wk ahead inc death,2022-06-11,BG,quantile,0.300,30
2022-06-05,1 wk ahead inc death,2022-06-11,HR,quantile,0.300,26
2022-06-05,1 wk ahead inc death,2022-06-11,CY,quantile,0.300,3
2022-06-05,1 wk ahead inc death,2022-06-11,CZ,quantile,0.300,7
2022-06-05,1 wk ahead inc death,2022-06-11,DK,quantile,0.300,24
2022-06-05,1 wk ahead inc death,2022-06-11,EE,quantile,0.300,2
2022-06-05,1 wk ahead inc death,2022-06-11,FI,quantile,0.300,88
2022-06-05,1 wk ahead inc death,2022-06-11,FR,quantile,0.300,204
2022-06-05,1 wk ahead inc death,2022-06-11,DE,quantile,0.300,439
2022-06-05,1 wk ahead inc death,2022-06-11,GR,quantile,0.300,92
2022-06-05,1 wk ahead inc death,2022-06-11,HU,quantile,0.300,54
2022-06-05,1 wk ahead inc death,2022-06-11,IS,quantile,0.300,0
2022-06-05,1 wk ahead inc death,2022-06-11,IE,quantile,0.300,27
2022-06-05,1 wk ahead inc death,2022-06-11,IT,quantile,0.300,463
2022-06-05,1 wk ahead inc death,2022-06-11,LV,quantile,0.300,4
2022-06-05,1 wk ahead inc death,2022-06-11,LI,quantile,0.300,0
2022-06-05,1 wk ahead inc death,2022-06-11,LT,quantile,0.300,2
2022-06-05,1 wk ahead inc death,2022-06-11,LU,quantile,0.300,2
2022-06-05,1 wk ahead inc death,2022-06-11,MT,quantile,0.300,3
2022-06-05,1 wk ahead inc death,2022-06-11,NL,quantile,0.300,4
2022-06-05,1 wk ahead inc death,2022-06-11,NO,quantile,0.300,29
2022-06-05,1 wk ahead inc death,2022-06-11,PL,quantile,0.300,17
2022-06-05,1 wk ahead inc death,2022-06-11,PT,quantile,0.300,294
2022-06-05,1 wk ahead inc death,2022-06-11,RO,quantile,0.300,17
2022-06-05,1 wk ahead inc death,2022-06-11,SK,quantile,0.300,12
2022-06-05,1 wk ahead inc death,2022-06-11,SI,quantile,0.300,6
2022-06-05,1 wk ahead inc death,2022-06-11,ES,quantile,0.300,539
2022-06-05,1 wk ahead inc death,2022-06-11,SE,quantile,0.300,33
2022-06-05,1 wk ahead inc death,2022-06-11,CH,quantile,0.300,8
2022-06-05,1 wk ahead inc death,2022-06-11,GB,quantile,0.300,334
2022-06-05,2 wk ahead inc death,2022-06-18,AT,quantile,0.300,23
2022-06-05,2 wk ahead inc death,2022-06-18,BE,quantile,0.300,31
2022-06-05,2 wk ahead inc death,2022-06-18,BG,quantile,0.300,25
2022-06-05,2 wk ahead inc death,2022-06-18,HR,quantile,0.300,25
2022-06-05,2 wk ahead inc death,2022-06-18,CY,quantile,0.300,2
2022-06-05,2 wk ahead inc death,2022-06-18,CZ,quantile,0.300,5
2022-06-05,2 wk ahead inc death,2022-06-18,DK,quantile,0.300,26
2022-06-05,2 wk ahead inc death,2022-06-18,EE,quantile,0.300,1
2022-06-05,2 wk ahead inc death,2022-06-18,FI,quantile,0.300,65
2022-06-05,2 wk ahead inc death,2022-06-18,FR,quantile,0.300,153
2022-06-05,2 wk ahead inc death,2022-06-18,DE,quantile,0.300,350
2022-06-05,2 wk ahead inc death,2022-06-18,GR,quantile,0.300,91
2022-06-05,2 wk ahead inc death,2022-06-18,HU,quantile,0.300,49
2022-06-05,2 wk ahead inc death,2022-06-18,IS,quantile,0.300,0
2022-06-05,2 wk ahead inc death,2022-06-18,IE,quantile,0.300,31
2022-06-05,2 wk ahead inc death,2022-06-18,IT,quantile,0.300,403
2022-06-05,2 wk ahead inc death,2022-06-18,LV,quantile,0.300,3
2022-06-05,2 wk ahead inc death,2022-06-18,LI,quantile,0.300,0
2022-06-05,2 wk ahead inc death,2022-06-18,LT,quantile,0.300,2
2022-06-05,2 wk ahead inc death,2022-06-18,LU,quantile,0.300,2
2022-06-05,2 wk ahead inc death,2022-06-18,MT,quantile,0.300,3
2022-06-05,2 wk ahead inc death,2022-06-18,NL,quantile,0.300,4
2022-06-05,2 wk ahead inc death,2022-06-18,NO,quantile,0.300,32
2022-06-05,2 wk ahead inc death,2022-06-18,PL,quantile,0.300,16
2022-06-05,2 wk ahead inc death,2022-06-18,PT,quantile,0.300,320
2022-06-05,2 wk ahead inc death,2022-06-18,RO,quantile,0.300,14
2022-06-05,2 wk ahead inc death,2022-06-18,SK,quantile,0.300,9
2022-06-05,2 wk ahead inc death,2022-06-18,SI,quantile,0.300,5
2022-06-05,2 wk ahead inc death,2022-06-18,ES,quantile,0.300,557
2022-06-05,2 wk ahead inc death,2022-06-18,SE,quantile,0.300,35
2022-06-05,2 wk ahead inc death,2022-06-18,CH,quantile,0.300,6
2022-06-05,2 wk ahead inc death,2022-06-18,GB,quantile,0.300,269
2022-06-05,3 wk ahead inc death,2022-06-25,AT,quantile,0.300,22
2022-06-05,3 wk ahead inc death,2022-06-25,BE,quantile,0.300,27
2022-06-05,3 wk ahead inc death,2022-06-25,BG,quantile,0.300,22
2022-06-05,3 wk ahead inc death,2022-06-25,HR,quantile,0.300,23
2022-06-05,3 wk ahead inc death,2022-06-25,CY,quantile,0.300,1
2022-06-05,3 wk ahead inc death,2022-06-25,CZ,quantile,0.300,3
2022-06-05,3 wk ahead inc death,2022-06-25,DK,quantile,0.300,29
2022-06-05,3 wk ahead inc death,2022-06-25,EE,quantile,0.300,2
2022-06-05,3 wk ahead inc death,2022-06-25,FI,quantile,0.300,49
2022-06-05,3 wk ahead inc death,2022-06-25,FR,quantile,0.300,148
2022-06-05,3 wk ahead inc death,2022-06-25,DE,quantile,0.300,288
2022-06-05,3 wk ahead inc death,2022-06-25,GR,quantile,0.300,85
2022-06-05,3 wk ahead inc death,2022-06-25,HU,quantile,0.300,36
2022-06-05,3 wk ahead inc death,2022-06-25,IS,quantile,0.300,0
2022-06-05,3 wk ahead inc death,2022-06-25,IE,quantile,0.300,37
2022-06-05,3 wk ahead inc death,2022-06-25,IT,quantile,0.300,352
2022-06-05,3 wk ahead inc death,2022-06-25,LV,quantile,0.300,3
2022-06-05,3 wk ahead inc death,2022-06-25,LI,quantile,0.300,0
2022-06-05,3 wk ahead inc death,2022-06-25,LT,quantile,0.300,2
2022-06-05,3 wk ahead inc death,2022-06-25,LU,quantile,0.300,1
2022-06-05,3 wk ahead inc death,2022-06-25,MT,quantile,0.300,3
2022-06-05,3 wk ahead inc death,2022-06-25,NL,quantile,0.300,4
2022-06-05,3 wk ahead inc death,2022-06-25,NO,quantile,0.300,35
2022-06-05,3 wk ahead inc death,2022-06-25,PL,quantile,0.300,13
2022-06-05,3 wk ahead inc death,2022-06-25,PT,quantile,0.300,333
2022-06-05,3 wk ahead inc death,2022-06-25,RO,quantile,0.300,12
2022-06-05,3 wk ahead inc death,2022-06-25,SK,quantile,0.300,6
2022-06-05,3 wk ahead inc death,2022-06-25,SI,quantile,0.300,4
2022-06-05,3 wk ahead inc death,2022-06-25,ES,quantile,0.300,534
2022-06-05,3 wk ahead inc death,2022-06-25,SE,quantile,0.300,38
2022-06-05,3 wk ahead inc death,2022-06-25,CH,quantile,0.300,6
2022-06-05,3 wk ahead inc death,2022-06-25,GB,quantile,0.300,225
2022-06-05,4 wk ahead inc death,2022-07-02,AT,quantile,0.300,23
2022-06-05,4 wk ahead inc death,2022-07-02,BE,quantile,0.300,30
2022-06-05,4 wk ahead inc death,2022-07-02,BG,quantile,0.300,20
2022-06-05,4 wk ahead inc death,2022-07-02,HR,quantile,0.300,21
2022-06-05,4 wk ahead inc death,2022-07-02,CY,quantile,0.300,1
2022-06-05,4 wk ahead inc death,2022-07-02,CZ,quantile,0.300,3
2022-06-05,4 wk ahead inc death,2022-07-02,DK,quantile,0.300,35
2022-06-05,4 wk ahead inc death,2022-07-02,EE,quantile,0.300,2
2022-06-05,4 wk ahead inc death,2022-07-02,FI,quantile,0.300,47
2022-06-05,4 wk ahead inc death,2022-07-02,FR,quantile,0.300,155
2022-06-05,4 wk ahead inc death,2022-07-02,DE,quantile,0.300,261
2022-06-05,4 wk ahead inc death,2022-07-02,GR,quantile,0.300,84
2022-06-05,4 wk ahead inc death,2022-07-02,HU,quantile,0.300,28
2022-06-05,4 wk ahead inc death,2022-07-02,IS,quantile,0.300,0
2022-06-05,4 wk ahead inc death,2022-07-02,IE,quantile,0.300,39
2022-06-05,4 wk ahead inc death,2022-07-02,IT,quantile,0.300,317
2022-06-05,4 wk ahead inc death,2022-07-02,LV,quantile,0.300,3
2022-06-05,4 wk ahead inc death,2022-07-02,LI,quantile,0.300,0
2022-06-05,4 wk ahead inc death,2022-07-02,LT,quantile,0.300,2
2022-06-05,4 wk ahead inc death,2022-07-02,LU,quantile,0.300,1
2022-06-05,4 wk ahead inc death,2022-07-02,MT,quantile,0.300,4
2022-06-05,4 wk ahead inc death,2022-07-02,NL,quantile,0.300,5
2022-06-05,4 wk ahead inc death,2022-07-02,NO,quantile,0.300,45
2022-06-05,4 wk ahead inc death,2022-07-02,PL,quantile,0.300,11
2022-06-05,4 wk ahead inc death,2022-07-02,PT,quantile,0.300,334
2022-06-05,4 wk ahead inc death,2022-07-02,RO,quantile,0.300,10
2022-06-05,4 wk ahead inc death,2022-07-02,SK,quantile,0.300,3
2022-06-05,4 wk ahead inc death,2022-07-02,SI,quantile,0.300,3
2022-06-05,4 wk ahead inc death,2022-07-02,ES,quantile,0.300,517
2022-06-05,4 wk ahead inc death,2022-07-02,SE,quantile,0.300,44
2022-06-05,4 wk ahead inc death,2022-07-02,CH,quantile,0.300,6
2022-06-05,4 wk ahead inc death,2022-07-02,GB,quantile,0.300,193
2022-06-05,5 wk ahead inc death,2022-07-09,AT,quantile,0.300,30
2022-06-05,5 wk ahead inc death,2022-07-09,BE,quantile,0.300,31
2022-06-05,5 wk ahead inc death,2022-07-09,BG,quantile,0.300,19
2022-06-05,5 wk ahead inc death,2022-07-09,HR,quantile,0.300,16
2022-06-05,5 wk ahead inc death,2022-07-09,CY,quantile,0.300,1
2022-06-05,5 wk ahead inc death,2022-07-09,CZ,quantile,0.300,4
2022-06-05,5 wk ahead inc death,2022-07-09,DK,quantile,0.300,50
2022-06-05,5 wk ahead inc death,2022-07-09,EE,quantile,0.300,2
2022-06-05,5 wk ahead inc death,2022-07-09,FI,quantile,0.300,49
2022-06-05,5 wk ahead inc death,2022-07-09,FR,quantile,0.300,170
2022-06-05,5 wk ahead inc death,2022-07-09,DE,quantile,0.300,233
2022-06-05,5 wk ahead inc death,2022-07-09,GR,quantile,0.300,87
2022-06-05,5 wk ahead inc death,2022-07-09,HU,quantile,0.300,23
2022-06-05,5 wk ahead inc death,2022-07-09,IS,quantile,0.300,1
2022-06-05,5 wk ahead inc death,2022-07-09,IE,quantile,0.300,29
2022-06-05,5 wk ahead inc death,2022-07-09,IT,quantile,0.300,301
2022-06-05,5 wk ahead inc death,2022-07-09,LV,quantile,0.300,4
2022-06-05,5 wk ahead inc death,2022-07-09,LI,quantile,0.300,0
2022-06-05,5 wk ahead inc death,2022-07-09,LT,quantile,0.300,2
2022-06-05,5 wk ahead inc death,2022-07-09,LU,quantile,0.300,0
2022-06-05,5 wk ahead inc death,2022-07-09,MT,quantile,0.300,4
2022-06-05,5 wk ahead inc death,2022-07-09,NL,quantile,0.300,7
2022-06-05,5 wk ahead inc death,2022-07-09,NO,quantile,0.300,56
2022-06-05,5 wk ahead inc death,2022-07-09,PL,quantile,0.300,11
2022-06-05,5 wk ahead inc death,2022-07-09,PT,quantile,0.300,324
2022-06-05,5 wk ahead inc death,2022-07-09,RO,quantile,0.300,8
2022-06-05,5 wk ahead inc death,2022-07-09,SK,quantile,0.300,2
2022-06-05,5 wk ahead inc death,2022-07-09,SI,quantile,0.300,3
2022-06-05,5 wk ahead inc death,2022-07-09,ES,quantile,0.300,487
2022-06-05,5 wk ahead inc death,2022-07-09,SE,quantile,0.300,49
2022-06-05,5 wk ahead inc death,2022-07-09,CH,quantile,0.300,7
2022-06-05,5 wk ahead inc death,2022-07-09,GB,quantile,0.300,189
2022-06-05,1 wk ahead inc death,2022-06-11,AT,quantile,0.350,28
2022-06-05,1 wk ahead inc death,2022-06-11,BE,quantile,0.350,49
2022-06-05,1 wk ahead inc death,2022-06-11,BG,quantile,0.350,30
2022-06-05,1 wk ahead inc death,2022-06-11,HR,quantile,0.350,26
2022-06-05,1 wk ahead inc death,2022-06-11,CY,quantile,0.350,3
2022-06-05,1 wk ahead inc death,2022-06-11,CZ,quantile,0.350,7
2022-06-05,1 wk ahead inc death,2022-06-11,DK,quantile,0.350,24
2022-06-05,1 wk ahead inc death,2022-06-11,EE,quantile,0.350,2
2022-06-05,1 wk ahead inc death,2022-06-11,FI,quantile,0.350,88
2022-06-05,1 wk ahead inc death,2022-06-11,FR,quantile,0.350,217
2022-06-05,1 wk ahead inc death,2022-06-11,DE,quantile,0.350,439
2022-06-05,1 wk ahead inc death,2022-06-11,GR,quantile,0.350,92
2022-06-05,1 wk ahead inc death,2022-06-11,HU,quantile,0.350,54
2022-06-05,1 wk ahead inc death,2022-06-11,IS,quantile,0.350,0
2022-06-05,1 wk ahead inc death,2022-06-11,IE,quantile,0.350,27
2022-06-05,1 wk ahead inc death,2022-06-11,IT,quantile,0.350,463
2022-06-05,1 wk ahead inc death,2022-06-11,LV,quantile,0.350,4
2022-06-05,1 wk ahead inc death,2022-06-11,LI,quantile,0.350,0
2022-06-05,1 wk ahead inc death,2022-06-11,LT,quantile,0.350,3
2022-06-05,1 wk ahead inc death,2022-06-11,LU,quantile,0.350,2
2022-06-05,1 wk ahead inc death,2022-06-11,MT,quantile,0.350,3
2022-06-05,1 wk ahead inc death,2022-06-11,NL,quantile,0.350,5
2022-06-05,1 wk ahead inc death,2022-06-11,NO,quantile,0.350,29
2022-06-05,1 wk ahead inc death,2022-06-11,PL,quantile,0.350,17
2022-06-05,1 wk ahead inc death,2022-06-11,PT,quantile,0.350,294
2022-06-05,1 wk ahead inc death,2022-06-11,RO,quantile,0.350,17
2022-06-05,1 wk ahead inc death,2022-06-11,SK,quantile,0.350,12
2022-06-05,1 wk ahead inc death,2022-06-11,SI,quantile,0.350,6
2022-06-05,1 wk ahead inc death,2022-06-11,ES,quantile,0.350,548
2022-06-05,1 wk ahead inc death,2022-06-11,SE,quantile,0.350,33
2022-06-05,1 wk ahead inc death,2022-06-11,CH,quantile,0.350,8
2022-06-05,1 wk ahead inc death,2022-06-11,GB,quantile,0.350,335
2022-06-05,2 wk ahead inc death,2022-06-18,AT,quantile,0.350,23
2022-06-05,2 wk ahead inc death,2022-06-18,BE,quantile,0.350,38
2022-06-05,2 wk ahead inc death,2022-06-18,BG,quantile,0.350,25
2022-06-05,2 wk ahead inc death,2022-06-18,HR,quantile,0.350,25
2022-06-05,2 wk ahead inc death,2022-06-18,CY,quantile,0.350,2
2022-06-05,2 wk ahead inc death,2022-06-18,CZ,quantile,0.350,5
2022-06-05,2 wk ahead inc death,2022-06-18,DK,quantile,0.350,26
2022-06-05,2 wk ahead inc death,2022-06-18,EE,quantile,0.350,1
2022-06-05,2 wk ahead inc death,2022-06-18,FI,quantile,0.350,65
2022-06-05,2 wk ahead inc death,2022-06-18,FR,quantile,0.350,166
2022-06-05,2 wk ahead inc death,2022-06-18,DE,quantile,0.350,350
2022-06-05,2 wk ahead inc death,2022-06-18,GR,quantile,0.350,91
2022-06-05,2 wk ahead inc death,2022-06-18,HU,quantile,0.350,49
2022-06-05,2 wk ahead inc death,2022-06-18,IS,quantile,0.350,0
2022-06-05,2 wk ahead inc death,2022-06-18,IE,quantile,0.350,31
2022-06-05,2 wk ahead inc death,2022-06-18,IT,quantile,0.350,404
2022-06-05,2 wk ahead inc death,2022-06-18,LV,quantile,0.350,3
2022-06-05,2 wk ahead inc death,2022-06-18,LI,quantile,0.350,0
2022-06-05,2 wk ahead inc death,2022-06-18,LT,quantile,0.350,2
2022-06-05,2 wk ahead inc death,2022-06-18,LU,quantile,0.350,2
2022-06-05,2 wk ahead inc death,2022-06-18,MT,quantile,0.350,3
2022-06-05,2 wk ahead inc death,2022-06-18,NL,quantile,0.350,4
2022-06-05,2 wk ahead inc death,2022-06-18,NO,quantile,0.350,32
2022-06-05,2 wk ahead inc death,2022-06-18,PL,quantile,0.350,16
2022-06-05,2 wk ahead inc death,2022-06-18,PT,quantile,0.350,322
2022-06-05,2 wk ahead inc death,2022-06-18,RO,quantile,0.350,14
2022-06-05,2 wk ahead inc death,2022-06-18,SK,quantile,0.350,9
2022-06-05,2 wk ahead inc death,2022-06-18,SI,quantile,0.350,5
2022-06-05,2 wk ahead inc death,2022-06-18,ES,quantile,0.350,566
2022-06-05,2 wk ahead inc death,2022-06-18,SE,quantile,0.350,35
2022-06-05,2 wk ahead inc death,2022-06-18,CH,quantile,0.350,6
2022-06-05,2 wk ahead inc death,2022-06-18,GB,quantile,0.350,269
2022-06-05,3 wk ahead inc death,2022-06-25,AT,quantile,0.350,22
2022-06-05,3 wk ahead inc death,2022-06-25,BE,quantile,0.350,32
2022-06-05,3 wk ahead inc death,2022-06-25,BG,quantile,0.350,22
2022-06-05,3 wk ahead inc death,2022-06-25,HR,quantile,0.350,23
2022-06-05,3 wk ahead inc death,2022-06-25,CY,quantile,0.350,1
2022-06-05,3 wk ahead inc death,2022-06-25,CZ,quantile,0.350,4
2022-06-05,3 wk ahead inc death,2022-06-25,DK,quantile,0.350,29
2022-06-05,3 wk ahead inc death,2022-06-25,EE,quantile,0.350,2
2022-06-05,3 wk ahead inc death,2022-06-25,FI,quantile,0.350,49
2022-06-05,3 wk ahead inc death,2022-06-25,FR,quantile,0.350,159
2022-06-05,3 wk ahead inc death,2022-06-25,DE,quantile,0.350,288
2022-06-05,3 wk ahead inc death,2022-06-25,GR,quantile,0.350,85
2022-06-05,3 wk ahead inc death,2022-06-25,HU,quantile,0.350,36
2022-06-05,3 wk ahead inc death,2022-06-25,IS,quantile,0.350,0
2022-06-05,3 wk ahead inc death,2022-06-25,IE,quantile,0.350,37
2022-06-05,3 wk ahead inc death,2022-06-25,IT,quantile,0.350,352
2022-06-05,3 wk ahead inc death,2022-06-25,LV,quantile,0.350,3
2022-06-05,3 wk ahead inc death,2022-06-25,LI,quantile,0.350,0
2022-06-05,3 wk ahead inc death,2022-06-25,LT,quantile,0.350,2
2022-06-05,3 wk ahead inc death,2022-06-25,LU,quantile,0.350,1
2022-06-05,3 wk ahead inc death,2022-06-25,MT,quantile,0.350,3
2022-06-05,3 wk ahead inc death,2022-06-25,NL,quantile,0.350,4
2022-06-05,3 wk ahead inc death,2022-06-25,NO,quantile,0.350,37
2022-06-05,3 wk ahead inc death,2022-06-25,PL,quantile,0.350,13
2022-06-05,3 wk ahead inc death,2022-06-25,PT,quantile,0.350,343
2022-06-05,3 wk ahead inc death,2022-06-25,RO,quantile,0.350,12
2022-06-05,3 wk ahead inc death,2022-06-25,SK,quantile,0.350,6
2022-06-05,3 wk ahead inc death,2022-06-25,SI,quantile,0.350,4
2022-06-05,3 wk ahead inc death,2022-06-25,ES,quantile,0.350,545
2022-06-05,3 wk ahead inc death,2022-06-25,SE,quantile,0.350,40
2022-06-05,3 wk ahead inc death,2022-06-25,CH,quantile,0.350,6
2022-06-05,3 wk ahead inc death,2022-06-25,GB,quantile,0.350,225
2022-06-05,4 wk ahead inc death,2022-07-02,AT,quantile,0.350,25
2022-06-05,4 wk ahead inc death,2022-07-02,BE,quantile,0.350,30
2022-06-05,4 wk ahead inc death,2022-07-02,BG,quantile,0.350,21
2022-06-05,4 wk ahead inc death,2022-07-02,HR,quantile,0.350,22
2022-06-05,4 wk ahead inc death,2022-07-02,CY,quantile,0.350,1
2022-06-05,4 wk ahead inc death,2022-07-02,CZ,quantile,0.350,4
2022-06-05,4 wk ahead inc death,2022-07-02,DK,quantile,0.350,36
2022-06-05,4 wk ahead inc death,2022-07-02,EE,quantile,0.350,2
2022-06-05,4 wk ahead inc death,2022-07-02,FI,quantile,0.350,48
2022-06-05,4 wk ahead inc death,2022-07-02,FR,quantile,0.350,159
2022-06-05,4 wk ahead inc death,2022-07-02,DE,quantile,0.350,264
2022-06-05,4 wk ahead inc death,2022-07-02,GR,quantile,0.350,84
2022-06-05,4 wk ahead inc death,2022-07-02,HU,quantile,0.350,29
2022-06-05,4 wk ahead inc death,2022-07-02,IS,quantile,0.350,0
2022-06-05,4 wk ahead inc death,2022-07-02,IE,quantile,0.350,39
2022-06-05,4 wk ahead inc death,2022-07-02,IT,quantile,0.350,323
2022-06-05,4 wk ahead inc death,2022-07-02,LV,quantile,0.350,3
2022-06-05,4 wk ahead inc death,2022-07-02,LI,quantile,0.350,0
2022-06-05,4 wk ahead inc death,2022-07-02,LT,quantile,0.350,2
2022-06-05,4 wk ahead inc death,2022-07-02,LU,quantile,0.350,1
2022-06-05,4 wk ahead inc death,2022-07-02,MT,quantile,0.350,4
2022-06-05,4 wk ahead inc death,2022-07-02,NL,quantile,0.350,5
2022-06-05,4 wk ahead inc death,2022-07-02,NO,quantile,0.350,45
2022-06-05,4 wk ahead inc death,2022-07-02,PL,quantile,0.350,12
2022-06-05,4 wk ahead inc death,2022-07-02,PT,quantile,0.350,349
2022-06-05,4 wk ahead inc death,2022-07-02,RO,quantile,0.350,10
2022-06-05,4 wk ahead inc death,2022-07-02,SK,quantile,0.350,3
2022-06-05,4 wk ahead inc death,2022-07-02,SI,quantile,0.350,3
2022-06-05,4 wk ahead inc death,2022-07-02,ES,quantile,0.350,529
2022-06-05,4 wk ahead inc death,2022-07-02,SE,quantile,0.350,45
2022-06-05,4 wk ahead inc death,2022-07-02,CH,quantile,0.350,6
2022-06-05,4 wk ahead inc death,2022-07-02,GB,quantile,0.350,194
2022-06-05,5 wk ahead inc death,2022-07-09,AT,quantile,0.350,30
2022-06-05,5 wk ahead inc death,2022-07-09,BE,quantile,0.350,32
2022-06-05,5 wk ahead inc death,2022-07-09,BG,quantile,0.350,20
2022-06-05,5 wk ahead inc death,2022-07-09,HR,quantile,0.350,17
2022-06-05,5 wk ahead inc death,2022-07-09,CY,quantile,0.350,1
2022-06-05,5 wk ahead inc death,2022-07-09,CZ,quantile,0.350,4
2022-06-05,5 wk ahead inc death,2022-07-09,DK,quantile,0.350,51
2022-06-05,5 wk ahead inc death,2022-07-09,EE,quantile,0.350,2
2022-06-05,5 wk ahead inc death,2022-07-09,FI,quantile,0.350,52
2022-06-05,5 wk ahead inc death,2022-07-09,FR,quantile,0.350,175
2022-06-05,5 wk ahead inc death,2022-07-09,DE,quantile,0.350,247
2022-06-05,5 wk ahead inc death,2022-07-09,GR,quantile,0.350,88
2022-06-05,5 wk ahead inc death,2022-07-09,HU,quantile,0.350,25
2022-06-05,5 wk ahead inc death,2022-07-09,IS,quantile,0.350,1
2022-06-05,5 wk ahead inc death,2022-07-09,IE,quantile,0.350,29
2022-06-05,5 wk ahead inc death,2022-07-09,IT,quantile,0.350,305
2022-06-05,5 wk ahead inc death,2022-07-09,LV,quantile,0.350,4
2022-06-05,5 wk ahead inc death,2022-07-09,LI,quantile,0.350,0
2022-06-05,5 wk ahead inc death,2022-07-09,LT,quantile,0.350,2
2022-06-05,5 wk ahead inc death,2022-07-09,LU,quantile,0.350,0
2022-06-05,5 wk ahead inc death,2022-07-09,MT,quantile,0.350,5
2022-06-05,5 wk ahead inc death,2022-07-09,NL,quantile,0.350,7
2022-06-05,5 wk ahead inc death,2022-07-09,NO,quantile,0.350,57
2022-06-05,5 wk ahead inc death,2022-07-09,PL,quantile,0.350,11
2022-06-05,5 wk ahead inc death,2022-07-09,PT,quantile,0.350,335
2022-06-05,5 wk ahead inc death,2022-07-09,RO,quantile,0.350,8
2022-06-05,5 wk ahead inc death,2022-07-09,SK,quantile,0.350,2
2022-06-05,5 wk ahead inc death,2022-07-09,SI,quantile,0.350,3
2022-06-05,5 wk ahead inc death,2022-07-09,ES,quantile,0.350,495
2022-06-05,5 wk ahead inc death,2022-07-09,SE,quantile,0.350,52
2022-06-05,5 wk ahead inc death,2022-07-09,CH,quantile,0.350,7
2022-06-05,5 wk ahead inc death,2022-07-09,GB,quantile,0.350,192
2022-06-05,1 wk ahead inc death,2022-06-11,AT,quantile,0.400,28
2022-06-05,1 wk ahead inc death,2022-06-11,BE,quantile,0.400,50
2022-06-05,1 wk ahead inc death,2022-06-11,BG,quantile,0.400,30
2022-06-05,1 wk ahead inc death,2022-06-11,HR,quantile,0.400,26
2022-06-05,1 wk ahead inc death,2022-06-11,CY,quantile,0.400,4
2022-06-05,1 wk ahead inc death,2022-06-11,CZ,quantile,0.400,7
2022-06-05,1 wk ahead inc death,2022-06-11,DK,quantile,0.400,26
2022-06-05,1 wk ahead inc death,2022-06-11,EE,quantile,0.400,2
2022-06-05,1 wk ahead inc death,2022-06-11,FI,quantile,0.400,106
2022-06-05,1 wk ahead inc death,2022-06-11,FR,quantile,0.400,217
2022-06-05,1 wk ahead inc death,2022-06-11,DE,quantile,0.400,501
2022-06-05,1 wk ahead inc death,2022-06-11,GR,quantile,0.400,100
2022-06-05,1 wk ahead inc death,2022-06-11,HU,quantile,0.400,60
2022-06-05,1 wk ahead inc death,2022-06-11,IS,quantile,0.400,0
2022-06-05,1 wk ahead inc death,2022-06-11,IE,quantile,0.400,30
2022-06-05,1 wk ahead inc death,2022-06-11,IT,quantile,0.400,463
2022-06-05,1 wk ahead inc death,2022-06-11,LV,quantile,0.400,4
2022-06-05,1 wk ahead inc death,2022-06-11,LI,quantile,0.400,0
2022-06-05,1 wk ahead inc death,2022-06-11,LT,quantile,0.400,3
2022-06-05,1 wk ahead inc death,2022-06-11,LU,quantile,0.400,2
2022-06-05,1 wk ahead inc death,2022-06-11,MT,quantile,0.400,3
2022-06-05,1 wk ahead inc death,2022-06-11,NL,quantile,0.400,5
2022-06-05,1 wk ahead inc death,2022-06-11,NO,quantile,0.400,29
2022-06-05,1 wk ahead inc death,2022-06-11,PL,quantile,0.400,19
2022-06-05,1 wk ahead inc death,2022-06-11,PT,quantile,0.400,294
2022-06-05,1 wk ahead inc death,2022-06-11,RO,quantile,0.400,17
2022-06-05,1 wk ahead inc death,2022-06-11,SK,quantile,0.400,13
2022-06-05,1 wk ahead inc death,2022-06-11,SI,quantile,0.400,7
2022-06-05,1 wk ahead inc death,2022-06-11,ES,quantile,0.400,548
2022-06-05,1 wk ahead inc death,2022-06-11,SE,quantile,0.400,35
2022-06-05,1 wk ahead inc death,2022-06-11,CH,quantile,0.400,8
2022-06-05,1 wk ahead inc death,2022-06-11,GB,quantile,0.400,342
2022-06-05,2 wk ahead inc death,2022-06-18,AT,quantile,0.400,23
2022-06-05,2 wk ahead inc death,2022-06-18,BE,quantile,0.400,38
2022-06-05,2 wk ahead inc death,2022-06-18,BG,quantile,0.400,25
2022-06-05,2 wk ahead inc death,2022-06-18,HR,quantile,0.400,27
2022-06-05,2 wk ahead inc death,2022-06-18,CY,quantile,0.400,3
2022-06-05,2 wk ahead inc death,2022-06-18,CZ,quantile,0.400,5
2022-06-05,2 wk ahead inc death,2022-06-18,DK,quantile,0.400,26
2022-06-05,2 wk ahead inc death,2022-06-18,EE,quantile,0.400,1
2022-06-05,2 wk ahead inc death,2022-06-18,FI,quantile,0.400,97
2022-06-05,2 wk ahead inc death,2022-06-18,FR,quantile,0.400,166
2022-06-05,2 wk ahead inc death,2022-06-18,DE,quantile,0.400,436
2022-06-05,2 wk ahead inc death,2022-06-18,GR,quantile,0.400,92
2022-06-05,2 wk ahead inc death,2022-06-18,HU,quantile,0.400,55
2022-06-05,2 wk ahead inc death,2022-06-18,IS,quantile,0.400,0
2022-06-05,2 wk ahead inc death,2022-06-18,IE,quantile,0.400,38
2022-06-05,2 wk ahead inc death,2022-06-18,IT,quantile,0.400,404
2022-06-05,2 wk ahead inc death,2022-06-18,LV,quantile,0.400,3
2022-06-05,2 wk ahead inc death,2022-06-18,LI,quantile,0.400,0
2022-06-05,2 wk ahead inc death,2022-06-18,LT,quantile,0.400,2
2022-06-05,2 wk ahead inc death,2022-06-18,LU,quantile,0.400,2
2022-06-05,2 wk ahead inc death,2022-06-18,MT,quantile,0.400,3
2022-06-05,2 wk ahead inc death,2022-06-18,NL,quantile,0.400,4
2022-06-05,2 wk ahead inc death,2022-06-18,NO,quantile,0.400,32
2022-06-05,2 wk ahead inc death,2022-06-18,PL,quantile,0.400,16
2022-06-05,2 wk ahead inc death,2022-06-18,PT,quantile,0.400,323
2022-06-05,2 wk ahead inc death,2022-06-18,RO,quantile,0.400,14
2022-06-05,2 wk ahead inc death,2022-06-18,SK,quantile,0.400,9
2022-06-05,2 wk ahead inc death,2022-06-18,SI,quantile,0.400,5
2022-06-05,2 wk ahead inc death,2022-06-18,ES,quantile,0.400,566
2022-06-05,2 wk ahead inc death,2022-06-18,SE,quantile,0.400,35
2022-06-05,2 wk ahead inc death,2022-06-18,CH,quantile,0.400,6
2022-06-05,2 wk ahead inc death,2022-06-18,GB,quantile,0.400,300
2022-06-05,3 wk ahead inc death,2022-06-25,AT,quantile,0.400,22
2022-06-05,3 wk ahead inc death,2022-06-25,BE,quantile,0.400,32
2022-06-05,3 wk ahead inc death,2022-06-25,BG,quantile,0.400,22
2022-06-05,3 wk ahead inc death,2022-06-25,HR,quantile,0.400,25
2022-06-05,3 wk ahead inc death,2022-06-25,CY,quantile,0.400,2
2022-06-05,3 wk ahead inc death,2022-06-25,CZ,quantile,0.400,4
2022-06-05,3 wk ahead inc death,2022-06-25,DK,quantile,0.400,29
2022-06-05,3 wk ahead inc death,2022-06-25,EE,quantile,0.400,2
2022-06-05,3 wk ahead inc death,2022-06-25,FI,quantile,0.400,73
2022-06-05,3 wk ahead inc death,2022-06-25,FR,quantile,0.400,160
2022-06-05,3 wk ahead inc death,2022-06-25,DE,quantile,0.400,385
2022-06-05,3 wk ahead inc death,2022-06-25,GR,quantile,0.400,91
2022-06-05,3 wk ahead inc death,2022-06-25,HU,quantile,0.400,36
2022-06-05,3 wk ahead inc death,2022-06-25,IS,quantile,0.400,0
2022-06-05,3 wk ahead inc death,2022-06-25,IE,quantile,0.400,40
2022-06-05,3 wk ahead inc death,2022-06-25,IT,quantile,0.400,353
2022-06-05,3 wk ahead inc death,2022-06-25,LV,quantile,0.400,3
2022-06-05,3 wk ahead inc death,2022-06-25,LI,quantile,0.400,0
2022-06-05,3 wk ahead inc death,2022-06-25,LT,quantile,0.400,2
2022-06-05,3 wk ahead inc death,2022-06-25,LU,quantile,0.400,1
2022-06-05,3 wk ahead inc death,2022-06-25,MT,quantile,0.400,4
2022-06-05,3 wk ahead inc death,2022-06-25,NL,quantile,0.400,4
2022-06-05,3 wk ahead inc death,2022-06-25,NO,quantile,0.400,37
2022-06-05,3 wk ahead inc death,2022-06-25,PL,quantile,0.400,14
2022-06-05,3 wk ahead inc death,2022-06-25,PT,quantile,0.400,350
2022-06-05,3 wk ahead inc death,2022-06-25,RO,quantile,0.400,12
2022-06-05,3 wk ahead inc death,2022-06-25,SK,quantile,0.400,7
2022-06-05,3 wk ahead inc death,2022-06-25,SI,quantile,0.400,4
2022-06-05,3 wk ahead inc death,2022-06-25,ES,quantile,0.400,545
2022-06-05,3 wk ahead inc death,2022-06-25,SE,quantile,0.400,42
2022-06-05,3 wk ahead inc death,2022-06-25,CH,quantile,0.400,6
2022-06-05,3 wk ahead inc death,2022-06-25,GB,quantile,0.400,240
2022-06-05,4 wk ahead inc death,2022-07-02,AT,quantile,0.400,25
2022-06-05,4 wk ahead inc death,2022-07-02,BE,quantile,0.400,30
2022-06-05,4 wk ahead inc death,2022-07-02,BG,quantile,0.400,21
2022-06-05,4 wk ahead inc death,2022-07-02,HR,quantile,0.400,22
2022-06-05,4 wk ahead inc death,2022-07-02,CY,quantile,0.400,2
2022-06-05,4 wk ahead inc death,2022-07-02,CZ,quantile,0.400,4
2022-06-05,4 wk ahead inc death,2022-07-02,DK,quantile,0.400,42
2022-06-05,4 wk ahead inc death,2022-07-02,EE,quantile,0.400,2
2022-06-05,4 wk ahead inc death,2022-07-02,FI,quantile,0.400,58
2022-06-05,4 wk ahead inc death,2022-07-02,FR,quantile,0.400,165
2022-06-05,4 wk ahead inc death,2022-07-02,DE,quantile,0.400,334
2022-06-05,4 wk ahead inc death,2022-07-02,GR,quantile,0.400,91
2022-06-05,4 wk ahead inc death,2022-07-02,HU,quantile,0.400,29
2022-06-05,4 wk ahead inc death,2022-07-02,IS,quantile,0.400,0
2022-06-05,4 wk ahead inc death,2022-07-02,IE,quantile,0.400,40
2022-06-05,4 wk ahead inc death,2022-07-02,IT,quantile,0.400,325
2022-06-05,4 wk ahead inc death,2022-07-02,LV,quantile,0.400,3
2022-06-05,4 wk ahead inc death,2022-07-02,LI,quantile,0.400,0
2022-06-05,4 wk ahead inc death,2022-07-02,LT,quantile,0.400,2
2022-06-05,4 wk ahead inc death,2022-07-02,LU,quantile,0.400,1
2022-06-05,4 wk ahead inc death,2022-07-02,MT,quantile,0.400,4
2022-06-05,4 wk ahead inc death,2022-07-02,NL,quantile,0.400,6
2022-06-05,4 wk ahead inc death,2022-07-02,NO,quantile,0.400,45
2022-06-05,4 wk ahead inc death,2022-07-02,PL,quantile,0.400,12
2022-06-05,4 wk ahead inc death,2022-07-02,PT,quantile,0.400,367
2022-06-05,4 wk ahead inc death,2022-07-02,RO,quantile,0.400,10
2022-06-05,4 wk ahead inc death,2022-07-02,SK,quantile,0.400,4
2022-06-05,4 wk ahead inc death,2022-07-02,SI,quantile,0.400,3
2022-06-05,4 wk ahead inc death,2022-07-02,ES,quantile,0.400,529
2022-06-05,4 wk ahead inc death,2022-07-02,SE,quantile,0.400,48
2022-06-05,4 wk ahead inc death,2022-07-02,CH,quantile,0.400,6
2022-06-05,4 wk ahead inc death,2022-07-02,GB,quantile,0.400,205
2022-06-05,5 wk ahead inc death,2022-07-09,AT,quantile,0.400,31
2022-06-05,5 wk ahead inc death,2022-07-09,BE,quantile,0.400,32
2022-06-05,5 wk ahead inc death,2022-07-09,BG,quantile,0.400,20
2022-06-05,5 wk ahead inc death,2022-07-09,HR,quantile,0.400,17
2022-06-05,5 wk ahead inc death,2022-07-09,CY,quantile,0.400,2
2022-06-05,5 wk ahead inc death,2022-07-09,CZ,quantile,0.400,4
2022-06-05,5 wk ahead inc death,2022-07-09,DK,quantile,0.400,55
2022-06-05,5 wk ahead inc death,2022-07-09,EE,quantile,0.400,2
2022-06-05,5 wk ahead inc death,2022-07-09,FI,quantile,0.400,54
2022-06-05,5 wk ahead inc death,2022-07-09,FR,quantile,0.400,178
2022-06-05,5 wk ahead inc death,2022-07-09,DE,quantile,0.400,303
2022-06-05,5 wk ahead inc death,2022-07-09,GR,quantile,0.400,91
2022-06-05,5 wk ahead inc death,2022-07-09,HU,quantile,0.400,25
2022-06-05,5 wk ahead inc death,2022-07-09,IS,quantile,0.400,1
2022-06-05,5 wk ahead inc death,2022-07-09,IE,quantile,0.400,30
2022-06-05,5 wk ahead inc death,2022-07-09,IT,quantile,0.400,305
2022-06-05,5 wk ahead inc death,2022-07-09,LV,quantile,0.400,4
2022-06-05,5 wk ahead inc death,2022-07-09,LI,quantile,0.400,0
2022-06-05,5 wk ahead inc death,2022-07-09,LT,quantile,0.400,2
2022-06-05,5 wk ahead inc death,2022-07-09,LU,quantile,0.400,0
2022-06-05,5 wk ahead inc death,2022-07-09,MT,quantile,0.400,5
2022-06-05,5 wk ahead inc death,2022-07-09,NL,quantile,0.400,7
2022-06-05,5 wk ahead inc death,2022-07-09,NO,quantile,0.400,58
2022-06-05,5 wk ahead inc death,2022-07-09,PL,quantile,0.400,11
2022-06-05,5 wk ahead inc death,2022-07-09,PT,quantile,0.400,374
2022-06-05,5 wk ahead inc death,2022-07-09,RO,quantile,0.400,8
2022-06-05,5 wk ahead inc death,2022-07-09,SK,quantile,0.400,3
2022-06-05,5 wk ahead inc death,2022-07-09,SI,quantile,0.400,3
2022-06-05,5 wk ahead inc death,2022-07-09,ES,quantile,0.400,497
2022-06-05,5 wk ahead inc death,2022-07-09,SE,quantile,0.400,64
2022-06-05,5 wk ahead inc death,2022-07-09,CH,quantile,0.400,7
2022-06-05,5 wk ahead inc death,2022-07-09,GB,quantile,0.400,202
2022-06-05,1 wk ahead inc death,2022-06-11,AT,quantile,0.450,28
2022-06-05,1 wk ahead inc death,2022-06-11,BE,quantile,0.450,50
2022-06-05,1 wk ahead inc death,2022-06-11,BG,quantile,0.450,30
2022-06-05,1 wk ahead inc death,2022-06-11,HR,quantile,0.450,26
2022-06-05,1 wk ahead inc death,2022-06-11,CY,quantile,0.450,4
2022-06-05,1 wk ahead inc death,2022-06-11,CZ,quantile,0.450,9
2022-06-05,1 wk ahead inc death,2022-06-11,DK,quantile,0.450,27
2022-06-05,1 wk ahead inc death,2022-06-11,EE,quantile,0.450,2
2022-06-05,1 wk ahead inc death,2022-06-11,FI,quantile,0.450,106
2022-06-05,1 wk ahead inc death,2022-06-11,FR,quantile,0.450,217
2022-06-05,1 wk ahead inc death,2022-06-11,DE,quantile,0.450,504
2022-06-05,1 wk ahead inc death,2022-06-11,GR,quantile,0.450,100
2022-06-05,1 wk ahead inc death,2022-06-11,HU,quantile,0.450,60
2022-06-05,1 wk ahead inc death,2022-06-11,IS,quantile,0.450,0
2022-06-05,1 wk ahead inc death,2022-06-11,IE,quantile,0.450,35
2022-06-05,1 wk ahead inc death,2022-06-11,IT,quantile,0.450,463
2022-06-05,1 wk ahead inc death,2022-06-11,LV,quantile,0.450,5
2022-06-05,1 wk ahead inc death,2022-06-11,LI,quantile,0.450,0
2022-06-05,1 wk ahead inc death,2022-06-11,LT,quantile,0.450,3
2022-06-05,1 wk ahead inc death,2022-06-11,LU,quantile,0.450,2
2022-06-05,1 wk ahead inc death,2022-06-11,MT,quantile,0.450,3
2022-06-05,1 wk ahead inc death,2022-06-11,NL,quantile,0.450,5
2022-06-05,1 wk ahead inc death,2022-06-11,NO,quantile,0.450,29
2022-06-05,1 wk ahead inc death,2022-06-11,PL,quantile,0.450,19
2022-06-05,1 wk ahead inc death,2022-06-11,PT,quantile,0.450,294
2022-06-05,1 wk ahead inc death,2022-06-11,RO,quantile,0.450,17
2022-06-05,1 wk ahead inc death,2022-06-11,SK,quantile,0.450,13
2022-06-05,1 wk ahead inc death,2022-06-11,SI,quantile,0.450,7
2022-06-05,1 wk ahead inc death,2022-06-11,ES,quantile,0.450,548
2022-06-05,1 wk ahead inc death,2022-06-11,SE,quantile,0.450,35
2022-06-05,1 wk ahead inc death,2022-06-11,CH,quantile,0.450,8
2022-06-05,1 wk ahead inc death,2022-06-11,GB,quantile,0.450,342
2022-06-05,2 wk ahead inc death,2022-06-18,AT,quantile,0.450,23
2022-06-05,2 wk ahead inc death,2022-06-18,BE,quantile,0.450,38
2022-06-05,2 wk ahead inc death,2022-06-18,BG,quantile,0.450,25
2022-06-05,2 wk ahead inc death,2022-06-18,HR,quantile,0.450,27
2022-06-05,2 wk ahead inc death,2022-06-18,CY,quantile,0.450,3
2022-06-05,2 wk ahead inc death,2022-06-18,CZ,quantile,0.450,6
2022-06-05,2 wk ahead inc death,2022-06-18,DK,quantile,0.450,27
2022-06-05,2 wk ahead inc death,2022-06-18,EE,quantile,0.450,1
2022-06-05,2 wk ahead inc death,2022-06-18,FI,quantile,0.450,99
2022-06-05,2 wk ahead inc death,2022-06-18,FR,quantile,0.450,166
2022-06-05,2 wk ahead inc death,2022-06-18,DE,quantile,0.450,451
2022-06-05,2 wk ahead inc death,2022-06-18,GR,quantile,0.450,92
2022-06-05,2 wk ahead inc death,2022-06-18,HU,quantile,0.450,59
2022-06-05,2 wk ahead inc death,2022-06-18,IS,quantile,0.450,0
2022-06-05,2 wk ahead inc death,2022-06-18,IE,quantile,0.450,43
2022-06-05,2 wk ahead inc death,2022-06-18,IT,quantile,0.450,407
2022-06-05,2 wk ahead inc death,2022-06-18,LV,quantile,0.450,4
2022-06-05,2 wk ahead inc death,2022-06-18,LI,quantile,0.450,0
2022-06-05,2 wk ahead inc death,2022-06-18,LT,quantile,0.450,3
2022-06-05,2 wk ahead inc death,2022-06-18,LU,quantile,0.450,2
2022-06-05,2 wk ahead inc death,2022-06-18,MT,quantile,0.450,3
2022-06-05,2 wk ahead inc death,2022-06-18,NL,quantile,0.450,5
2022-06-05,2 wk ahead inc death,2022-06-18,NO,quantile,0.450,32
2022-06-05,2 wk ahead inc death,2022-06-18,PL,quantile,0.450,16
2022-06-05,2 wk ahead inc death,2022-06-18,PT,quantile,0.450,324
2022-06-05,2 wk ahead inc death,2022-06-18,RO,quantile,0.450,15
2022-06-05,2 wk ahead inc death,2022-06-18,SK,quantile,0.450,9
2022-06-05,2 wk ahead inc death,2022-06-18,SI,quantile,0.450,5
2022-06-05,2 wk ahead inc death,2022-06-18,ES,quantile,0.450,566
2022-06-05,2 wk ahead inc death,2022-06-18,SE,quantile,0.450,36
2022-06-05,2 wk ahead inc death,2022-06-18,CH,quantile,0.450,7
2022-06-05,2 wk ahead inc death,2022-06-18,GB,quantile,0.450,316
2022-06-05,3 wk ahead inc death,2022-06-25,AT,quantile,0.450,23
2022-06-05,3 wk ahead inc death,2022-06-25,BE,quantile,0.450,32
2022-06-05,3 wk ahead inc death,2022-06-25,BG,quantile,0.450,22
2022-06-05,3 wk ahead inc death,2022-06-25,HR,quantile,0.450,25
2022-06-05,3 wk ahead inc death,2022-06-25,CY,quantile,0.450,2
2022-06-05,3 wk ahead inc death,2022-06-25,CZ,quantile,0.450,5
2022-06-05,3 wk ahead inc death,2022-06-25,DK,quantile,0.450,31
2022-06-05,3 wk ahead inc death,2022-06-25,EE,quantile,0.450,2
2022-06-05,3 wk ahead inc death,2022-06-25,FI,quantile,0.450,80
2022-06-05,3 wk ahead inc death,2022-06-25,FR,quantile,0.450,161
2022-06-05,3 wk ahead inc death,2022-06-25,DE,quantile,0.450,391
2022-06-05,3 wk ahead inc death,2022-06-25,GR,quantile,0.450,91
2022-06-05,3 wk ahead inc death,2022-06-25,HU,quantile,0.450,42
2022-06-05,3 wk ahead inc death,2022-06-25,IS,quantile,0.450,0
2022-06-05,3 wk ahead inc death,2022-06-25,IE,quantile,0.450,43
2022-06-05,3 wk ahead inc death,2022-06-25,IT,quantile,0.450,355
2022-06-05,3 wk ahead inc death,2022-06-25,LV,quantile,0.450,4
2022-06-05,3 wk ahead inc death,2022-06-25,LI,quantile,0.450,0
2022-06-05,3 wk ahead inc death,2022-06-25,LT,quantile,0.450,3
2022-06-05,3 wk ahead inc death,2022-06-25,LU,quantile,0.450,1
2022-06-05,3 wk ahead inc death,2022-06-25,MT,quantile,0.450,4
2022-06-05,3 wk ahead inc death,2022-06-25,NL,quantile,0.450,5
2022-06-05,3 wk ahead inc death,2022-06-25,NO,quantile,0.450,38
2022-06-05,3 wk ahead inc death,2022-06-25,PL,quantile,0.450,14
2022-06-05,3 wk ahead inc death,2022-06-25,PT,quantile,0.450,354
2022-06-05,3 wk ahead inc death,2022-06-25,RO,quantile,0.450,13
2022-06-05,3 wk ahead inc death,2022-06-25,SK,quantile,0.450,7
2022-06-05,3 wk ahead inc death,2022-06-25,SI,quantile,0.450,4
2022-06-05,3 wk ahead inc death,2022-06-25,ES,quantile,0.450,545
2022-06-05,3 wk ahead inc death,2022-06-25,SE,quantile,0.450,42
2022-06-05,3 wk ahead inc death,2022-06-25,CH,quantile,0.450,6
2022-06-05,3 wk ahead inc death,2022-06-25,GB,quantile,0.450,254
2022-06-05,4 wk ahead inc death,2022-07-02,AT,quantile,0.450,26
2022-06-05,4 wk ahead inc death,2022-07-02,BE,quantile,0.450,31
2022-06-05,4 wk ahead inc death,2022-07-02,BG,quantile,0.450,21
2022-06-05,4 wk ahead inc death,2022-07-02,HR,quantile,0.450,23
2022-06-05,4 wk ahead inc death,2022-07-02,CY,quantile,0.450,2
2022-06-05,4 wk ahead inc death,2022-07-02,CZ,quantile,0.450,4
2022-06-05,4 wk ahead inc death,2022-07-02,DK,quantile,0.450,44
2022-06-05,4 wk ahead inc death,2022-07-02,EE,quantile,0.450,2
2022-06-05,4 wk ahead inc death,2022-07-02,FI,quantile,0.450,64
2022-06-05,4 wk ahead inc death,2022-07-02,FR,quantile,0.450,166
2022-06-05,4 wk ahead inc death,2022-07-02,DE,quantile,0.450,336
2022-06-05,4 wk ahead inc death,2022-07-02,GR,quantile,0.450,91
2022-06-05,4 wk ahead inc death,2022-07-02,HU,quantile,0.450,32
2022-06-05,4 wk ahead inc death,2022-07-02,IS,quantile,0.450,0
2022-06-05,4 wk ahead inc death,2022-07-02,IE,quantile,0.450,42
2022-06-05,4 wk ahead inc death,2022-07-02,IT,quantile,0.450,328
2022-06-05,4 wk ahead inc death,2022-07-02,LV,quantile,0.450,4
2022-06-05,4 wk ahead inc death,2022-07-02,LI,quantile,0.450,0
2022-06-05,4 wk ahead inc death,2022-07-02,LT,quantile,0.450,3
2022-06-05,4 wk ahead inc death,2022-07-02,LU,quantile,0.450,1
2022-06-05,4 wk ahead inc death,2022-07-02,MT,quantile,0.450,4
2022-06-05,4 wk ahead inc death,2022-07-02,NL,quantile,0.450,6
2022-06-05,4 wk ahead inc death,2022-07-02,NO,quantile,0.450,46
2022-06-05,4 wk ahead inc death,2022-07-02,PL,quantile,0.450,13
2022-06-05,4 wk ahead inc death,2022-07-02,PT,quantile,0.450,373
2022-06-05,4 wk ahead inc death,2022-07-02,RO,quantile,0.450,12
2022-06-05,4 wk ahead inc death,2022-07-02,SK,quantile,0.450,4
2022-06-05,4 wk ahead inc death,2022-07-02,SI,quantile,0.450,3
2022-06-05,4 wk ahead inc death,2022-07-02,ES,quantile,0.450,530
2022-06-05,4 wk ahead inc death,2022-07-02,SE,quantile,0.450,51
2022-06-05,4 wk ahead inc death,2022-07-02,CH,quantile,0.450,7
2022-06-05,4 wk ahead inc death,2022-07-02,GB,quantile,0.450,217
2022-06-05,5 wk ahead inc death,2022-07-09,AT,quantile,0.450,31
2022-06-05,5 wk ahead inc death,2022-07-09,BE,quantile,0.450,33
2022-06-05,5 wk ahead inc death,2022-07-09,BG,quantile,0.450,21
2022-06-05,5 wk ahead inc death,2022-07-09,HR,quantile,0.450,18
2022-06-05,5 wk ahead inc death,2022-07-09,CY,quantile,0.450,2
2022-06-05,5 wk ahead inc death,2022-07-09,CZ,quantile,0.450,4
2022-06-05,5 wk ahead inc death,2022-07-09,DK,quantile,0.450,60
2022-06-05,5 wk ahead inc death,2022-07-09,EE,quantile,0.450,2
2022-06-05,5 wk ahead inc death,2022-07-09,FI,quantile,0.450,61
2022-06-05,5 wk ahead inc death,2022-07-09,FR,quantile,0.450,180
2022-06-05,5 wk ahead inc death,2022-07-09,DE,quantile,0.450,307
2022-06-05,5 wk ahead inc death,2022-07-09,GR,quantile,0.450,92
2022-06-05,5 wk ahead inc death,2022-07-09,HU,quantile,0.450,27
2022-06-05,5 wk ahead inc death,2022-07-09,IS,quantile,0.450,1
2022-06-05,5 wk ahead inc death,2022-07-09,IE,quantile,0.450,40
2022-06-05,5 wk ahead inc death,2022-07-09,IT,quantile,0.450,309
2022-06-05,5 wk ahead inc death,2022-07-09,LV,quantile,0.450,4
2022-06-05,5 wk ahead inc death,2022-07-09,LI,quantile,0.450,0
2022-06-05,5 wk ahead inc death,2022-07-09,LT,quantile,0.450,3
2022-06-05,5 wk ahead inc death,2022-07-09,LU,quantile,0.450,1
2022-06-05,5 wk ahead inc death,2022-07-09,MT,quantile,0.450,5
2022-06-05,5 wk ahead inc death,2022-07-09,NL,quantile,0.450,7
2022-06-05,5 wk ahead inc death,2022-07-09,NO,quantile,0.450,58
2022-06-05,5 wk ahead inc death,2022-07-09,PL,quantile,0.450,12
2022-06-05,5 wk ahead inc death,2022-07-09,PT,quantile,0.450,382
2022-06-05,5 wk ahead inc death,2022-07-09,RO,quantile,0.450,10
2022-06-05,5 wk ahead inc death,2022-07-09,SK,quantile,0.450,3
2022-06-05,5 wk ahead inc death,2022-07-09,SI,quantile,0.450,3
2022-06-05,5 wk ahead inc death,2022-07-09,ES,quantile,0.450,499
2022-06-05,5 wk ahead inc death,2022-07-09,SE,quantile,0.450,69
2022-06-05,5 wk ahead inc death,2022-07-09,CH,quantile,0.450,8
2022-06-05,5 wk ahead inc death,2022-07-09,GB,quantile,0.450,208
2022-06-05,1 wk ahead inc death,2022-06-11,AT,quantile,0.500,28
2022-06-05,1 wk ahead inc death,2022-06-11,BE,quantile,0.500,50
2022-06-05,1 wk ahead inc death,2022-06-11,BG,quantile,0.500,33
2022-06-05,1 wk ahead inc death,2022-06-11,HR,quantile,0.500,27
2022-06-05,1 wk ahead inc death,2022-06-11,CY,quantile,0.500,4
2022-06-05,1 wk ahead inc death,2022-06-11,CZ,quantile,0.500,9
2022-06-05,1 wk ahead inc death,2022-06-11,DK,quantile,0.500,27
2022-06-05,1 wk ahead inc death,2022-06-11,EE,quantile,0.500,2
2022-06-05,1 wk ahead inc death,2022-06-11,FI,quantile,0.500,107
2022-06-05,1 wk ahead inc death,2022-06-11,FR,quantile,0.500,217
2022-06-05,1 wk ahead inc death,2022-06-11,DE,quantile,0.500,518
2022-06-05,1 wk ahead inc death,2022-06-11,GR,quantile,0.500,101
2022-06-05,1 wk ahead inc death,2022-06-11,HU,quantile,0.500,62
2022-06-05,1 wk ahead inc death,2022-06-11,IS,quantile,0.500,0
2022-06-05,1 wk ahead inc death,2022-06-11,IE,quantile,0.500,35
2022-06-05,1 wk ahead inc death,2022-06-11,IT,quantile,0.500,463
2022-06-05,1 wk ahead inc death,2022-06-11,LV,quantile,0.500,5
2022-06-05,1 wk ahead inc death,2022-06-11,LI,quantile,0.500,0
2022-06-05,1 wk ahead inc death,2022-06-11,LT,quantile,0.500,3
2022-06-05,1 wk ahead inc death,2022-06-11,LU,quantile,0.500,2
2022-06-05,1 wk ahead inc death,2022-06-11,MT,quantile,0.500,3
2022-06-05,1 wk ahead inc death,2022-06-11,NL,quantile,0.500,6
2022-06-05,1 wk ahead inc death,2022-06-11,NO,quantile,0.500,29
2022-06-05,1 wk ahead inc death,2022-06-11,PL,quantile,0.500,19
2022-06-05,1 wk ahead inc death,2022-06-11,PT,quantile,0.500,294
2022-06-05,1 wk ahead inc death,2022-06-11,RO,quantile,0.500,17
2022-06-05,1 wk ahead inc death,2022-06-11,SK,quantile,0.500,13
2022-06-05,1 wk ahead inc death,2022-06-11,SI,quantile,0.500,8
2022-06-05,1 wk ahead inc death,2022-06-11,ES,quantile,0.500,548
2022-06-05,1 wk ahead inc death,2022-06-11,SE,quantile,0.500,35
2022-06-05,1 wk ahead inc death,2022-06-11,CH,quantile,0.500,8
2022-06-05,1 wk ahead inc death,2022-06-11,GB,quantile,0.500,356
2022-06-05,2 wk ahead inc death,2022-06-18,AT,quantile,0.500,25
2022-06-05,2 wk ahead inc death,2022-06-18,BE,quantile,0.500,38
2022-06-05,2 wk ahead inc death,2022-06-18,BG,quantile,0.500,26
2022-06-05,2 wk ahead inc death,2022-06-18,HR,quantile,0.500,27
2022-06-05,2 wk ahead inc death,2022-06-18,CY,quantile,0.500,3
2022-06-05,2 wk ahead inc death,2022-06-18,CZ,quantile,0.500,6
2022-06-05,2 wk ahead inc death,2022-06-18,DK,quantile,0.500,27
2022-06-05,2 wk ahead inc death,2022-06-18,EE,quantile,0.500,1
2022-06-05,2 wk ahead inc death,2022-06-18,FI,quantile,0.500,101
2022-06-05,2 wk ahead inc death,2022-06-18,FR,quantile,0.500,166
2022-06-05,2 wk ahead inc death,2022-06-18,DE,quantile,0.500,451
2022-06-05,2 wk ahead inc death,2022-06-18,GR,quantile,0.500,96
2022-06-05,2 wk ahead inc death,2022-06-18,HU,quantile,0.500,59
2022-06-05,2 wk ahead inc death,2022-06-18,IS,quantile,0.500,0
2022-06-05,2 wk ahead inc death,2022-06-18,IE,quantile,0.500,43
2022-06-05,2 wk ahead inc death,2022-06-18,IT,quantile,0.500,407
2022-06-05,2 wk ahead inc death,2022-06-18,LV,quantile,0.500,5
2022-06-05,2 wk ahead inc death,2022-06-18,LI,quantile,0.500,0
2022-06-05,2 wk ahead inc death,2022-06-18,LT,quantile,0.500,3
2022-06-05,2 wk ahead inc death,2022-06-18,LU,quantile,0.500,2
2022-06-05,2 wk ahead inc death,2022-06-18,MT,quantile,0.500,3
2022-06-05,2 wk ahead inc death,2022-06-18,NL,quantile,0.500,5
2022-06-05,2 wk ahead inc death,2022-06-18,NO,quantile,0.500,33
2022-06-05,2 wk ahead inc death,2022-06-18,PL,quantile,0.500,16
2022-06-05,2 wk ahead inc death,2022-06-18,PT,quantile,0.500,325
2022-06-05,2 wk ahead inc death,2022-06-18,RO,quantile,0.500,15
2022-06-05,2 wk ahead inc death,2022-06-18,SK,quantile,0.500,10
2022-06-05,2 wk ahead inc death,2022-06-18,SI,quantile,0.500,7
2022-06-05,2 wk ahead inc death,2022-06-18,ES,quantile,0.500,566
2022-06-05,2 wk ahead inc death,2022-06-18,SE,quantile,0.500,36
2022-06-05,2 wk ahead inc death,2022-06-18,CH,quantile,0.500,7
2022-06-05,2 wk ahead inc death,2022-06-18,GB,quantile,0.500,316
2022-06-05,3 wk ahead inc death,2022-06-25,AT,quantile,0.500,25
2022-06-05,3 wk ahead inc death,2022-06-25,BE,quantile,0.500,32
2022-06-05,3 wk ahead inc death,2022-06-25,BG,quantile,0.500,23
2022-06-05,3 wk ahead inc death,2022-06-25,HR,quantile,0.500,25
2022-06-05,3 wk ahead inc death,2022-06-25,CY,quantile,0.500,2
2022-06-05,3 wk ahead inc death,2022-06-25,CZ,quantile,0.500,5
2022-06-05,3 wk ahead inc death,2022-06-25,DK,quantile,0.500,32
2022-06-05,3 wk ahead inc death,2022-06-25,EE,quantile,0.500,2
2022-06-05,3 wk ahead inc death,2022-06-25,FI,quantile,0.500,80
2022-06-05,3 wk ahead inc death,2022-06-25,FR,quantile,0.500,162
2022-06-05,3 wk ahead inc death,2022-06-25,DE,quantile,0.500,393
2022-06-05,3 wk ahead inc death,2022-06-25,GR,quantile,0.500,94
2022-06-05,3 wk ahead inc death,2022-06-25,HU,quantile,0.500,42
2022-06-05,3 wk ahead inc death,2022-06-25,IS,quantile,0.500,0
2022-06-05,3 wk ahead inc death,2022-06-25,IE,quantile,0.500,43
2022-06-05,3 wk ahead inc death,2022-06-25,IT,quantile,0.500,355
2022-06-05,3 wk ahead inc death,2022-06-25,LV,quantile,0.500,4
2022-06-05,3 wk ahead inc death,2022-06-25,LI,quantile,0.500,0
2022-06-05,3 wk ahead inc death,2022-06-25,LT,quantile,0.500,3
2022-06-05,3 wk ahead inc death,2022-06-25,LU,quantile,0.500,2
2022-06-05,3 wk ahead inc death,2022-06-25,MT,quantile,0.500,4
2022-06-05,3 wk ahead inc death,2022-06-25,NL,quantile,0.500,6
2022-06-05,3 wk ahead inc death,2022-06-25,NO,quantile,0.500,38
2022-06-05,3 wk ahead inc death,2022-06-25,PL,quantile,0.500,14
2022-06-05,3 wk ahead inc death,2022-06-25,PT,quantile,0.500,358
2022-06-05,3 wk ahead inc death,2022-06-25,RO,quantile,0.500,14
2022-06-05,3 wk ahead inc death,2022-06-25,SK,quantile,0.500,7
2022-06-05,3 wk ahead inc death,2022-06-25,SI,quantile,0.500,6
2022-06-05,3 wk ahead inc death,2022-06-25,ES,quantile,0.500,545
2022-06-05,3 wk ahead inc death,2022-06-25,SE,quantile,0.500,43
2022-06-05,3 wk ahead inc death,2022-06-25,CH,quantile,0.500,7
2022-06-05,3 wk ahead inc death,2022-06-25,GB,quantile,0.500,254
2022-06-05,4 wk ahead inc death,2022-07-02,AT,quantile,0.500,27
2022-06-05,4 wk ahead inc death,2022-07-02,BE,quantile,0.500,31
2022-06-05,4 wk ahead inc death,2022-07-02,BG,quantile,0.500,21
2022-06-05,4 wk ahead inc death,2022-07-02,HR,quantile,0.500,23
2022-06-05,4 wk ahead inc death,2022-07-02,CY,quantile,0.500,2
2022-06-05,4 wk ahead inc death,2022-07-02,CZ,quantile,0.500,4
2022-06-05,4 wk ahead inc death,2022-07-02,DK,quantile,0.500,45
2022-06-05,4 wk ahead inc death,2022-07-02,EE,quantile,0.500,2
2022-06-05,4 wk ahead inc death,2022-07-02,FI,quantile,0.500,72
2022-06-05,4 wk ahead inc death,2022-07-02,FR,quantile,0.500,168
2022-06-05,4 wk ahead inc death,2022-07-02,DE,quantile,0.500,352
2022-06-05,4 wk ahead inc death,2022-07-02,GR,quantile,0.500,93
2022-06-05,4 wk ahead inc death,2022-07-02,HU,quantile,0.500,32
2022-06-05,4 wk ahead inc death,2022-07-02,IS,quantile,0.500,0
2022-06-05,4 wk ahead inc death,2022-07-02,IE,quantile,0.500,42
2022-06-05,4 wk ahead inc death,2022-07-02,IT,quantile,0.500,328
2022-06-05,4 wk ahead inc death,2022-07-02,LV,quantile,0.500,4
2022-06-05,4 wk ahead inc death,2022-07-02,LI,quantile,0.500,0
2022-06-05,4 wk ahead inc death,2022-07-02,LT,quantile,0.500,3
2022-06-05,4 wk ahead inc death,2022-07-02,LU,quantile,0.500,1
2022-06-05,4 wk ahead inc death,2022-07-02,MT,quantile,0.500,4
2022-06-05,4 wk ahead inc death,2022-07-02,NL,quantile,0.500,6
2022-06-05,4 wk ahead inc death,2022-07-02,NO,quantile,0.500,47
2022-06-05,4 wk ahead inc death,2022-07-02,PL,quantile,0.500,13
2022-06-05,4 wk ahead inc death,2022-07-02,PT,quantile,0.500,378
2022-06-05,4 wk ahead inc death,2022-07-02,RO,quantile,0.500,13
2022-06-05,4 wk ahead inc death,2022-07-02,SK,quantile,0.500,5
2022-06-05,4 wk ahead inc death,2022-07-02,SI,quantile,0.500,5
2022-06-05,4 wk ahead inc death,2022-07-02,ES,quantile,0.500,530
2022-06-05,4 wk ahead inc death,2022-07-02,SE,quantile,0.500,54
2022-06-05,4 wk ahead inc death,2022-07-02,CH,quantile,0.500,8
2022-06-05,4 wk ahead inc death,2022-07-02,GB,quantile,0.500,218
2022-06-05,5 wk ahead inc death,2022-07-09,AT,quantile,0.500,32
2022-06-05,5 wk ahead inc death,2022-07-09,BE,quantile,0.500,33
2022-06-05,5 wk ahead inc death,2022-07-09,BG,quantile,0.500,21
2022-06-05,5 wk ahead inc death,2022-07-09,HR,quantile,0.500,18
2022-06-05,5 wk ahead inc death,2022-07-09,CY,quantile,0.500,2
2022-06-05,5 wk ahead inc death,2022-07-09,CZ,quantile,0.500,4
2022-06-05,5 wk ahead inc death,2022-07-09,DK,quantile,0.500,66
2022-06-05,5 wk ahead inc death,2022-07-09,EE,quantile,0.500,2
2022-06-05,5 wk ahead inc death,2022-07-09,FI,quantile,0.500,69
2022-06-05,5 wk ahead inc death,2022-07-09,FR,quantile,0.500,181
2022-06-05,5 wk ahead inc death,2022-07-09,DE,quantile,0.500,314
2022-06-05,5 wk ahead inc death,2022-07-09,GR,quantile,0.500,93
2022-06-05,5 wk ahead inc death,2022-07-09,HU,quantile,0.500,27
2022-06-05,5 wk ahead inc death,2022-07-09,IS,quantile,0.500,1
2022-06-05,5 wk ahead inc death,2022-07-09,IE,quantile,0.500,40
2022-06-05,5 wk ahead inc death,2022-07-09,IT,quantile,0.500,311
2022-06-05,5 wk ahead inc death,2022-07-09,LV,quantile,0.500,4
2022-06-05,5 wk ahead inc death,2022-07-09,LI,quantile,0.500,0
2022-06-05,5 wk ahead inc death,2022-07-09,LT,quantile,0.500,3
2022-06-05,5 wk ahead inc death,2022-07-09,LU,quantile,0.500,1
2022-06-05,5 wk ahead inc death,2022-07-09,MT,quantile,0.500,5
2022-06-05,5 wk ahead inc death,2022-07-09,NL,quantile,0.500,8
2022-06-05,5 wk ahead inc death,2022-07-09,NO,quantile,0.500,61
2022-06-05,5 wk ahead inc death,2022-07-09,PL,quantile,0.500,12
2022-06-05,5 wk ahead inc death,2022-07-09,PT,quantile,0.500,385
2022-06-05,5 wk ahead inc death,2022-07-09,RO,quantile,0.500,11
2022-06-05,5 wk ahead inc death,2022-07-09,SK,quantile,0.500,4
2022-06-05,5 wk ahead inc death,2022-07-09,SI,quantile,0.500,4
2022-06-05,5 wk ahead inc death,2022-07-09,ES,quantile,0.500,501
2022-06-05,5 wk ahead inc death,2022-07-09,SE,quantile,0.500,76
2022-06-05,5 wk ahead inc death,2022-07-09,CH,quantile,0.500,11
2022-06-05,5 wk ahead inc death,2022-07-09,GB,quantile,0.500,216
2022-06-05,1 wk ahead inc death,2022-06-11,AT,quantile,0.550,28
2022-06-05,1 wk ahead inc death,2022-06-11,BE,quantile,0.550,50
2022-06-05,1 wk ahead inc death,2022-06-11,BG,quantile,0.550,34
2022-06-05,1 wk ahead inc death,2022-06-11,HR,quantile,0.550,28
2022-06-05,1 wk ahead inc death,2022-06-11,CY,quantile,0.550,4
2022-06-05,1 wk ahead inc death,2022-06-11,CZ,quantile,0.550,9
2022-06-05,1 wk ahead inc death,2022-06-11,DK,quantile,0.550,28
2022-06-05,1 wk ahead inc death,2022-06-11,EE,quantile,0.550,3
2022-06-05,1 wk ahead inc death,2022-06-11,FI,quantile,0.550,107
2022-06-05,1 wk ahead inc death,2022-06-11,FR,quantile,0.550,217
2022-06-05,1 wk ahead inc death,2022-06-11,DE,quantile,0.550,534
2022-06-05,1 wk ahead inc death,2022-06-11,GR,quantile,0.550,105
2022-06-05,1 wk ahead inc death,2022-06-11,HU,quantile,0.550,72
2022-06-05,1 wk ahead inc death,2022-06-11,IS,quantile,0.550,0
2022-06-05,1 wk ahead inc death,2022-06-11,IE,quantile,0.550,39
2022-06-05,1 wk ahead inc death,2022-06-11,IT,quantile,0.550,499
2022-06-05,1 wk ahead inc death,2022-06-11,LV,quantile,0.550,5
2022-06-05,1 wk ahead inc death,2022-06-11,LI,quantile,0.550,0
2022-06-05,1 wk ahead inc death,2022-06-11,LT,quantile,0.550,4
2022-06-05,1 wk ahead inc death,2022-06-11,LU,quantile,0.550,3
2022-06-05,1 wk ahead inc death,2022-06-11,MT,quantile,0.550,3
2022-06-05,1 wk ahead inc death,2022-06-11,NL,quantile,0.550,6
2022-06-05,1 wk ahead inc death,2022-06-11,NO,quantile,0.550,29
2022-06-05,1 wk ahead inc death,2022-06-11,PL,quantile,0.550,21
2022-06-05,1 wk ahead inc death,2022-06-11,PT,quantile,0.550,294
2022-06-05,1 wk ahead inc death,2022-06-11,RO,quantile,0.550,18
2022-06-05,1 wk ahead inc death,2022-06-11,SK,quantile,0.550,13
2022-06-05,1 wk ahead inc death,2022-06-11,SI,quantile,0.550,8
2022-06-05,1 wk ahead inc death,2022-06-11,ES,quantile,0.550,548
2022-06-05,1 wk ahead inc death,2022-06-11,SE,quantile,0.550,37
2022-06-05,1 wk ahead inc death,2022-06-11,CH,quantile,0.550,8
2022-06-05,1 wk ahead inc death,2022-06-11,GB,quantile,0.550,368
2022-06-05,2 wk ahead inc death,2022-06-18,AT,quantile,0.550,25
2022-06-05,2 wk ahead inc death,2022-06-18,BE,quantile,0.550,38
2022-06-05,2 wk ahead inc death,2022-06-18,BG,quantile,0.550,28
2022-06-05,2 wk ahead inc death,2022-06-18,HR,quantile,0.550,28
2022-06-05,2 wk ahead inc death,2022-06-18,CY,quantile,0.550,3
2022-06-05,2 wk ahead inc death,2022-06-18,CZ,quantile,0.550,6
2022-06-05,2 wk ahead inc death,2022-06-18,DK,quantile,0.550,29
2022-06-05,2 wk ahead inc death,2022-06-18,EE,quantile,0.550,2
2022-06-05,2 wk ahead inc death,2022-06-18,FI,quantile,0.550,104
2022-06-05,2 wk ahead inc death,2022-06-18,FR,quantile,0.550,166
2022-06-05,2 wk ahead inc death,2022-06-18,DE,quantile,0.550,459
2022-06-05,2 wk ahead inc death,2022-06-18,GR,quantile,0.550,100
2022-06-05,2 wk ahead inc death,2022-06-18,HU,quantile,0.550,65
2022-06-05,2 wk ahead inc death,2022-06-18,IS,quantile,0.550,0
2022-06-05,2 wk ahead inc death,2022-06-18,IE,quantile,0.550,47
2022-06-05,2 wk ahead inc death,2022-06-18,IT,quantile,0.550,420
2022-06-05,2 wk ahead inc death,2022-06-18,LV,quantile,0.550,5
2022-06-05,2 wk ahead inc death,2022-06-18,LI,quantile,0.550,0
2022-06-05,2 wk ahead inc death,2022-06-18,LT,quantile,0.550,3
2022-06-05,2 wk ahead inc death,2022-06-18,LU,quantile,0.550,2
2022-06-05,2 wk ahead inc death,2022-06-18,MT,quantile,0.550,3
2022-06-05,2 wk ahead inc death,2022-06-18,NL,quantile,0.550,5
2022-06-05,2 wk ahead inc death,2022-06-18,NO,quantile,0.550,33
2022-06-05,2 wk ahead inc death,2022-06-18,PL,quantile,0.550,18
2022-06-05,2 wk ahead inc death,2022-06-18,PT,quantile,0.550,325
2022-06-05,2 wk ahead inc death,2022-06-18,RO,quantile,0.550,16
2022-06-05,2 wk ahead inc death,2022-06-18,SK,quantile,0.550,10
2022-06-05,2 wk ahead inc death,2022-06-18,SI,quantile,0.550,7
2022-06-05,2 wk ahead inc death,2022-06-18,ES,quantile,0.550,566
2022-06-05,2 wk ahead inc death,2022-06-18,SE,quantile,0.550,37
2022-06-05,2 wk ahead inc death,2022-06-18,CH,quantile,0.550,7
2022-06-05,2 wk ahead inc death,2022-06-18,GB,quantile,0.550,321
2022-06-05,3 wk ahead inc death,2022-06-25,AT,quantile,0.550,25
2022-06-05,3 wk ahead inc death,2022-06-25,BE,quantile,0.550,32
2022-06-05,3 wk ahead inc death,2022-06-25,BG,quantile,0.550,25
2022-06-05,3 wk ahead inc death,2022-06-25,HR,quantile,0.550,26
2022-06-05,3 wk ahead inc death,2022-06-25,CY,quantile,0.550,2
2022-06-05,3 wk ahead inc death,2022-06-25,CZ,quantile,0.550,5
2022-06-05,3 wk ahead inc death,2022-06-25,DK,quantile,0.550,33
2022-06-05,3 wk ahead inc death,2022-06-25,EE,quantile,0.550,2
2022-06-05,3 wk ahead inc death,2022-06-25,FI,quantile,0.550,81
2022-06-05,3 wk ahead inc death,2022-06-25,FR,quantile,0.550,162
2022-06-05,3 wk ahead inc death,2022-06-25,DE,quantile,0.550,404
2022-06-05,3 wk ahead inc death,2022-06-25,GR,quantile,0.550,97
2022-06-05,3 wk ahead inc death,2022-06-25,HU,quantile,0.550,46
2022-06-05,3 wk ahead inc death,2022-06-25,IS,quantile,0.550,0
2022-06-05,3 wk ahead inc death,2022-06-25,IE,quantile,0.550,49
2022-06-05,3 wk ahead inc death,2022-06-25,IT,quantile,0.550,362
2022-06-05,3 wk ahead inc death,2022-06-25,LV,quantile,0.550,4
2022-06-05,3 wk ahead inc death,2022-06-25,LI,quantile,0.550,0
2022-06-05,3 wk ahead inc death,2022-06-25,LT,quantile,0.550,3
2022-06-05,3 wk ahead inc death,2022-06-25,LU,quantile,0.550,2
2022-06-05,3 wk ahead inc death,2022-06-25,MT,quantile,0.550,4
2022-06-05,3 wk ahead inc death,2022-06-25,NL,quantile,0.550,6
2022-06-05,3 wk ahead inc death,2022-06-25,NO,quantile,0.550,38
2022-06-05,3 wk ahead inc death,2022-06-25,PL,quantile,0.550,16
2022-06-05,3 wk ahead inc death,2022-06-25,PT,quantile,0.550,359
2022-06-05,3 wk ahead inc death,2022-06-25,RO,quantile,0.550,14
2022-06-05,3 wk ahead inc death,2022-06-25,SK,quantile,0.550,7
2022-06-05,3 wk ahead inc death,2022-06-25,SI,quantile,0.550,6
2022-06-05,3 wk ahead inc death,2022-06-25,ES,quantile,0.550,545
2022-06-05,3 wk ahead inc death,2022-06-25,SE,quantile,0.550,43
2022-06-05,3 wk ahead inc death,2022-06-25,CH,quantile,0.550,7
2022-06-05,3 wk ahead inc death,2022-06-25,GB,quantile,0.550,260
2022-06-05,4 wk ahead inc death,2022-07-02,AT,quantile,0.550,27
2022-06-05,4 wk ahead inc death,2022-07-02,BE,quantile,0.550,32
2022-06-05,4 wk ahead inc death,2022-07-02,BG,quantile,0.550,22
2022-06-05,4 wk ahead inc death,2022-07-02,HR,quantile,0.550,23
2022-06-05,4 wk ahead inc death,2022-07-02,CY,quantile,0.550,2
2022-06-05,4 wk ahead inc death,2022-07-02,CZ,quantile,0.550,4
2022-06-05,4 wk ahead inc death,2022-07-02,DK,quantile,0.550,46
2022-06-05,4 wk ahead inc death,2022-07-02,EE,quantile,0.550,2
2022-06-05,4 wk ahead inc death,2022-07-02,FI,quantile,0.550,77
2022-06-05,4 wk ahead inc death,2022-07-02,FR,quantile,0.550,170
2022-06-05,4 wk ahead inc death,2022-07-02,DE,quantile,0.550,369
2022-06-05,4 wk ahead inc death,2022-07-02,GR,quantile,0.550,96
2022-06-05,4 wk ahead inc death,2022-07-02,HU,quantile,0.550,38
2022-06-05,4 wk ahead inc death,2022-07-02,IS,quantile,0.550,0
2022-06-05,4 wk ahead inc death,2022-07-02,IE,quantile,0.550,48
2022-06-05,4 wk ahead inc death,2022-07-02,IT,quantile,0.550,336
2022-06-05,4 wk ahead inc death,2022-07-02,LV,quantile,0.550,4
2022-06-05,4 wk ahead inc death,2022-07-02,LI,quantile,0.550,0
2022-06-05,4 wk ahead inc death,2022-07-02,LT,quantile,0.550,3
2022-06-05,4 wk ahead inc death,2022-07-02,LU,quantile,0.550,1
2022-06-05,4 wk ahead inc death,2022-07-02,MT,quantile,0.550,4
2022-06-05,4 wk ahead inc death,2022-07-02,NL,quantile,0.550,7
2022-06-05,4 wk ahead inc death,2022-07-02,NO,quantile,0.550,47
2022-06-05,4 wk ahead inc death,2022-07-02,PL,quantile,0.550,14
2022-06-05,4 wk ahead inc death,2022-07-02,PT,quantile,0.550,382
2022-06-05,4 wk ahead inc death,2022-07-02,RO,quantile,0.550,13
2022-06-05,4 wk ahead inc death,2022-07-02,SK,quantile,0.550,5
2022-06-05,4 wk ahead inc death,2022-07-02,SI,quantile,0.550,5
2022-06-05,4 wk ahead inc death,2022-07-02,ES,quantile,0.550,531
2022-06-05,4 wk ahead inc death,2022-07-02,SE,quantile,0.550,57
2022-06-05,4 wk ahead inc death,2022-07-02,CH,quantile,0.550,9
2022-06-05,4 wk ahead inc death,2022-07-02,GB,quantile,0.550,226
2022-06-05,5 wk ahead inc death,2022-07-09,AT,quantile,0.550,32
2022-06-05,5 wk ahead inc death,2022-07-09,BE,quantile,0.550,34
2022-06-05,5 wk ahead inc death,2022-07-09,BG,quantile,0.550,22
2022-06-05,5 wk ahead inc death,2022-07-09,HR,quantile,0.550,19
2022-06-05,5 wk ahead inc death,2022-07-09,CY,quantile,0.550,2
2022-06-05,5 wk ahead inc death,2022-07-09,CZ,quantile,0.550,4
2022-06-05,5 wk ahead inc death,2022-07-09,DK,quantile,0.550,71
2022-06-05,5 wk ahead inc death,2022-07-09,EE,quantile,0.550,2
2022-06-05,5 wk ahead inc death,2022-07-09,FI,quantile,0.550,76
2022-06-05,5 wk ahead inc death,2022-07-09,FR,quantile,0.550,183
2022-06-05,5 wk ahead inc death,2022-07-09,DE,quantile,0.550,318
2022-06-05,5 wk ahead inc death,2022-07-09,GR,quantile,0.550,97
2022-06-05,5 wk ahead inc death,2022-07-09,HU,quantile,0.550,33
2022-06-05,5 wk ahead inc death,2022-07-09,IS,quantile,0.550,1
2022-06-05,5 wk ahead inc death,2022-07-09,IE,quantile,0.550,40
2022-06-05,5 wk ahead inc death,2022-07-09,IT,quantile,0.550,314
2022-06-05,5 wk ahead inc death,2022-07-09,LV,quantile,0.550,4
2022-06-05,5 wk ahead inc death,2022-07-09,LI,quantile,0.550,0
2022-06-05,5 wk ahead inc death,2022-07-09,LT,quantile,0.550,3
2022-06-05,5 wk ahead inc death,2022-07-09,LU,quantile,0.550,1
2022-06-05,5 wk ahead inc death,2022-07-09,MT,quantile,0.550,6
2022-06-05,5 wk ahead inc death,2022-07-09,NL,quantile,0.550,8
2022-06-05,5 wk ahead inc death,2022-07-09,NO,quantile,0.550,63
2022-06-05,5 wk ahead inc death,2022-07-09,PL,quantile,0.550,13
2022-06-05,5 wk ahead inc death,2022-07-09,PT,quantile,0.550,387
2022-06-05,5 wk ahead inc death,2022-07-09,RO,quantile,0.550,12
2022-06-05,5 wk ahead inc death,2022-07-09,SK,quantile,0.550,4
2022-06-05,5 wk ahead inc death,2022-07-09,SI,quantile,0.550,4
2022-06-05,5 wk ahead inc death,2022-07-09,ES,quantile,0.550,502
2022-06-05,5 wk ahead inc death,2022-07-09,SE,quantile,0.550,81
2022-06-05,5 wk ahead inc death,2022-07-09,CH,quantile,0.550,14
2022-06-05,5 wk ahead inc death,2022-07-09,GB,quantile,0.550,222
2022-06-05,1 wk ahead inc death,2022-06-11,AT,quantile,0.600,30
2022-06-05,1 wk ahead inc death,2022-06-11,BE,quantile,0.600,50
2022-06-05,1 wk ahead inc death,2022-06-11,BG,quantile,0.600,35
2022-06-05,1 wk ahead inc death,2022-06-11,HR,quantile,0.600,28
2022-06-05,1 wk ahead inc death,2022-06-11,CY,quantile,0.600,4
2022-06-05,1 wk ahead inc death,2022-06-11,CZ,quantile,0.600,9
2022-06-05,1 wk ahead inc death,2022-06-11,DK,quantile,0.600,29
2022-06-05,1 wk ahead inc death,2022-06-11,EE,quantile,0.600,3
2022-06-05,1 wk ahead inc death,2022-06-11,FI,quantile,0.600,109
2022-06-05,1 wk ahead inc death,2022-06-11,FR,quantile,0.600,217
2022-06-05,1 wk ahead inc death,2022-06-11,DE,quantile,0.600,543
2022-06-05,1 wk ahead inc death,2022-06-11,GR,quantile,0.600,108
2022-06-05,1 wk ahead inc death,2022-06-11,HU,quantile,0.600,83
2022-06-05,1 wk ahead inc death,2022-06-11,IS,quantile,0.600,0
2022-06-05,1 wk ahead inc death,2022-06-11,IE,quantile,0.600,46
2022-06-05,1 wk ahead inc death,2022-06-11,IT,quantile,0.600,508
2022-06-05,1 wk ahead inc death,2022-06-11,LV,quantile,0.600,5
2022-06-05,1 wk ahead inc death,2022-06-11,LI,quantile,0.600,0
2022-06-05,1 wk ahead inc death,2022-06-11,LT,quantile,0.600,4
2022-06-05,1 wk ahead inc death,2022-06-11,LU,quantile,0.600,3
2022-06-05,1 wk ahead inc death,2022-06-11,MT,quantile,0.600,3
2022-06-05,1 wk ahead inc death,2022-06-11,NL,quantile,0.600,6
2022-06-05,1 wk ahead inc death,2022-06-11,NO,quantile,0.600,29
2022-06-05,1 wk ahead inc death,2022-06-11,PL,quantile,0.600,23
2022-06-05,1 wk ahead inc death,2022-06-11,PT,quantile,0.600,303
2022-06-05,1 wk ahead inc death,2022-06-11,RO,quantile,0.600,19
2022-06-05,1 wk ahead inc death,2022-06-11,SK,quantile,0.600,13
2022-06-05,1 wk ahead inc death,2022-06-11,SI,quantile,0.600,9
2022-06-05,1 wk ahead inc death,2022-06-11,ES,quantile,0.600,548
2022-06-05,1 wk ahead inc death,2022-06-11,SE,quantile,0.600,37
2022-06-05,1 wk ahead inc death,2022-06-11,CH,quantile,0.600,8
2022-06-05,1 wk ahead inc death,2022-06-11,GB,quantile,0.600,368
2022-06-05,2 wk ahead inc death,2022-06-18,AT,quantile,0.600,26
2022-06-05,2 wk ahead inc death,2022-06-18,BE,quantile,0.600,38
2022-06-05,2 wk ahead inc death,2022-06-18,BG,quantile,0.600,29
2022-06-05,2 wk ahead inc death,2022-06-18,HR,quantile,0.600,28
2022-06-05,2 wk ahead inc death,2022-06-18,CY,quantile,0.600,3
2022-06-05,2 wk ahead inc death,2022-06-18,CZ,quantile,0.600,7
2022-06-05,2 wk ahead inc death,2022-06-18,DK,quantile,0.600,29
2022-06-05,2 wk ahead inc death,2022-06-18,EE,quantile,0.600,2
2022-06-05,2 wk ahead inc death,2022-06-18,FI,quantile,0.600,104
2022-06-05,2 wk ahead inc death,2022-06-18,FR,quantile,0.600,166
2022-06-05,2 wk ahead inc death,2022-06-18,DE,quantile,0.600,468
2022-06-05,2 wk ahead inc death,2022-06-18,GR,quantile,0.600,104
2022-06-05,2 wk ahead inc death,2022-06-18,HU,quantile,0.600,76
2022-06-05,2 wk ahead inc death,2022-06-18,IS,quantile,0.600,0
2022-06-05,2 wk ahead inc death,2022-06-18,IE,quantile,0.600,54
2022-06-05,2 wk ahead inc death,2022-06-18,IT,quantile,0.600,429
2022-06-05,2 wk ahead inc death,2022-06-18,LV,quantile,0.600,5
2022-06-05,2 wk ahead inc death,2022-06-18,LI,quantile,0.600,0
2022-06-05,2 wk ahead inc death,2022-06-18,LT,quantile,0.600,3
2022-06-05,2 wk ahead inc death,2022-06-18,LU,quantile,0.600,2
2022-06-05,2 wk ahead inc death,2022-06-18,MT,quantile,0.600,3
2022-06-05,2 wk ahead inc death,2022-06-18,NL,quantile,0.600,5
2022-06-05,2 wk ahead inc death,2022-06-18,NO,quantile,0.600,33
2022-06-05,2 wk ahead inc death,2022-06-18,PL,quantile,0.600,20
2022-06-05,2 wk ahead inc death,2022-06-18,PT,quantile,0.600,333
2022-06-05,2 wk ahead inc death,2022-06-18,RO,quantile,0.600,17
2022-06-05,2 wk ahead inc death,2022-06-18,SK,quantile,0.600,10
2022-06-05,2 wk ahead inc death,2022-06-18,SI,quantile,0.600,8
2022-06-05,2 wk ahead inc death,2022-06-18,ES,quantile,0.600,566
2022-06-05,2 wk ahead inc death,2022-06-18,SE,quantile,0.600,37
2022-06-05,2 wk ahead inc death,2022-06-18,CH,quantile,0.600,7
2022-06-05,2 wk ahead inc death,2022-06-18,GB,quantile,0.600,322
2022-06-05,3 wk ahead inc death,2022-06-25,AT,quantile,0.600,26
2022-06-05,3 wk ahead inc death,2022-06-25,BE,quantile,0.600,32
2022-06-05,3 wk ahead inc death,2022-06-25,BG,quantile,0.600,26
2022-06-05,3 wk ahead inc death,2022-06-25,HR,quantile,0.600,26
2022-06-05,3 wk ahead inc death,2022-06-25,CY,quantile,0.600,2
2022-06-05,3 wk ahead inc death,2022-06-25,CZ,quantile,0.600,5
2022-06-05,3 wk ahead inc death,2022-06-25,DK,quantile,0.600,34
2022-06-05,3 wk ahead inc death,2022-06-25,EE,quantile,0.600,2
2022-06-05,3 wk ahead inc death,2022-06-25,FI,quantile,0.600,84
2022-06-05,3 wk ahead inc death,2022-06-25,FR,quantile,0.600,163
2022-06-05,3 wk ahead inc death,2022-06-25,DE,quantile,0.600,404
2022-06-05,3 wk ahead inc death,2022-06-25,GR,quantile,0.600,101
2022-06-05,3 wk ahead inc death,2022-06-25,HU,quantile,0.600,52
2022-06-05,3 wk ahead inc death,2022-06-25,IS,quantile,0.600,0
2022-06-05,3 wk ahead inc death,2022-06-25,IE,quantile,0.600,56
2022-06-05,3 wk ahead inc death,2022-06-25,IT,quantile,0.600,362
2022-06-05,3 wk ahead inc death,2022-06-25,LV,quantile,0.600,4
2022-06-05,3 wk ahead inc death,2022-06-25,LI,quantile,0.600,0
2022-06-05,3 wk ahead inc death,2022-06-25,LT,quantile,0.600,3
2022-06-05,3 wk ahead inc death,2022-06-25,LU,quantile,0.600,2
2022-06-05,3 wk ahead inc death,2022-06-25,MT,quantile,0.600,4
2022-06-05,3 wk ahead inc death,2022-06-25,NL,quantile,0.600,6
2022-06-05,3 wk ahead inc death,2022-06-25,NO,quantile,0.600,38
2022-06-05,3 wk ahead inc death,2022-06-25,PL,quantile,0.600,18
2022-06-05,3 wk ahead inc death,2022-06-25,PT,quantile,0.600,363
2022-06-05,3 wk ahead inc death,2022-06-25,RO,quantile,0.600,16
2022-06-05,3 wk ahead inc death,2022-06-25,SK,quantile,0.600,7
2022-06-05,3 wk ahead inc death,2022-06-25,SI,quantile,0.600,6
2022-06-05,3 wk ahead inc death,2022-06-25,ES,quantile,0.600,545
2022-06-05,3 wk ahead inc death,2022-06-25,SE,quantile,0.600,44
2022-06-05,3 wk ahead inc death,2022-06-25,CH,quantile,0.600,7
2022-06-05,3 wk ahead inc death,2022-06-25,GB,quantile,0.600,270
2022-06-05,4 wk ahead inc death,2022-07-02,AT,quantile,0.600,27
2022-06-05,4 wk ahead inc death,2022-07-02,BE,quantile,0.600,32
2022-06-05,4 wk ahead inc death,2022-07-02,BG,quantile,0.600,23
2022-06-05,4 wk ahead inc death,2022-07-02,HR,quantile,0.600,24
2022-06-05,4 wk ahead inc death,2022-07-02,CY,quantile,0.600,2
2022-06-05,4 wk ahead inc death,2022-07-02,CZ,quantile,0.600,4
2022-06-05,4 wk ahead inc death,2022-07-02,DK,quantile,0.600,48
2022-06-05,4 wk ahead inc death,2022-07-02,EE,quantile,0.600,3
2022-06-05,4 wk ahead inc death,2022-07-02,FI,quantile,0.600,78
2022-06-05,4 wk ahead inc death,2022-07-02,FR,quantile,0.600,171
2022-06-05,4 wk ahead inc death,2022-07-02,DE,quantile,0.600,369
2022-06-05,4 wk ahead inc death,2022-07-02,GR,quantile,0.600,101
2022-06-05,4 wk ahead inc death,2022-07-02,HU,quantile,0.600,46
2022-06-05,4 wk ahead inc death,2022-07-02,IS,quantile,0.600,0
2022-06-05,4 wk ahead inc death,2022-07-02,IE,quantile,0.600,55
2022-06-05,4 wk ahead inc death,2022-07-02,IT,quantile,0.600,337
2022-06-05,4 wk ahead inc death,2022-07-02,LV,quantile,0.600,4
2022-06-05,4 wk ahead inc death,2022-07-02,LI,quantile,0.600,0
2022-06-05,4 wk ahead inc death,2022-07-02,LT,quantile,0.600,3
2022-06-05,4 wk ahead inc death,2022-07-02,LU,quantile,0.600,1
2022-06-05,4 wk ahead inc death,2022-07-02,MT,quantile,0.600,4
2022-06-05,4 wk ahead inc death,2022-07-02,NL,quantile,0.600,7
2022-06-05,4 wk ahead inc death,2022-07-02,NO,quantile,0.600,48
2022-06-05,4 wk ahead inc death,2022-07-02,PL,quantile,0.600,16
2022-06-05,4 wk ahead inc death,2022-07-02,PT,quantile,0.600,385
2022-06-05,4 wk ahead inc death,2022-07-02,RO,quantile,0.600,14
2022-06-05,4 wk ahead inc death,2022-07-02,SK,quantile,0.600,5
2022-06-05,4 wk ahead inc death,2022-07-02,SI,quantile,0.600,5
2022-06-05,4 wk ahead inc death,2022-07-02,ES,quantile,0.600,531
2022-06-05,4 wk ahead inc death,2022-07-02,SE,quantile,0.600,59
2022-06-05,4 wk ahead inc death,2022-07-02,CH,quantile,0.600,10
2022-06-05,4 wk ahead inc death,2022-07-02,GB,quantile,0.600,233
2022-06-05,5 wk ahead inc death,2022-07-09,AT,quantile,0.600,33
2022-06-05,5 wk ahead inc death,2022-07-09,BE,quantile,0.600,35
2022-06-05,5 wk ahead inc death,2022-07-09,BG,quantile,0.600,22
2022-06-05,5 wk ahead inc death,2022-07-09,HR,quantile,0.600,19
2022-06-05,5 wk ahead inc death,2022-07-09,CY,quantile,0.600,2
2022-06-05,5 wk ahead inc death,2022-07-09,CZ,quantile,0.600,4
2022-06-05,5 wk ahead inc death,2022-07-09,DK,quantile,0.600,74
2022-06-05,5 wk ahead inc death,2022-07-09,EE,quantile,0.600,2
2022-06-05,5 wk ahead inc death,2022-07-09,FI,quantile,0.600,77
2022-06-05,5 wk ahead inc death,2022-07-09,FR,quantile,0.600,190
2022-06-05,5 wk ahead inc death,2022-07-09,DE,quantile,0.600,332
2022-06-05,5 wk ahead inc death,2022-07-09,GR,quantile,0.600,101
2022-06-05,5 wk ahead inc death,2022-07-09,HU,quantile,0.600,40
2022-06-05,5 wk ahead inc death,2022-07-09,IS,quantile,0.600,1
2022-06-05,5 wk ahead inc death,2022-07-09,IE,quantile,0.600,42
2022-06-05,5 wk ahead inc death,2022-07-09,IT,quantile,0.600,338
2022-06-05,5 wk ahead inc death,2022-07-09,LV,quantile,0.600,4
2022-06-05,5 wk ahead inc death,2022-07-09,LI,quantile,0.600,0
2022-06-05,5 wk ahead inc death,2022-07-09,LT,quantile,0.600,3
2022-06-05,5 wk ahead inc death,2022-07-09,LU,quantile,0.600,1
2022-06-05,5 wk ahead inc death,2022-07-09,MT,quantile,0.600,6
2022-06-05,5 wk ahead inc death,2022-07-09,NL,quantile,0.600,9
2022-06-05,5 wk ahead inc death,2022-07-09,NO,quantile,0.600,70
2022-06-05,5 wk ahead inc death,2022-07-09,PL,quantile,0.600,15
2022-06-05,5 wk ahead inc death,2022-07-09,PT,quantile,0.600,390
2022-06-05,5 wk ahead inc death,2022-07-09,RO,quantile,0.600,12
2022-06-05,5 wk ahead inc death,2022-07-09,SK,quantile,0.600,4
2022-06-05,5 wk ahead inc death,2022-07-09,SI,quantile,0.600,4
2022-06-05,5 wk ahead inc death,2022-07-09,ES,quantile,0.600,505
2022-06-05,5 wk ahead inc death,2022-07-09,SE,quantile,0.600,84
2022-06-05,5 wk ahead inc death,2022-07-09,CH,quantile,0.600,15
2022-06-05,5 wk ahead inc death,2022-07-09,GB,quantile,0.600,226
2022-06-05,1 wk ahead inc death,2022-06-11,AT,quantile,0.650,33
2022-06-05,1 wk ahead inc death,2022-06-11,BE,quantile,0.650,50
2022-06-05,1 wk ahead inc death,2022-06-11,BG,quantile,0.650,35
2022-06-05,1 wk ahead inc death,2022-06-11,HR,quantile,0.650,30
2022-06-05,1 wk ahead inc death,2022-06-11,CY,quantile,0.650,4
2022-06-05,1 wk ahead inc death,2022-06-11,CZ,quantile,0.650,9
2022-06-05,1 wk ahead inc death,2022-06-11,DK,quantile,0.650,30
2022-06-05,1 wk ahead inc death,2022-06-11,EE,quantile,0.650,3
2022-06-05,1 wk ahead inc death,2022-06-11,FI,quantile,0.650,116
2022-06-05,1 wk ahead inc death,2022-06-11,FR,quantile,0.650,220
2022-06-05,1 wk ahead inc death,2022-06-11,DE,quantile,0.650,543
2022-06-05,1 wk ahead inc death,2022-06-11,GR,quantile,0.650,108
2022-06-05,1 wk ahead inc death,2022-06-11,HU,quantile,0.650,87
2022-06-05,1 wk ahead inc death,2022-06-11,IS,quantile,0.650,0
2022-06-05,1 wk ahead inc death,2022-06-11,IE,quantile,0.650,50
2022-06-05,1 wk ahead inc death,2022-06-11,IT,quantile,0.650,553
2022-06-05,1 wk ahead inc death,2022-06-11,LV,quantile,0.650,5
2022-06-05,1 wk ahead inc death,2022-06-11,LI,quantile,0.650,0
2022-06-05,1 wk ahead inc death,2022-06-11,LT,quantile,0.650,4
2022-06-05,1 wk ahead inc death,2022-06-11,LU,quantile,0.650,3
2022-06-05,1 wk ahead inc death,2022-06-11,MT,quantile,0.650,3
2022-06-05,1 wk ahead inc death,2022-06-11,NL,quantile,0.650,7
2022-06-05,1 wk ahead inc death,2022-06-11,NO,quantile,0.650,29
2022-06-05,1 wk ahead inc death,2022-06-11,PL,quantile,0.650,23
2022-06-05,1 wk ahead inc death,2022-06-11,PT,quantile,0.650,310
2022-06-05,1 wk ahead inc death,2022-06-11,RO,quantile,0.650,19
2022-06-05,1 wk ahead inc death,2022-06-11,SK,quantile,0.650,13
2022-06-05,1 wk ahead inc death,2022-06-11,SI,quantile,0.650,9
2022-06-05,1 wk ahead inc death,2022-06-11,ES,quantile,0.650,582
2022-06-05,1 wk ahead inc death,2022-06-11,SE,quantile,0.650,40
2022-06-05,1 wk ahead inc death,2022-06-11,CH,quantile,0.650,12
2022-06-05,1 wk ahead inc death,2022-06-11,GB,quantile,0.650,377
2022-06-05,2 wk ahead inc death,2022-06-18,AT,quantile,0.650,27
2022-06-05,2 wk ahead inc death,2022-06-18,BE,quantile,0.650,38
2022-06-05,2 wk ahead inc death,2022-06-18,BG,quantile,0.650,30
2022-06-05,2 wk ahead inc death,2022-06-18,HR,quantile,0.650,29
2022-06-05,2 wk ahead inc death,2022-06-18,CY,quantile,0.650,3
2022-06-05,2 wk ahead inc death,2022-06-18,CZ,quantile,0.650,7
2022-06-05,2 wk ahead inc death,2022-06-18,DK,quantile,0.650,30
2022-06-05,2 wk ahead inc death,2022-06-18,EE,quantile,0.650,2
2022-06-05,2 wk ahead inc death,2022-06-18,FI,quantile,0.650,104
2022-06-05,2 wk ahead inc death,2022-06-18,FR,quantile,0.650,168
2022-06-05,2 wk ahead inc death,2022-06-18,DE,quantile,0.650,468
2022-06-05,2 wk ahead inc death,2022-06-18,GR,quantile,0.650,107
2022-06-05,2 wk ahead inc death,2022-06-18,HU,quantile,0.650,76
2022-06-05,2 wk ahead inc death,2022-06-18,IS,quantile,0.650,0
2022-06-05,2 wk ahead inc death,2022-06-18,IE,quantile,0.650,63
2022-06-05,2 wk ahead inc death,2022-06-18,IT,quantile,0.650,433
2022-06-05,2 wk ahead inc death,2022-06-18,LV,quantile,0.650,5
2022-06-05,2 wk ahead inc death,2022-06-18,LI,quantile,0.650,0
2022-06-05,2 wk ahead inc death,2022-06-18,LT,quantile,0.650,3
2022-06-05,2 wk ahead inc death,2022-06-18,LU,quantile,0.650,2
2022-06-05,2 wk ahead inc death,2022-06-18,MT,quantile,0.650,3
2022-06-05,2 wk ahead inc death,2022-06-18,NL,quantile,0.650,6
2022-06-05,2 wk ahead inc death,2022-06-18,NO,quantile,0.650,33
2022-06-05,2 wk ahead inc death,2022-06-18,PL,quantile,0.650,21
2022-06-05,2 wk ahead inc death,2022-06-18,PT,quantile,0.650,341
2022-06-05,2 wk ahead inc death,2022-06-18,RO,quantile,0.650,17
2022-06-05,2 wk ahead inc death,2022-06-18,SK,quantile,0.650,10
2022-06-05,2 wk ahead inc death,2022-06-18,SI,quantile,0.650,8
2022-06-05,2 wk ahead inc death,2022-06-18,ES,quantile,0.650,600
2022-06-05,2 wk ahead inc death,2022-06-18,SE,quantile,0.650,40
2022-06-05,2 wk ahead inc death,2022-06-18,CH,quantile,0.650,10
2022-06-05,2 wk ahead inc death,2022-06-18,GB,quantile,0.650,322
2022-06-05,3 wk ahead inc death,2022-06-25,AT,quantile,0.650,26
2022-06-05,3 wk ahead inc death,2022-06-25,BE,quantile,0.650,33
2022-06-05,3 wk ahead inc death,2022-06-25,BG,quantile,0.650,26
2022-06-05,3 wk ahead inc death,2022-06-25,HR,quantile,0.650,27
2022-06-05,3 wk ahead inc death,2022-06-25,CY,quantile,0.650,2
2022-06-05,3 wk ahead inc death,2022-06-25,CZ,quantile,0.650,5
2022-06-05,3 wk ahead inc death,2022-06-25,DK,quantile,0.650,35
2022-06-05,3 wk ahead inc death,2022-06-25,EE,quantile,0.650,2
2022-06-05,3 wk ahead inc death,2022-06-25,FI,quantile,0.650,87
2022-06-05,3 wk ahead inc death,2022-06-25,FR,quantile,0.650,164
2022-06-05,3 wk ahead inc death,2022-06-25,DE,quantile,0.650,416
2022-06-05,3 wk ahead inc death,2022-06-25,GR,quantile,0.650,107
2022-06-05,3 wk ahead inc death,2022-06-25,HU,quantile,0.650,52
2022-06-05,3 wk ahead inc death,2022-06-25,IS,quantile,0.650,0
2022-06-05,3 wk ahead inc death,2022-06-25,IE,quantile,0.650,62
2022-06-05,3 wk ahead inc death,2022-06-25,IT,quantile,0.650,366
2022-06-05,3 wk ahead inc death,2022-06-25,LV,quantile,0.650,4
2022-06-05,3 wk ahead inc death,2022-06-25,LI,quantile,0.650,0
2022-06-05,3 wk ahead inc death,2022-06-25,LT,quantile,0.650,3
2022-06-05,3 wk ahead inc death,2022-06-25,LU,quantile,0.650,2
2022-06-05,3 wk ahead inc death,2022-06-25,MT,quantile,0.650,4
2022-06-05,3 wk ahead inc death,2022-06-25,NL,quantile,0.650,6
2022-06-05,3 wk ahead inc death,2022-06-25,NO,quantile,0.650,38
2022-06-05,3 wk ahead inc death,2022-06-25,PL,quantile,0.650,19
2022-06-05,3 wk ahead inc death,2022-06-25,PT,quantile,0.650,370
2022-06-05,3 wk ahead inc death,2022-06-25,RO,quantile,0.650,16
2022-06-05,3 wk ahead inc death,2022-06-25,SK,quantile,0.650,7
2022-06-05,3 wk ahead inc death,2022-06-25,SI,quantile,0.650,6
2022-06-05,3 wk ahead inc death,2022-06-25,ES,quantile,0.650,577
2022-06-05,3 wk ahead inc death,2022-06-25,SE,quantile,0.650,45
2022-06-05,3 wk ahead inc death,2022-06-25,CH,quantile,0.650,10
2022-06-05,3 wk ahead inc death,2022-06-25,GB,quantile,0.650,271
2022-06-05,4 wk ahead inc death,2022-07-02,AT,quantile,0.650,28
2022-06-05,4 wk ahead inc death,2022-07-02,BE,quantile,0.650,33
2022-06-05,4 wk ahead inc death,2022-07-02,BG,quantile,0.650,24
2022-06-05,4 wk ahead inc death,2022-07-02,HR,quantile,0.650,24
2022-06-05,4 wk ahead inc death,2022-07-02,CY,quantile,0.650,2
2022-06-05,4 wk ahead inc death,2022-07-02,CZ,quantile,0.650,5
2022-06-05,4 wk ahead inc death,2022-07-02,DK,quantile,0.650,49
2022-06-05,4 wk ahead inc death,2022-07-02,EE,quantile,0.650,3
2022-06-05,4 wk ahead inc death,2022-07-02,FI,quantile,0.650,79
2022-06-05,4 wk ahead inc death,2022-07-02,FR,quantile,0.650,173
2022-06-05,4 wk ahead inc death,2022-07-02,DE,quantile,0.650,377
2022-06-05,4 wk ahead inc death,2022-07-02,GR,quantile,0.650,105
2022-06-05,4 wk ahead inc death,2022-07-02,HU,quantile,0.650,46
2022-06-05,4 wk ahead inc death,2022-07-02,IS,quantile,0.650,0
2022-06-05,4 wk ahead inc death,2022-07-02,IE,quantile,0.650,56
2022-06-05,4 wk ahead inc death,2022-07-02,IT,quantile,0.650,354
2022-06-05,4 wk ahead inc death,2022-07-02,LV,quantile,0.650,4
2022-06-05,4 wk ahead inc death,2022-07-02,LI,quantile,0.650,0
2022-06-05,4 wk ahead inc death,2022-07-02,LT,quantile,0.650,3
2022-06-05,4 wk ahead inc death,2022-07-02,LU,quantile,0.650,1
2022-06-05,4 wk ahead inc death,2022-07-02,MT,quantile,0.650,5
2022-06-05,4 wk ahead inc death,2022-07-02,NL,quantile,0.650,7
2022-06-05,4 wk ahead inc death,2022-07-02,NO,quantile,0.650,52
2022-06-05,4 wk ahead inc death,2022-07-02,PL,quantile,0.650,17
2022-06-05,4 wk ahead inc death,2022-07-02,PT,quantile,0.650,387
2022-06-05,4 wk ahead inc death,2022-07-02,RO,quantile,0.650,15
2022-06-05,4 wk ahead inc death,2022-07-02,SK,quantile,0.650,5
2022-06-05,4 wk ahead inc death,2022-07-02,SI,quantile,0.650,5
2022-06-05,4 wk ahead inc death,2022-07-02,ES,quantile,0.650,560
2022-06-05,4 wk ahead inc death,2022-07-02,SE,quantile,0.650,62
2022-06-05,4 wk ahead inc death,2022-07-02,CH,quantile,0.650,11
2022-06-05,4 wk ahead inc death,2022-07-02,GB,quantile,0.650,234
2022-06-05,5 wk ahead inc death,2022-07-09,AT,quantile,0.650,34
2022-06-05,5 wk ahead inc death,2022-07-09,BE,quantile,0.650,35
2022-06-05,5 wk ahead inc death,2022-07-09,BG,quantile,0.650,23
2022-06-05,5 wk ahead inc death,2022-07-09,HR,quantile,0.650,19
2022-06-05,5 wk ahead inc death,2022-07-09,CY,quantile,0.650,2
2022-06-05,5 wk ahead inc death,2022-07-09,CZ,quantile,0.650,4
2022-06-05,5 wk ahead inc death,2022-07-09,DK,quantile,0.650,82
2022-06-05,5 wk ahead inc death,2022-07-09,EE,quantile,0.650,3
2022-06-05,5 wk ahead inc death,2022-07-09,FI,quantile,0.650,78
2022-06-05,5 wk ahead inc death,2022-07-09,FR,quantile,0.650,194
2022-06-05,5 wk ahead inc death,2022-07-09,DE,quantile,0.650,339
2022-06-05,5 wk ahead inc death,2022-07-09,GR,quantile,0.650,102
2022-06-05,5 wk ahead inc death,2022-07-09,HU,quantile,0.650,40
2022-06-05,5 wk ahead inc death,2022-07-09,IS,quantile,0.650,1
2022-06-05,5 wk ahead inc death,2022-07-09,IE,quantile,0.650,42
2022-06-05,5 wk ahead inc death,2022-07-09,IT,quantile,0.650,361
2022-06-05,5 wk ahead inc death,2022-07-09,LV,quantile,0.650,4
2022-06-05,5 wk ahead inc death,2022-07-09,LI,quantile,0.650,0
2022-06-05,5 wk ahead inc death,2022-07-09,LT,quantile,0.650,4
2022-06-05,5 wk ahead inc death,2022-07-09,LU,quantile,0.650,1
2022-06-05,5 wk ahead inc death,2022-07-09,MT,quantile,0.650,6
2022-06-05,5 wk ahead inc death,2022-07-09,NL,quantile,0.650,9
2022-06-05,5 wk ahead inc death,2022-07-09,NO,quantile,0.650,75
2022-06-05,5 wk ahead inc death,2022-07-09,PL,quantile,0.650,15
2022-06-05,5 wk ahead inc death,2022-07-09,PT,quantile,0.650,395
2022-06-05,5 wk ahead inc death,2022-07-09,RO,quantile,0.650,13
2022-06-05,5 wk ahead inc death,2022-07-09,SK,quantile,0.650,4
2022-06-05,5 wk ahead inc death,2022-07-09,SI,quantile,0.650,4
2022-06-05,5 wk ahead inc death,2022-07-09,ES,quantile,0.650,530
2022-06-05,5 wk ahead inc death,2022-07-09,SE,quantile,0.650,85
2022-06-05,5 wk ahead inc death,2022-07-09,CH,quantile,0.650,15
2022-06-05,5 wk ahead inc death,2022-07-09,GB,quantile,0.650,230
2022-06-05,1 wk ahead inc death,2022-06-11,AT,quantile,0.700,33
2022-06-05,1 wk ahead inc death,2022-06-11,BE,quantile,0.700,54
2022-06-05,1 wk ahead inc death,2022-06-11,BG,quantile,0.700,44
2022-06-05,1 wk ahead inc death,2022-06-11,HR,quantile,0.700,31
2022-06-05,1 wk ahead inc death,2022-06-11,CY,quantile,0.700,4
2022-06-05,1 wk ahead inc death,2022-06-11,CZ,quantile,0.700,9
2022-06-05,1 wk ahead inc death,2022-06-11,DK,quantile,0.700,31
2022-06-05,1 wk ahead inc death,2022-06-11,EE,quantile,0.700,3
2022-06-05,1 wk ahead inc death,2022-06-11,FI,quantile,0.700,118
2022-06-05,1 wk ahead inc death,2022-06-11,FR,quantile,0.700,233
2022-06-05,1 wk ahead inc death,2022-06-11,DE,quantile,0.700,549
2022-06-05,1 wk ahead inc death,2022-06-11,GR,quantile,0.700,109
2022-06-05,1 wk ahead inc death,2022-06-11,HU,quantile,0.700,87
2022-06-05,1 wk ahead inc death,2022-06-11,IS,quantile,0.700,0
2022-06-05,1 wk ahead inc death,2022-06-11,IE,quantile,0.700,50
2022-06-05,1 wk ahead inc death,2022-06-11,IT,quantile,0.700,553
2022-06-05,1 wk ahead inc death,2022-06-11,LV,quantile,0.700,5
2022-06-05,1 wk ahead inc death,2022-06-11,LI,quantile,0.700,0
2022-06-05,1 wk ahead inc death,2022-06-11,LT,quantile,0.700,4
2022-06-05,1 wk ahead inc death,2022-06-11,LU,quantile,0.700,3
2022-06-05,1 wk ahead inc death,2022-06-11,MT,quantile,0.700,3
2022-06-05,1 wk ahead inc death,2022-06-11,NL,quantile,0.700,7
2022-06-05,1 wk ahead inc death,2022-06-11,NO,quantile,0.700,29
2022-06-05,1 wk ahead inc death,2022-06-11,PL,quantile,0.700,23
2022-06-05,1 wk ahead inc death,2022-06-11,PT,quantile,0.700,313
2022-06-05,1 wk ahead inc death,2022-06-11,RO,quantile,0.700,20
2022-06-05,1 wk ahead inc death,2022-06-11,SK,quantile,0.700,13
2022-06-05,1 wk ahead inc death,2022-06-11,SI,quantile,0.700,10
2022-06-05,1 wk ahead inc death,2022-06-11,ES,quantile,0.700,604
2022-06-05,1 wk ahead inc death,2022-06-11,SE,quantile,0.700,41
2022-06-05,1 wk ahead inc death,2022-06-11,CH,quantile,0.700,14
2022-06-05,1 wk ahead inc death,2022-06-11,GB,quantile,0.700,387
2022-06-05,2 wk ahead inc death,2022-06-18,AT,quantile,0.700,27
2022-06-05,2 wk ahead inc death,2022-06-18,BE,quantile,0.700,43
2022-06-05,2 wk ahead inc death,2022-06-18,BG,quantile,0.700,38
2022-06-05,2 wk ahead inc death,2022-06-18,HR,quantile,0.700,31
2022-06-05,2 wk ahead inc death,2022-06-18,CY,quantile,0.700,3
2022-06-05,2 wk ahead inc death,2022-06-18,CZ,quantile,0.700,7
2022-06-05,2 wk ahead inc death,2022-06-18,DK,quantile,0.700,31
2022-06-05,2 wk ahead inc death,2022-06-18,EE,quantile,0.700,3
2022-06-05,2 wk ahead inc death,2022-06-18,FI,quantile,0.700,105
2022-06-05,2 wk ahead inc death,2022-06-18,FR,quantile,0.700,182
2022-06-05,2 wk ahead inc death,2022-06-18,DE,quantile,0.700,474
2022-06-05,2 wk ahead inc death,2022-06-18,GR,quantile,0.700,107
2022-06-05,2 wk ahead inc death,2022-06-18,HU,quantile,0.700,76
2022-06-05,2 wk ahead inc death,2022-06-18,IS,quantile,0.700,0
2022-06-05,2 wk ahead inc death,2022-06-18,IE,quantile,0.700,63
2022-06-05,2 wk ahead inc death,2022-06-18,IT,quantile,0.700,433
2022-06-05,2 wk ahead inc death,2022-06-18,LV,quantile,0.700,5
2022-06-05,2 wk ahead inc death,2022-06-18,LI,quantile,0.700,0
2022-06-05,2 wk ahead inc death,2022-06-18,LT,quantile,0.700,3
2022-06-05,2 wk ahead inc death,2022-06-18,LU,quantile,0.700,2
2022-06-05,2 wk ahead inc death,2022-06-18,MT,quantile,0.700,3
2022-06-05,2 wk ahead inc death,2022-06-18,NL,quantile,0.700,6
2022-06-05,2 wk ahead inc death,2022-06-18,NO,quantile,0.700,33
2022-06-05,2 wk ahead inc death,2022-06-18,PL,quantile,0.700,21
2022-06-05,2 wk ahead inc death,2022-06-18,PT,quantile,0.700,343
2022-06-05,2 wk ahead inc death,2022-06-18,RO,quantile,0.700,18
2022-06-05,2 wk ahead inc death,2022-06-18,SK,quantile,0.700,10
2022-06-05,2 wk ahead inc death,2022-06-18,SI,quantile,0.700,8
2022-06-05,2 wk ahead inc death,2022-06-18,ES,quantile,0.700,622
2022-06-05,2 wk ahead inc death,2022-06-18,SE,quantile,0.700,40
2022-06-05,2 wk ahead inc death,2022-06-18,CH,quantile,0.700,12
2022-06-05,2 wk ahead inc death,2022-06-18,GB,quantile,0.700,331
2022-06-05,3 wk ahead inc death,2022-06-25,AT,quantile,0.700,26
2022-06-05,3 wk ahead inc death,2022-06-25,BE,quantile,0.700,36
2022-06-05,3 wk ahead inc death,2022-06-25,BG,quantile,0.700,35
2022-06-05,3 wk ahead inc death,2022-06-25,HR,quantile,0.700,28
2022-06-05,3 wk ahead inc death,2022-06-25,CY,quantile,0.700,2
2022-06-05,3 wk ahead inc death,2022-06-25,CZ,quantile,0.700,6
2022-06-05,3 wk ahead inc death,2022-06-25,DK,quantile,0.700,36
2022-06-05,3 wk ahead inc death,2022-06-25,EE,quantile,0.700,2
2022-06-05,3 wk ahead inc death,2022-06-25,FI,quantile,0.700,89
2022-06-05,3 wk ahead inc death,2022-06-25,FR,quantile,0.700,177
2022-06-05,3 wk ahead inc death,2022-06-25,DE,quantile,0.700,430
2022-06-05,3 wk ahead inc death,2022-06-25,GR,quantile,0.700,107
2022-06-05,3 wk ahead inc death,2022-06-25,HU,quantile,0.700,57
2022-06-05,3 wk ahead inc death,2022-06-25,IS,quantile,0.700,0
2022-06-05,3 wk ahead inc death,2022-06-25,IE,quantile,0.700,62
2022-06-05,3 wk ahead inc death,2022-06-25,IT,quantile,0.700,367
2022-06-05,3 wk ahead inc death,2022-06-25,LV,quantile,0.700,4
2022-06-05,3 wk ahead inc death,2022-06-25,LI,quantile,0.700,0
2022-06-05,3 wk ahead inc death,2022-06-25,LT,quantile,0.700,3
2022-06-05,3 wk ahead inc death,2022-06-25,LU,quantile,0.700,2
2022-06-05,3 wk ahead inc death,2022-06-25,MT,quantile,0.700,4
2022-06-05,3 wk ahead inc death,2022-06-25,NL,quantile,0.700,6
2022-06-05,3 wk ahead inc death,2022-06-25,NO,quantile,0.700,39
2022-06-05,3 wk ahead inc death,2022-06-25,PL,quantile,0.700,19
2022-06-05,3 wk ahead inc death,2022-06-25,PT,quantile,0.700,372
2022-06-05,3 wk ahead inc death,2022-06-25,RO,quantile,0.700,16
2022-06-05,3 wk ahead inc death,2022-06-25,SK,quantile,0.700,7
2022-06-05,3 wk ahead inc death,2022-06-25,SI,quantile,0.700,6
2022-06-05,3 wk ahead inc death,2022-06-25,ES,quantile,0.700,598
2022-06-05,3 wk ahead inc death,2022-06-25,SE,quantile,0.700,45
2022-06-05,3 wk ahead inc death,2022-06-25,CH,quantile,0.700,12
2022-06-05,3 wk ahead inc death,2022-06-25,GB,quantile,0.700,271
2022-06-05,4 wk ahead inc death,2022-07-02,AT,quantile,0.700,29
2022-06-05,4 wk ahead inc death,2022-07-02,BE,quantile,0.700,33
2022-06-05,4 wk ahead inc death,2022-07-02,BG,quantile,0.700,32
2022-06-05,4 wk ahead inc death,2022-07-02,HR,quantile,0.700,25
2022-06-05,4 wk ahead inc death,2022-07-02,CY,quantile,0.700,2
2022-06-05,4 wk ahead inc death,2022-07-02,CZ,quantile,0.700,5
2022-06-05,4 wk ahead inc death,2022-07-02,DK,quantile,0.700,51
2022-06-05,4 wk ahead inc death,2022-07-02,EE,quantile,0.700,3
2022-06-05,4 wk ahead inc death,2022-07-02,FI,quantile,0.700,81
2022-06-05,4 wk ahead inc death,2022-07-02,FR,quantile,0.700,175
2022-06-05,4 wk ahead inc death,2022-07-02,DE,quantile,0.700,388
2022-06-05,4 wk ahead inc death,2022-07-02,GR,quantile,0.700,106
2022-06-05,4 wk ahead inc death,2022-07-02,HU,quantile,0.700,48
2022-06-05,4 wk ahead inc death,2022-07-02,IS,quantile,0.700,1
2022-06-05,4 wk ahead inc death,2022-07-02,IE,quantile,0.700,56
2022-06-05,4 wk ahead inc death,2022-07-02,IT,quantile,0.700,358
2022-06-05,4 wk ahead inc death,2022-07-02,LV,quantile,0.700,4
2022-06-05,4 wk ahead inc death,2022-07-02,LI,quantile,0.700,0
2022-06-05,4 wk ahead inc death,2022-07-02,LT,quantile,0.700,3
2022-06-05,4 wk ahead inc death,2022-07-02,LU,quantile,0.700,1
2022-06-05,4 wk ahead inc death,2022-07-02,MT,quantile,0.700,5
2022-06-05,4 wk ahead inc death,2022-07-02,NL,quantile,0.700,7
2022-06-05,4 wk ahead inc death,2022-07-02,NO,quantile,0.700,55
2022-06-05,4 wk ahead inc death,2022-07-02,PL,quantile,0.700,17
2022-06-05,4 wk ahead inc death,2022-07-02,PT,quantile,0.700,388
2022-06-05,4 wk ahead inc death,2022-07-02,RO,quantile,0.700,15
2022-06-05,4 wk ahead inc death,2022-07-02,SK,quantile,0.700,5
2022-06-05,4 wk ahead inc death,2022-07-02,SI,quantile,0.700,5
2022-06-05,4 wk ahead inc death,2022-07-02,ES,quantile,0.700,582
2022-06-05,4 wk ahead inc death,2022-07-02,SE,quantile,0.700,63
2022-06-05,4 wk ahead inc death,2022-07-02,CH,quantile,0.700,13
2022-06-05,4 wk ahead inc death,2022-07-02,GB,quantile,0.700,236
2022-06-05,5 wk ahead inc death,2022-07-09,AT,quantile,0.700,35
2022-06-05,5 wk ahead inc death,2022-07-09,BE,quantile,0.700,36
2022-06-05,5 wk ahead inc death,2022-07-09,BG,quantile,0.700,29
2022-06-05,5 wk ahead inc death,2022-07-09,HR,quantile,0.700,20
2022-06-05,5 wk ahead inc death,2022-07-09,CY,quantile,0.700,2
2022-06-05,5 wk ahead inc death,2022-07-09,CZ,quantile,0.700,4
2022-06-05,5 wk ahead inc death,2022-07-09,DK,quantile,0.700,89
2022-06-05,5 wk ahead inc death,2022-07-09,EE,quantile,0.700,3
2022-06-05,5 wk ahead inc death,2022-07-09,FI,quantile,0.700,80
2022-06-05,5 wk ahead inc death,2022-07-09,FR,quantile,0.700,196
2022-06-05,5 wk ahead inc death,2022-07-09,DE,quantile,0.700,348
2022-06-05,5 wk ahead inc death,2022-07-09,GR,quantile,0.700,105
2022-06-05,5 wk ahead inc death,2022-07-09,HU,quantile,0.700,41
2022-06-05,5 wk ahead inc death,2022-07-09,IS,quantile,0.700,1
2022-06-05,5 wk ahead inc death,2022-07-09,IE,quantile,0.700,43
2022-06-05,5 wk ahead inc death,2022-07-09,IT,quantile,0.700,370
2022-06-05,5 wk ahead inc death,2022-07-09,LV,quantile,0.700,4
2022-06-05,5 wk ahead inc death,2022-07-09,LI,quantile,0.700,0
2022-06-05,5 wk ahead inc death,2022-07-09,LT,quantile,0.700,4
2022-06-05,5 wk ahead inc death,2022-07-09,LU,quantile,0.700,1
2022-06-05,5 wk ahead inc death,2022-07-09,MT,quantile,0.700,6
2022-06-05,5 wk ahead inc death,2022-07-09,NL,quantile,0.700,10
2022-06-05,5 wk ahead inc death,2022-07-09,NO,quantile,0.700,78
2022-06-05,5 wk ahead inc death,2022-07-09,PL,quantile,0.700,16
2022-06-05,5 wk ahead inc death,2022-07-09,PT,quantile,0.700,400
2022-06-05,5 wk ahead inc death,2022-07-09,RO,quantile,0.700,13
2022-06-05,5 wk ahead inc death,2022-07-09,SK,quantile,0.700,4
2022-06-05,5 wk ahead inc death,2022-07-09,SI,quantile,0.700,5
2022-06-05,5 wk ahead inc death,2022-07-09,ES,quantile,0.700,551
2022-06-05,5 wk ahead inc death,2022-07-09,SE,quantile,0.700,89
2022-06-05,5 wk ahead inc death,2022-07-09,CH,quantile,0.700,16
2022-06-05,5 wk ahead inc death,2022-07-09,GB,quantile,0.700,234
2022-06-05,1 wk ahead inc death,2022-06-11,AT,quantile,0.750,33
2022-06-05,1 wk ahead inc death,2022-06-11,BE,quantile,0.750,57
2022-06-05,1 wk ahead inc death,2022-06-11,BG,quantile,0.750,51
2022-06-05,1 wk ahead inc death,2022-06-11,HR,quantile,0.750,35
2022-06-05,1 wk ahead inc death,2022-06-11,CY,quantile,0.750,4
2022-06-05,1 wk ahead inc death,2022-06-11,CZ,quantile,0.750,9
2022-06-05,1 wk ahead inc death,2022-06-11,DK,quantile,0.750,31
2022-06-05,1 wk ahead inc death,2022-06-11,EE,quantile,0.750,3
2022-06-05,1 wk ahead inc death,2022-06-11,FI,quantile,0.750,138
2022-06-05,1 wk ahead inc death,2022-06-11,FR,quantile,0.750,249
2022-06-05,1 wk ahead inc death,2022-06-11,DE,quantile,0.750,598
2022-06-05,1 wk ahead inc death,2022-06-11,GR,quantile,0.750,117
2022-06-05,1 wk ahead inc death,2022-06-11,HU,quantile,0.750,93
2022-06-05,1 wk ahead inc death,2022-06-11,IS,quantile,0.750,0
2022-06-05,1 wk ahead inc death,2022-06-11,IE,quantile,0.750,51
2022-06-05,1 wk ahead inc death,2022-06-11,IT,quantile,0.750,553
2022-06-05,1 wk ahead inc death,2022-06-11,LV,quantile,0.750,5
2022-06-05,1 wk ahead inc death,2022-06-11,LI,quantile,0.750,0
2022-06-05,1 wk ahead inc death,2022-06-11,LT,quantile,0.750,5
2022-06-05,1 wk ahead inc death,2022-06-11,LU,quantile,0.750,3
2022-06-05,1 wk ahead inc death,2022-06-11,MT,quantile,0.750,3
2022-06-05,1 wk ahead inc death,2022-06-11,NL,quantile,0.750,7
2022-06-05,1 wk ahead inc death,2022-06-11,NO,quantile,0.750,29
2022-06-05,1 wk ahead inc death,2022-06-11,PL,quantile,0.750,28
2022-06-05,1 wk ahead inc death,2022-06-11,PT,quantile,0.750,432
2022-06-05,1 wk ahead inc death,2022-06-11,RO,quantile,0.750,28
2022-06-05,1 wk ahead inc death,2022-06-11,SK,quantile,0.750,13
2022-06-05,1 wk ahead inc death,2022-06-11,SI,quantile,0.750,10
2022-06-05,1 wk ahead inc death,2022-06-11,ES,quantile,0.750,778
2022-06-05,1 wk ahead inc death,2022-06-11,SE,quantile,0.750,41
2022-06-05,1 wk ahead inc death,2022-06-11,CH,quantile,0.750,14
2022-06-05,1 wk ahead inc death,2022-06-11,GB,quantile,0.750,445
2022-06-05,2 wk ahead inc death,2022-06-18,AT,quantile,0.750,27
2022-06-05,2 wk ahead inc death,2022-06-18,BE,quantile,0.750,45
2022-06-05,2 wk ahead inc death,2022-06-18,BG,quantile,0.750,43
2022-06-05,2 wk ahead inc death,2022-06-18,HR,quantile,0.750,36
2022-06-05,2 wk ahead inc death,2022-06-18,CY,quantile,0.750,3
2022-06-05,2 wk ahead inc death,2022-06-18,CZ,quantile,0.750,7
2022-06-05,2 wk ahead inc death,2022-06-18,DK,quantile,0.750,31
2022-06-05,2 wk ahead inc death,2022-06-18,EE,quantile,0.750,3
2022-06-05,2 wk ahead inc death,2022-06-18,FI,quantile,0.750,107
2022-06-05,2 wk ahead inc death,2022-06-18,FR,quantile,0.750,190
2022-06-05,2 wk ahead inc death,2022-06-18,DE,quantile,0.750,475
2022-06-05,2 wk ahead inc death,2022-06-18,GR,quantile,0.750,112
2022-06-05,2 wk ahead inc death,2022-06-18,HU,quantile,0.750,78
2022-06-05,2 wk ahead inc death,2022-06-18,IS,quantile,0.750,0
2022-06-05,2 wk ahead inc death,2022-06-18,IE,quantile,0.750,63
2022-06-05,2 wk ahead inc death,2022-06-18,IT,quantile,0.750,433
2022-06-05,2 wk ahead inc death,2022-06-18,LV,quantile,0.750,5
2022-06-05,2 wk ahead inc death,2022-06-18,LI,quantile,0.750,0
2022-06-05,2 wk ahead inc death,2022-06-18,LT,quantile,0.750,4
2022-06-05,2 wk ahead inc death,2022-06-18,LU,quantile,0.750,2
2022-06-05,2 wk ahead inc death,2022-06-18,MT,quantile,0.750,3
2022-06-05,2 wk ahead inc death,2022-06-18,NL,quantile,0.750,6
2022-06-05,2 wk ahead inc death,2022-06-18,NO,quantile,0.750,33
2022-06-05,2 wk ahead inc death,2022-06-18,PL,quantile,0.750,23
2022-06-05,2 wk ahead inc death,2022-06-18,PT,quantile,0.750,472
2022-06-05,2 wk ahead inc death,2022-06-18,RO,quantile,0.750,25
2022-06-05,2 wk ahead inc death,2022-06-18,SK,quantile,0.750,10
2022-06-05,2 wk ahead inc death,2022-06-18,SI,quantile,0.750,8
2022-06-05,2 wk ahead inc death,2022-06-18,ES,quantile,0.750,796
2022-06-05,2 wk ahead inc death,2022-06-18,SE,quantile,0.750,40
2022-06-05,2 wk ahead inc death,2022-06-18,CH,quantile,0.750,13
2022-06-05,2 wk ahead inc death,2022-06-18,GB,quantile,0.750,387
2022-06-05,3 wk ahead inc death,2022-06-25,AT,quantile,0.750,26
2022-06-05,3 wk ahead inc death,2022-06-25,BE,quantile,0.750,36
2022-06-05,3 wk ahead inc death,2022-06-25,BG,quantile,0.750,38
2022-06-05,3 wk ahead inc death,2022-06-25,HR,quantile,0.750,35
2022-06-05,3 wk ahead inc death,2022-06-25,CY,quantile,0.750,2
2022-06-05,3 wk ahead inc death,2022-06-25,CZ,quantile,0.750,6
2022-06-05,3 wk ahead inc death,2022-06-25,DK,quantile,0.750,36
2022-06-05,3 wk ahead inc death,2022-06-25,EE,quantile,0.750,2
2022-06-05,3 wk ahead inc death,2022-06-25,FI,quantile,0.750,94
2022-06-05,3 wk ahead inc death,2022-06-25,FR,quantile,0.750,180
2022-06-05,3 wk ahead inc death,2022-06-25,DE,quantile,0.750,430
2022-06-05,3 wk ahead inc death,2022-06-25,GR,quantile,0.750,108
2022-06-05,3 wk ahead inc death,2022-06-25,HU,quantile,0.750,57
2022-06-05,3 wk ahead inc death,2022-06-25,IS,quantile,0.750,0
2022-06-05,3 wk ahead inc death,2022-06-25,IE,quantile,0.750,63
2022-06-05,3 wk ahead inc death,2022-06-25,IT,quantile,0.750,373
2022-06-05,3 wk ahead inc death,2022-06-25,LV,quantile,0.750,4
2022-06-05,3 wk ahead inc death,2022-06-25,LI,quantile,0.750,0
2022-06-05,3 wk ahead inc death,2022-06-25,LT,quantile,0.750,3
2022-06-05,3 wk ahead inc death,2022-06-25,LU,quantile,0.750,2
2022-06-05,3 wk ahead inc death,2022-06-25,MT,quantile,0.750,4
2022-06-05,3 wk ahead inc death,2022-06-25,NL,quantile,0.750,6
2022-06-05,3 wk ahead inc death,2022-06-25,NO,quantile,0.750,41
2022-06-05,3 wk ahead inc death,2022-06-25,PL,quantile,0.750,20
2022-06-05,3 wk ahead inc death,2022-06-25,PT,quantile,0.750,498
2022-06-05,3 wk ahead inc death,2022-06-25,RO,quantile,0.750,23
2022-06-05,3 wk ahead inc death,2022-06-25,SK,quantile,0.750,7
2022-06-05,3 wk ahead inc death,2022-06-25,SI,quantile,0.750,6
2022-06-05,3 wk ahead inc death,2022-06-25,ES,quantile,0.750,760
2022-06-05,3 wk ahead inc death,2022-06-25,SE,quantile,0.750,47
2022-06-05,3 wk ahead inc death,2022-06-25,CH,quantile,0.750,14
2022-06-05,3 wk ahead inc death,2022-06-25,GB,quantile,0.750,330
2022-06-05,4 wk ahead inc death,2022-07-02,AT,quantile,0.750,30
2022-06-05,4 wk ahead inc death,2022-07-02,BE,quantile,0.750,34
2022-06-05,4 wk ahead inc death,2022-07-02,BG,quantile,0.750,33
2022-06-05,4 wk ahead inc death,2022-07-02,HR,quantile,0.750,30
2022-06-05,4 wk ahead inc death,2022-07-02,CY,quantile,0.750,2
2022-06-05,4 wk ahead inc death,2022-07-02,CZ,quantile,0.750,5
2022-06-05,4 wk ahead inc death,2022-07-02,DK,quantile,0.750,55
2022-06-05,4 wk ahead inc death,2022-07-02,EE,quantile,0.750,3
2022-06-05,4 wk ahead inc death,2022-07-02,FI,quantile,0.750,82
2022-06-05,4 wk ahead inc death,2022-07-02,FR,quantile,0.750,182
2022-06-05,4 wk ahead inc death,2022-07-02,DE,quantile,0.750,392
2022-06-05,4 wk ahead inc death,2022-07-02,GR,quantile,0.750,107
2022-06-05,4 wk ahead inc death,2022-07-02,HU,quantile,0.750,48
2022-06-05,4 wk ahead inc death,2022-07-02,IS,quantile,0.750,1
2022-06-05,4 wk ahead inc death,2022-07-02,IE,quantile,0.750,57
2022-06-05,4 wk ahead inc death,2022-07-02,IT,quantile,0.750,365
2022-06-05,4 wk ahead inc death,2022-07-02,LV,quantile,0.750,4
2022-06-05,4 wk ahead inc death,2022-07-02,LI,quantile,0.750,0
2022-06-05,4 wk ahead inc death,2022-07-02,LT,quantile,0.750,4
2022-06-05,4 wk ahead inc death,2022-07-02,LU,quantile,0.750,1
2022-06-05,4 wk ahead inc death,2022-07-02,MT,quantile,0.750,5
2022-06-05,4 wk ahead inc death,2022-07-02,NL,quantile,0.750,8
2022-06-05,4 wk ahead inc death,2022-07-02,NO,quantile,0.750,56
2022-06-05,4 wk ahead inc death,2022-07-02,PL,quantile,0.750,17
2022-06-05,4 wk ahead inc death,2022-07-02,PT,quantile,0.750,503
2022-06-05,4 wk ahead inc death,2022-07-02,RO,quantile,0.750,19
2022-06-05,4 wk ahead inc death,2022-07-02,SK,quantile,0.750,5
2022-06-05,4 wk ahead inc death,2022-07-02,SI,quantile,0.750,5
2022-06-05,4 wk ahead inc death,2022-07-02,ES,quantile,0.750,735
2022-06-05,4 wk ahead inc death,2022-07-02,SE,quantile,0.750,67
2022-06-05,4 wk ahead inc death,2022-07-02,CH,quantile,0.750,15
2022-06-05,4 wk ahead inc death,2022-07-02,GB,quantile,0.750,285
2022-06-05,5 wk ahead inc death,2022-07-09,AT,quantile,0.750,36
2022-06-05,5 wk ahead inc death,2022-07-09,BE,quantile,0.750,38
2022-06-05,5 wk ahead inc death,2022-07-09,BG,quantile,0.750,30
2022-06-05,5 wk ahead inc death,2022-07-09,HR,quantile,0.750,24
2022-06-05,5 wk ahead inc death,2022-07-09,CY,quantile,0.750,2
2022-06-05,5 wk ahead inc death,2022-07-09,CZ,quantile,0.750,4
2022-06-05,5 wk ahead inc death,2022-07-09,DK,quantile,0.750,94
2022-06-05,5 wk ahead inc death,2022-07-09,EE,quantile,0.750,3
2022-06-05,5 wk ahead inc death,2022-07-09,FI,quantile,0.750,90
2022-06-05,5 wk ahead inc death,2022-07-09,FR,quantile,0.750,198
2022-06-05,5 wk ahead inc death,2022-07-09,DE,quantile,0.750,371
2022-06-05,5 wk ahead inc death,2022-07-09,GR,quantile,0.750,107
2022-06-05,5 wk ahead inc death,2022-07-09,HU,quantile,0.750,42
2022-06-05,5 wk ahead inc death,2022-07-09,IS,quantile,0.750,1
2022-06-05,5 wk ahead inc death,2022-07-09,IE,quantile,0.750,44
2022-06-05,5 wk ahead inc death,2022-07-09,IT,quantile,0.750,375
2022-06-05,5 wk ahead inc death,2022-07-09,LV,quantile,0.750,4
2022-06-05,5 wk ahead inc death,2022-07-09,LI,quantile,0.750,0
2022-06-05,5 wk ahead inc death,2022-07-09,LT,quantile,0.750,4
2022-06-05,5 wk ahead inc death,2022-07-09,LU,quantile,0.750,1
2022-06-05,5 wk ahead inc death,2022-07-09,MT,quantile,0.750,8
2022-06-05,5 wk ahead inc death,2022-07-09,NL,quantile,0.750,10
2022-06-05,5 wk ahead inc death,2022-07-09,NO,quantile,0.750,94
2022-06-05,5 wk ahead inc death,2022-07-09,PL,quantile,0.750,16
2022-06-05,5 wk ahead inc death,2022-07-09,PT,quantile,0.750,487
2022-06-05,5 wk ahead inc death,2022-07-09,RO,quantile,0.750,15
2022-06-05,5 wk ahead inc death,2022-07-09,SK,quantile,0.750,4
2022-06-05,5 wk ahead inc death,2022-07-09,SI,quantile,0.750,5
2022-06-05,5 wk ahead inc death,2022-07-09,ES,quantile,0.750,691
2022-06-05,5 wk ahead inc death,2022-07-09,SE,quantile,0.750,92
2022-06-05,5 wk ahead inc death,2022-07-09,CH,quantile,0.750,16
2022-06-05,5 wk ahead inc death,2022-07-09,GB,quantile,0.750,273
2022-06-05,1 wk ahead inc death,2022-06-11,AT,quantile,0.800,36
2022-06-05,1 wk ahead inc death,2022-06-11,BE,quantile,0.800,57
2022-06-05,1 wk ahead inc death,2022-06-11,BG,quantile,0.800,64
2022-06-05,1 wk ahead inc death,2022-06-11,HR,quantile,0.800,35
2022-06-05,1 wk ahead inc death,2022-06-11,CY,quantile,0.800,4
2022-06-05,1 wk ahead inc death,2022-06-11,CZ,quantile,0.800,10
2022-06-05,1 wk ahead inc death,2022-06-11,DK,quantile,0.800,33
2022-06-05,1 wk ahead inc death,2022-06-11,EE,quantile,0.800,3
2022-06-05,1 wk ahead inc death,2022-06-11,FI,quantile,0.800,138
2022-06-05,1 wk ahead inc death,2022-06-11,FR,quantile,0.800,249
2022-06-05,1 wk ahead inc death,2022-06-11,DE,quantile,0.800,719
2022-06-05,1 wk ahead inc death,2022-06-11,GR,quantile,0.800,117
2022-06-05,1 wk ahead inc death,2022-06-11,HU,quantile,0.800,93
2022-06-05,1 wk ahead inc death,2022-06-11,IS,quantile,0.800,0
2022-06-05,1 wk ahead inc death,2022-06-11,IE,quantile,0.800,51
2022-06-05,1 wk ahead inc death,2022-06-11,IT,quantile,0.800,553
2022-06-05,1 wk ahead inc death,2022-06-11,LV,quantile,0.800,5
2022-06-05,1 wk ahead inc death,2022-06-11,LI,quantile,0.800,0
2022-06-05,1 wk ahead inc death,2022-06-11,LT,quantile,0.800,5
2022-06-05,1 wk ahead inc death,2022-06-11,LU,quantile,0.800,3
2022-06-05,1 wk ahead inc death,2022-06-11,MT,quantile,0.800,3
2022-06-05,1 wk ahead inc death,2022-06-11,NL,quantile,0.800,7
2022-06-05,1 wk ahead inc death,2022-06-11,NO,quantile,0.800,29
2022-06-05,1 wk ahead inc death,2022-06-11,PL,quantile,0.800,28
2022-06-05,1 wk ahead inc death,2022-06-11,PT,quantile,0.800,432
2022-06-05,1 wk ahead inc death,2022-06-11,RO,quantile,0.800,32
2022-06-05,1 wk ahead inc death,2022-06-11,SK,quantile,0.800,22
2022-06-05,1 wk ahead inc death,2022-06-11,SI,quantile,0.800,12
2022-06-05,1 wk ahead inc death,2022-06-11,ES,quantile,0.800,778
2022-06-05,1 wk ahead inc death,2022-06-11,SE,quantile,0.800,47
2022-06-05,1 wk ahead inc death,2022-06-11,CH,quantile,0.800,20
2022-06-05,1 wk ahead inc death,2022-06-11,GB,quantile,0.800,445
2022-06-05,2 wk ahead inc death,2022-06-18,AT,quantile,0.800,32
2022-06-05,2 wk ahead inc death,2022-06-18,BE,quantile,0.800,45
2022-06-05,2 wk ahead inc death,2022-06-18,BG,quantile,0.800,52
2022-06-05,2 wk ahead inc death,2022-06-18,HR,quantile,0.800,36
2022-06-05,2 wk ahead inc death,2022-06-18,CY,quantile,0.800,3
2022-06-05,2 wk ahead inc death,2022-06-18,CZ,quantile,0.800,7
2022-06-05,2 wk ahead inc death,2022-06-18,DK,quantile,0.800,34
2022-06-05,2 wk ahead inc death,2022-06-18,EE,quantile,0.800,3
2022-06-05,2 wk ahead inc death,2022-06-18,FI,quantile,0.800,108
2022-06-05,2 wk ahead inc death,2022-06-18,FR,quantile,0.800,190
2022-06-05,2 wk ahead inc death,2022-06-18,DE,quantile,0.800,644
2022-06-05,2 wk ahead inc death,2022-06-18,GR,quantile,0.800,112
2022-06-05,2 wk ahead inc death,2022-06-18,HU,quantile,0.800,78
2022-06-05,2 wk ahead inc death,2022-06-18,IS,quantile,0.800,0
2022-06-05,2 wk ahead inc death,2022-06-18,IE,quantile,0.800,63
2022-06-05,2 wk ahead inc death,2022-06-18,IT,quantile,0.800,433
2022-06-05,2 wk ahead inc death,2022-06-18,LV,quantile,0.800,5
2022-06-05,2 wk ahead inc death,2022-06-18,LI,quantile,0.800,0
2022-06-05,2 wk ahead inc death,2022-06-18,LT,quantile,0.800,4
2022-06-05,2 wk ahead inc death,2022-06-18,LU,quantile,0.800,3
2022-06-05,2 wk ahead inc death,2022-06-18,MT,quantile,0.800,4
2022-06-05,2 wk ahead inc death,2022-06-18,NL,quantile,0.800,6
2022-06-05,2 wk ahead inc death,2022-06-18,NO,quantile,0.800,35
2022-06-05,2 wk ahead inc death,2022-06-18,PL,quantile,0.800,23
2022-06-05,2 wk ahead inc death,2022-06-18,PT,quantile,0.800,474
2022-06-05,2 wk ahead inc death,2022-06-18,RO,quantile,0.800,27
2022-06-05,2 wk ahead inc death,2022-06-18,SK,quantile,0.800,16
2022-06-05,2 wk ahead inc death,2022-06-18,SI,quantile,0.800,10
2022-06-05,2 wk ahead inc death,2022-06-18,ES,quantile,0.800,796
2022-06-05,2 wk ahead inc death,2022-06-18,SE,quantile,0.800,47
2022-06-05,2 wk ahead inc death,2022-06-18,CH,quantile,0.800,18
2022-06-05,2 wk ahead inc death,2022-06-18,GB,quantile,0.800,387
2022-06-05,3 wk ahead inc death,2022-06-25,AT,quantile,0.800,31
2022-06-05,3 wk ahead inc death,2022-06-25,BE,quantile,0.800,38
2022-06-05,3 wk ahead inc death,2022-06-25,BG,quantile,0.800,47
2022-06-05,3 wk ahead inc death,2022-06-25,HR,quantile,0.800,35
2022-06-05,3 wk ahead inc death,2022-06-25,CY,quantile,0.800,2
2022-06-05,3 wk ahead inc death,2022-06-25,CZ,quantile,0.800,6
2022-06-05,3 wk ahead inc death,2022-06-25,DK,quantile,0.800,36
2022-06-05,3 wk ahead inc death,2022-06-25,EE,quantile,0.800,2
2022-06-05,3 wk ahead inc death,2022-06-25,FI,quantile,0.800,102
2022-06-05,3 wk ahead inc death,2022-06-25,FR,quantile,0.800,183
2022-06-05,3 wk ahead inc death,2022-06-25,DE,quantile,0.800,574
2022-06-05,3 wk ahead inc death,2022-06-25,GR,quantile,0.800,108
2022-06-05,3 wk ahead inc death,2022-06-25,HU,quantile,0.800,57
2022-06-05,3 wk ahead inc death,2022-06-25,IS,quantile,0.800,0
2022-06-05,3 wk ahead inc death,2022-06-25,IE,quantile,0.800,63
2022-06-05,3 wk ahead inc death,2022-06-25,IT,quantile,0.800,382
2022-06-05,3 wk ahead inc death,2022-06-25,LV,quantile,0.800,5
2022-06-05,3 wk ahead inc death,2022-06-25,LI,quantile,0.800,0
2022-06-05,3 wk ahead inc death,2022-06-25,LT,quantile,0.800,4
2022-06-05,3 wk ahead inc death,2022-06-25,LU,quantile,0.800,2
2022-06-05,3 wk ahead inc death,2022-06-25,MT,quantile,0.800,4
2022-06-05,3 wk ahead inc death,2022-06-25,NL,quantile,0.800,7
2022-06-05,3 wk ahead inc death,2022-06-25,NO,quantile,0.800,43
2022-06-05,3 wk ahead inc death,2022-06-25,PL,quantile,0.800,20
2022-06-05,3 wk ahead inc death,2022-06-25,PT,quantile,0.800,513
2022-06-05,3 wk ahead inc death,2022-06-25,RO,quantile,0.800,23
2022-06-05,3 wk ahead inc death,2022-06-25,SK,quantile,0.800,10
2022-06-05,3 wk ahead inc death,2022-06-25,SI,quantile,0.800,8
2022-06-05,3 wk ahead inc death,2022-06-25,ES,quantile,0.800,760
2022-06-05,3 wk ahead inc death,2022-06-25,SE,quantile,0.800,51
2022-06-05,3 wk ahead inc death,2022-06-25,CH,quantile,0.800,16
2022-06-05,3 wk ahead inc death,2022-06-25,GB,quantile,0.800,330
2022-06-05,4 wk ahead inc death,2022-07-02,AT,quantile,0.800,32
2022-06-05,4 wk ahead inc death,2022-07-02,BE,quantile,0.800,34
2022-06-05,4 wk ahead inc death,2022-07-02,BG,quantile,0.800,43
2022-06-05,4 wk ahead inc death,2022-07-02,HR,quantile,0.800,30
2022-06-05,4 wk ahead inc death,2022-07-02,CY,quantile,0.800,2
2022-06-05,4 wk ahead inc death,2022-07-02,CZ,quantile,0.800,5
2022-06-05,4 wk ahead inc death,2022-07-02,DK,quantile,0.800,56
2022-06-05,4 wk ahead inc death,2022-07-02,EE,quantile,0.800,3
2022-06-05,4 wk ahead inc death,2022-07-02,FI,quantile,0.800,93
2022-06-05,4 wk ahead inc death,2022-07-02,FR,quantile,0.800,185
2022-06-05,4 wk ahead inc death,2022-07-02,DE,quantile,0.800,524
2022-06-05,4 wk ahead inc death,2022-07-02,GR,quantile,0.800,107
2022-06-05,4 wk ahead inc death,2022-07-02,HU,quantile,0.800,49
2022-06-05,4 wk ahead inc death,2022-07-02,IS,quantile,0.800,1
2022-06-05,4 wk ahead inc death,2022-07-02,IE,quantile,0.800,57
2022-06-05,4 wk ahead inc death,2022-07-02,IT,quantile,0.800,373
2022-06-05,4 wk ahead inc death,2022-07-02,LV,quantile,0.800,4
2022-06-05,4 wk ahead inc death,2022-07-02,LI,quantile,0.800,0
2022-06-05,4 wk ahead inc death,2022-07-02,LT,quantile,0.800,4
2022-06-05,4 wk ahead inc death,2022-07-02,LU,quantile,0.800,2
2022-06-05,4 wk ahead inc death,2022-07-02,MT,quantile,0.800,5
2022-06-05,4 wk ahead inc death,2022-07-02,NL,quantile,0.800,8
2022-06-05,4 wk ahead inc death,2022-07-02,NO,quantile,0.800,62
2022-06-05,4 wk ahead inc death,2022-07-02,PL,quantile,0.800,18
2022-06-05,4 wk ahead inc death,2022-07-02,PT,quantile,0.800,522
2022-06-05,4 wk ahead inc death,2022-07-02,RO,quantile,0.800,19
2022-06-05,4 wk ahead inc death,2022-07-02,SK,quantile,0.800,6
2022-06-05,4 wk ahead inc death,2022-07-02,SI,quantile,0.800,7
2022-06-05,4 wk ahead inc death,2022-07-02,ES,quantile,0.800,735
2022-06-05,4 wk ahead inc death,2022-07-02,SE,quantile,0.800,69
2022-06-05,4 wk ahead inc death,2022-07-02,CH,quantile,0.800,16
2022-06-05,4 wk ahead inc death,2022-07-02,GB,quantile,0.800,287
2022-06-05,5 wk ahead inc death,2022-07-09,AT,quantile,0.800,36
2022-06-05,5 wk ahead inc death,2022-07-09,BE,quantile,0.800,41
2022-06-05,5 wk ahead inc death,2022-07-09,BG,quantile,0.800,41
2022-06-05,5 wk ahead inc death,2022-07-09,HR,quantile,0.800,24
2022-06-05,5 wk ahead inc death,2022-07-09,CY,quantile,0.800,3
2022-06-05,5 wk ahead inc death,2022-07-09,CZ,quantile,0.800,5
2022-06-05,5 wk ahead inc death,2022-07-09,DK,quantile,0.800,99
2022-06-05,5 wk ahead inc death,2022-07-09,EE,quantile,0.800,3
2022-06-05,5 wk ahead inc death,2022-07-09,FI,quantile,0.800,93
2022-06-05,5 wk ahead inc death,2022-07-09,FR,quantile,0.800,200
2022-06-05,5 wk ahead inc death,2022-07-09,DE,quantile,0.800,446
2022-06-05,5 wk ahead inc death,2022-07-09,GR,quantile,0.800,108
2022-06-05,5 wk ahead inc death,2022-07-09,HU,quantile,0.800,44
2022-06-05,5 wk ahead inc death,2022-07-09,IS,quantile,0.800,1
2022-06-05,5 wk ahead inc death,2022-07-09,IE,quantile,0.800,47
2022-06-05,5 wk ahead inc death,2022-07-09,IT,quantile,0.800,380
2022-06-05,5 wk ahead inc death,2022-07-09,LV,quantile,0.800,4
2022-06-05,5 wk ahead inc death,2022-07-09,LI,quantile,0.800,0
2022-06-05,5 wk ahead inc death,2022-07-09,LT,quantile,0.800,4
2022-06-05,5 wk ahead inc death,2022-07-09,LU,quantile,0.800,1
2022-06-05,5 wk ahead inc death,2022-07-09,MT,quantile,0.800,8
2022-06-05,5 wk ahead inc death,2022-07-09,NL,quantile,0.800,11
2022-06-05,5 wk ahead inc death,2022-07-09,NO,quantile,0.800,103
2022-06-05,5 wk ahead inc death,2022-07-09,PL,quantile,0.800,16
2022-06-05,5 wk ahead inc death,2022-07-09,PT,quantile,0.800,505
2022-06-05,5 wk ahead inc death,2022-07-09,RO,quantile,0.800,15
2022-06-05,5 wk ahead inc death,2022-07-09,SK,quantile,0.800,4
2022-06-05,5 wk ahead inc death,2022-07-09,SI,quantile,0.800,6
2022-06-05,5 wk ahead inc death,2022-07-09,ES,quantile,0.800,694
2022-06-05,5 wk ahead inc death,2022-07-09,SE,quantile,0.800,97
2022-06-05,5 wk ahead inc death,2022-07-09,CH,quantile,0.800,19
2022-06-05,5 wk ahead inc death,2022-07-09,GB,quantile,0.800,281
2022-06-05,1 wk ahead inc death,2022-06-11,AT,quantile,0.850,36
2022-06-05,1 wk ahead inc death,2022-06-11,BE,quantile,0.850,61
2022-06-05,1 wk ahead inc death,2022-06-11,BG,quantile,0.850,64
2022-06-05,1 wk ahead inc death,2022-06-11,HR,quantile,0.850,37
2022-06-05,1 wk ahead inc death,2022-06-11,CY,quantile,0.850,6
2022-06-05,1 wk ahead inc death,2022-06-11,CZ,quantile,0.850,10
2022-06-05,1 wk ahead inc death,2022-06-11,DK,quantile,0.850,35
2022-06-05,1 wk ahead inc death,2022-06-11,EE,quantile,0.850,3
2022-06-05,1 wk ahead inc death,2022-06-11,FI,quantile,0.850,217
2022-06-05,1 wk ahead inc death,2022-06-11,FR,quantile,0.850,249
2022-06-05,1 wk ahead inc death,2022-06-11,DE,quantile,0.850,719
2022-06-05,1 wk ahead inc death,2022-06-11,GR,quantile,0.850,131
2022-06-05,1 wk ahead inc death,2022-06-11,HU,quantile,0.850,110
2022-06-05,1 wk ahead inc death,2022-06-11,IS,quantile,0.850,0
2022-06-05,1 wk ahead inc death,2022-06-11,IE,quantile,0.850,58
2022-06-05,1 wk ahead inc death,2022-06-11,IT,quantile,0.850,553
2022-06-05,1 wk ahead inc death,2022-06-11,LV,quantile,0.850,5
2022-06-05,1 wk ahead inc death,2022-06-11,LI,quantile,0.850,0
2022-06-05,1 wk ahead inc death,2022-06-11,LT,quantile,0.850,6
2022-06-05,1 wk ahead inc death,2022-06-11,LU,quantile,0.850,4
2022-06-05,1 wk ahead inc death,2022-06-11,MT,quantile,0.850,3
2022-06-05,1 wk ahead inc death,2022-06-11,NL,quantile,0.850,8
2022-06-05,1 wk ahead inc death,2022-06-11,NO,quantile,0.850,29
2022-06-05,1 wk ahead inc death,2022-06-11,PL,quantile,0.850,32
2022-06-05,1 wk ahead inc death,2022-06-11,PT,quantile,0.850,432
2022-06-05,1 wk ahead inc death,2022-06-11,RO,quantile,0.850,32
2022-06-05,1 wk ahead inc death,2022-06-11,SK,quantile,0.850,22
2022-06-05,1 wk ahead inc death,2022-06-11,SI,quantile,0.850,17
2022-06-05,1 wk ahead inc death,2022-06-11,ES,quantile,0.850,778
2022-06-05,1 wk ahead inc death,2022-06-11,SE,quantile,0.850,62
2022-06-05,1 wk ahead inc death,2022-06-11,CH,quantile,0.850,20
2022-06-05,1 wk ahead inc death,2022-06-11,GB,quantile,0.850,580
2022-06-05,2 wk ahead inc death,2022-06-18,AT,quantile,0.850,32
2022-06-05,2 wk ahead inc death,2022-06-18,BE,quantile,0.850,48
2022-06-05,2 wk ahead inc death,2022-06-18,BG,quantile,0.850,52
2022-06-05,2 wk ahead inc death,2022-06-18,HR,quantile,0.850,39
2022-06-05,2 wk ahead inc death,2022-06-18,CY,quantile,0.850,5
2022-06-05,2 wk ahead inc death,2022-06-18,CZ,quantile,0.850,7
2022-06-05,2 wk ahead inc death,2022-06-18,DK,quantile,0.850,36
2022-06-05,2 wk ahead inc death,2022-06-18,EE,quantile,0.850,3
2022-06-05,2 wk ahead inc death,2022-06-18,FI,quantile,0.850,213
2022-06-05,2 wk ahead inc death,2022-06-18,FR,quantile,0.850,190
2022-06-05,2 wk ahead inc death,2022-06-18,DE,quantile,0.850,644
2022-06-05,2 wk ahead inc death,2022-06-18,GR,quantile,0.850,129
2022-06-05,2 wk ahead inc death,2022-06-18,HU,quantile,0.850,107
2022-06-05,2 wk ahead inc death,2022-06-18,IS,quantile,0.850,0
2022-06-05,2 wk ahead inc death,2022-06-18,IE,quantile,0.850,66
2022-06-05,2 wk ahead inc death,2022-06-18,IT,quantile,0.850,433
2022-06-05,2 wk ahead inc death,2022-06-18,LV,quantile,0.850,5
2022-06-05,2 wk ahead inc death,2022-06-18,LI,quantile,0.850,0
2022-06-05,2 wk ahead inc death,2022-06-18,LT,quantile,0.850,5
2022-06-05,2 wk ahead inc death,2022-06-18,LU,quantile,0.850,3
2022-06-05,2 wk ahead inc death,2022-06-18,MT,quantile,0.850,4
2022-06-05,2 wk ahead inc death,2022-06-18,NL,quantile,0.850,7
2022-06-05,2 wk ahead inc death,2022-06-18,NO,quantile,0.850,35
2022-06-05,2 wk ahead inc death,2022-06-18,PL,quantile,0.850,28
2022-06-05,2 wk ahead inc death,2022-06-18,PT,quantile,0.850,475
2022-06-05,2 wk ahead inc death,2022-06-18,RO,quantile,0.850,27
2022-06-05,2 wk ahead inc death,2022-06-18,SK,quantile,0.850,16
2022-06-05,2 wk ahead inc death,2022-06-18,SI,quantile,0.850,13
2022-06-05,2 wk ahead inc death,2022-06-18,ES,quantile,0.850,796
2022-06-05,2 wk ahead inc death,2022-06-18,SE,quantile,0.850,61
2022-06-05,2 wk ahead inc death,2022-06-18,CH,quantile,0.850,18
2022-06-05,2 wk ahead inc death,2022-06-18,GB,quantile,0.850,464
2022-06-05,3 wk ahead inc death,2022-06-25,AT,quantile,0.850,31
2022-06-05,3 wk ahead inc death,2022-06-25,BE,quantile,0.850,38
2022-06-05,3 wk ahead inc death,2022-06-25,BG,quantile,0.850,47
2022-06-05,3 wk ahead inc death,2022-06-25,HR,quantile,0.850,37
2022-06-05,3 wk ahead inc death,2022-06-25,CY,quantile,0.850,4
2022-06-05,3 wk ahead inc death,2022-06-25,CZ,quantile,0.850,6
2022-06-05,3 wk ahead inc death,2022-06-25,DK,quantile,0.850,37
2022-06-05,3 wk ahead inc death,2022-06-25,EE,quantile,0.850,2
2022-06-05,3 wk ahead inc death,2022-06-25,FI,quantile,0.850,162
2022-06-05,3 wk ahead inc death,2022-06-25,FR,quantile,0.850,183
2022-06-05,3 wk ahead inc death,2022-06-25,DE,quantile,0.850,574
2022-06-05,3 wk ahead inc death,2022-06-25,GR,quantile,0.850,127
2022-06-05,3 wk ahead inc death,2022-06-25,HU,quantile,0.850,75
2022-06-05,3 wk ahead inc death,2022-06-25,IS,quantile,0.850,0
2022-06-05,3 wk ahead inc death,2022-06-25,IE,quantile,0.850,79
2022-06-05,3 wk ahead inc death,2022-06-25,IT,quantile,0.850,383
2022-06-05,3 wk ahead inc death,2022-06-25,LV,quantile,0.850,5
2022-06-05,3 wk ahead inc death,2022-06-25,LI,quantile,0.850,0
2022-06-05,3 wk ahead inc death,2022-06-25,LT,quantile,0.850,5
2022-06-05,3 wk ahead inc death,2022-06-25,LU,quantile,0.850,3
2022-06-05,3 wk ahead inc death,2022-06-25,MT,quantile,0.850,4
2022-06-05,3 wk ahead inc death,2022-06-25,NL,quantile,0.850,8
2022-06-05,3 wk ahead inc death,2022-06-25,NO,quantile,0.850,46
2022-06-05,3 wk ahead inc death,2022-06-25,PL,quantile,0.850,26
2022-06-05,3 wk ahead inc death,2022-06-25,PT,quantile,0.850,519
2022-06-05,3 wk ahead inc death,2022-06-25,RO,quantile,0.850,23
2022-06-05,3 wk ahead inc death,2022-06-25,SK,quantile,0.850,10
2022-06-05,3 wk ahead inc death,2022-06-25,SI,quantile,0.850,10
2022-06-05,3 wk ahead inc death,2022-06-25,ES,quantile,0.850,760
2022-06-05,3 wk ahead inc death,2022-06-25,SE,quantile,0.850,65
2022-06-05,3 wk ahead inc death,2022-06-25,CH,quantile,0.850,17
2022-06-05,3 wk ahead inc death,2022-06-25,GB,quantile,0.850,358
2022-06-05,4 wk ahead inc death,2022-07-02,AT,quantile,0.850,33
2022-06-05,4 wk ahead inc death,2022-07-02,BE,quantile,0.850,35
2022-06-05,4 wk ahead inc death,2022-07-02,BG,quantile,0.850,44
2022-06-05,4 wk ahead inc death,2022-07-02,HR,quantile,0.850,32
2022-06-05,4 wk ahead inc death,2022-07-02,CY,quantile,0.850,4
2022-06-05,4 wk ahead inc death,2022-07-02,CZ,quantile,0.850,6
2022-06-05,4 wk ahead inc death,2022-07-02,DK,quantile,0.850,61
2022-06-05,4 wk ahead inc death,2022-07-02,EE,quantile,0.850,3
2022-06-05,4 wk ahead inc death,2022-07-02,FI,quantile,0.850,130
2022-06-05,4 wk ahead inc death,2022-07-02,FR,quantile,0.850,187
2022-06-05,4 wk ahead inc death,2022-07-02,DE,quantile,0.850,525
2022-06-05,4 wk ahead inc death,2022-07-02,GR,quantile,0.850,128
2022-06-05,4 wk ahead inc death,2022-07-02,HU,quantile,0.850,60
2022-06-05,4 wk ahead inc death,2022-07-02,IS,quantile,0.850,1
2022-06-05,4 wk ahead inc death,2022-07-02,IE,quantile,0.850,81
2022-06-05,4 wk ahead inc death,2022-07-02,IT,quantile,0.850,376
2022-06-05,4 wk ahead inc death,2022-07-02,LV,quantile,0.850,5
2022-06-05,4 wk ahead inc death,2022-07-02,LI,quantile,0.850,0
2022-06-05,4 wk ahead inc death,2022-07-02,LT,quantile,0.850,5
2022-06-05,4 wk ahead inc death,2022-07-02,LU,quantile,0.850,2
2022-06-05,4 wk ahead inc death,2022-07-02,MT,quantile,0.850,5
2022-06-05,4 wk ahead inc death,2022-07-02,NL,quantile,0.850,9
2022-06-05,4 wk ahead inc death,2022-07-02,NO,quantile,0.850,68
2022-06-05,4 wk ahead inc death,2022-07-02,PL,quantile,0.850,23
2022-06-05,4 wk ahead inc death,2022-07-02,PT,quantile,0.850,547
2022-06-05,4 wk ahead inc death,2022-07-02,RO,quantile,0.850,19
2022-06-05,4 wk ahead inc death,2022-07-02,SK,quantile,0.850,6
2022-06-05,4 wk ahead inc death,2022-07-02,SI,quantile,0.850,8
2022-06-05,4 wk ahead inc death,2022-07-02,ES,quantile,0.850,736
2022-06-05,4 wk ahead inc death,2022-07-02,SE,quantile,0.850,71
2022-06-05,4 wk ahead inc death,2022-07-02,CH,quantile,0.850,22
2022-06-05,4 wk ahead inc death,2022-07-02,GB,quantile,0.850,310
2022-06-05,5 wk ahead inc death,2022-07-09,AT,quantile,0.850,40
2022-06-05,5 wk ahead inc death,2022-07-09,BE,quantile,0.850,42
2022-06-05,5 wk ahead inc death,2022-07-09,BG,quantile,0.850,44
2022-06-05,5 wk ahead inc death,2022-07-09,HR,quantile,0.850,26
2022-06-05,5 wk ahead inc death,2022-07-09,CY,quantile,0.850,4
2022-06-05,5 wk ahead inc death,2022-07-09,CZ,quantile,0.850,6
2022-06-05,5 wk ahead inc death,2022-07-09,DK,quantile,0.850,105
2022-06-05,5 wk ahead inc death,2022-07-09,EE,quantile,0.850,3
2022-06-05,5 wk ahead inc death,2022-07-09,FI,quantile,0.850,123
2022-06-05,5 wk ahead inc death,2022-07-09,FR,quantile,0.850,208
2022-06-05,5 wk ahead inc death,2022-07-09,DE,quantile,0.850,451
2022-06-05,5 wk ahead inc death,2022-07-09,GR,quantile,0.850,128
2022-06-05,5 wk ahead inc death,2022-07-09,HU,quantile,0.850,52
2022-06-05,5 wk ahead inc death,2022-07-09,IS,quantile,0.850,1
2022-06-05,5 wk ahead inc death,2022-07-09,IE,quantile,0.850,60
2022-06-05,5 wk ahead inc death,2022-07-09,IT,quantile,0.850,406
2022-06-05,5 wk ahead inc death,2022-07-09,LV,quantile,0.850,5
2022-06-05,5 wk ahead inc death,2022-07-09,LI,quantile,0.850,0
2022-06-05,5 wk ahead inc death,2022-07-09,LT,quantile,0.850,5
2022-06-05,5 wk ahead inc death,2022-07-09,LU,quantile,0.850,1
2022-06-05,5 wk ahead inc death,2022-07-09,MT,quantile,0.850,8
2022-06-05,5 wk ahead inc death,2022-07-09,NL,quantile,0.850,12
2022-06-05,5 wk ahead inc death,2022-07-09,NO,quantile,0.850,113
2022-06-05,5 wk ahead inc death,2022-07-09,PL,quantile,0.850,21
2022-06-05,5 wk ahead inc death,2022-07-09,PT,quantile,0.850,561
2022-06-05,5 wk ahead inc death,2022-07-09,RO,quantile,0.850,15
2022-06-05,5 wk ahead inc death,2022-07-09,SK,quantile,0.850,4
2022-06-05,5 wk ahead inc death,2022-07-09,SI,quantile,0.850,8
2022-06-05,5 wk ahead inc death,2022-07-09,ES,quantile,0.850,697
2022-06-05,5 wk ahead inc death,2022-07-09,SE,quantile,0.850,100
2022-06-05,5 wk ahead inc death,2022-07-09,CH,quantile,0.850,26
2022-06-05,5 wk ahead inc death,2022-07-09,GB,quantile,0.850,307
2022-06-05,1 wk ahead inc death,2022-06-11,AT,quantile,0.900,39
2022-06-05,1 wk ahead inc death,2022-06-11,BE,quantile,0.900,62
2022-06-05,1 wk ahead inc death,2022-06-11,BG,quantile,0.900,64
2022-06-05,1 wk ahead inc death,2022-06-11,HR,quantile,0.900,38
2022-06-05,1 wk ahead inc death,2022-06-11,CY,quantile,0.900,7
2022-06-05,1 wk ahead inc death,2022-06-11,CZ,quantile,0.900,11
2022-06-05,1 wk ahead inc death,2022-06-11,DK,quantile,0.900,40
2022-06-05,1 wk ahead inc death,2022-06-11,EE,quantile,0.900,3
2022-06-05,1 wk ahead inc death,2022-06-11,FI,quantile,0.900,220
2022-06-05,1 wk ahead inc death,2022-06-11,FR,quantile,0.900,249
2022-06-05,1 wk ahead inc death,2022-06-11,DE,quantile,0.900,824
2022-06-05,1 wk ahead inc death,2022-06-11,GR,quantile,0.900,142
2022-06-05,1 wk ahead inc death,2022-06-11,HU,quantile,0.900,116
2022-06-05,1 wk ahead inc death,2022-06-11,IS,quantile,0.900,0
2022-06-05,1 wk ahead inc death,2022-06-11,IE,quantile,0.900,61
2022-06-05,1 wk ahead inc death,2022-06-11,IT,quantile,0.900,565
2022-06-05,1 wk ahead inc death,2022-06-11,LV,quantile,0.900,9
2022-06-05,1 wk ahead inc death,2022-06-11,LI,quantile,0.900,0
2022-06-05,1 wk ahead inc death,2022-06-11,LT,quantile,0.900,6
2022-06-05,1 wk ahead inc death,2022-06-11,LU,quantile,0.900,4
2022-06-05,1 wk ahead inc death,2022-06-11,MT,quantile,0.900,3
2022-06-05,1 wk ahead inc death,2022-06-11,NL,quantile,0.900,8
2022-06-05,1 wk ahead inc death,2022-06-11,NO,quantile,0.900,32
2022-06-05,1 wk ahead inc death,2022-06-11,PL,quantile,0.900,33
2022-06-05,1 wk ahead inc death,2022-06-11,PT,quantile,0.900,432
2022-06-05,1 wk ahead inc death,2022-06-11,RO,quantile,0.900,32
2022-06-05,1 wk ahead inc death,2022-06-11,SK,quantile,0.900,22
2022-06-05,1 wk ahead inc death,2022-06-11,SI,quantile,0.900,21
2022-06-05,1 wk ahead inc death,2022-06-11,ES,quantile,0.900,778
2022-06-05,1 wk ahead inc death,2022-06-11,SE,quantile,0.900,66
2022-06-05,1 wk ahead inc death,2022-06-11,CH,quantile,0.900,28
2022-06-05,1 wk ahead inc death,2022-06-11,GB,quantile,0.900,586
2022-06-05,2 wk ahead inc death,2022-06-18,AT,quantile,0.900,33
2022-06-05,2 wk ahead inc death,2022-06-18,BE,quantile,0.900,49
2022-06-05,2 wk ahead inc death,2022-06-18,BG,quantile,0.900,52
2022-06-05,2 wk ahead inc death,2022-06-18,HR,quantile,0.900,39
2022-06-05,2 wk ahead inc death,2022-06-18,CY,quantile,0.900,5
2022-06-05,2 wk ahead inc death,2022-06-18,CZ,quantile,0.900,9
2022-06-05,2 wk ahead inc death,2022-06-18,DK,quantile,0.900,41
2022-06-05,2 wk ahead inc death,2022-06-18,EE,quantile,0.900,3
2022-06-05,2 wk ahead inc death,2022-06-18,FI,quantile,0.900,216
2022-06-05,2 wk ahead inc death,2022-06-18,FR,quantile,0.900,190
2022-06-05,2 wk ahead inc death,2022-06-18,DE,quantile,0.900,711
2022-06-05,2 wk ahead inc death,2022-06-18,GR,quantile,0.900,138
2022-06-05,2 wk ahead inc death,2022-06-18,HU,quantile,0.900,110
2022-06-05,2 wk ahead inc death,2022-06-18,IS,quantile,0.900,0
2022-06-05,2 wk ahead inc death,2022-06-18,IE,quantile,0.900,71
2022-06-05,2 wk ahead inc death,2022-06-18,IT,quantile,0.900,452
2022-06-05,2 wk ahead inc death,2022-06-18,LV,quantile,0.900,9
2022-06-05,2 wk ahead inc death,2022-06-18,LI,quantile,0.900,0
2022-06-05,2 wk ahead inc death,2022-06-18,LT,quantile,0.900,5
2022-06-05,2 wk ahead inc death,2022-06-18,LU,quantile,0.900,4
2022-06-05,2 wk ahead inc death,2022-06-18,MT,quantile,0.900,4
2022-06-05,2 wk ahead inc death,2022-06-18,NL,quantile,0.900,7
2022-06-05,2 wk ahead inc death,2022-06-18,NO,quantile,0.900,36
2022-06-05,2 wk ahead inc death,2022-06-18,PL,quantile,0.900,29
2022-06-05,2 wk ahead inc death,2022-06-18,PT,quantile,0.900,476
2022-06-05,2 wk ahead inc death,2022-06-18,RO,quantile,0.900,27
2022-06-05,2 wk ahead inc death,2022-06-18,SK,quantile,0.900,17
2022-06-05,2 wk ahead inc death,2022-06-18,SI,quantile,0.900,16
2022-06-05,2 wk ahead inc death,2022-06-18,ES,quantile,0.900,796
2022-06-05,2 wk ahead inc death,2022-06-18,SE,quantile,0.900,65
2022-06-05,2 wk ahead inc death,2022-06-18,CH,quantile,0.900,26
2022-06-05,2 wk ahead inc death,2022-06-18,GB,quantile,0.900,475
2022-06-05,3 wk ahead inc death,2022-06-25,AT,quantile,0.900,31
2022-06-05,3 wk ahead inc death,2022-06-25,BE,quantile,0.900,39
2022-06-05,3 wk ahead inc death,2022-06-25,BG,quantile,0.900,47
2022-06-05,3 wk ahead inc death,2022-06-25,HR,quantile,0.900,38
2022-06-05,3 wk ahead inc death,2022-06-25,CY,quantile,0.900,4
2022-06-05,3 wk ahead inc death,2022-06-25,CZ,quantile,0.900,8
2022-06-05,3 wk ahead inc death,2022-06-25,DK,quantile,0.900,44
2022-06-05,3 wk ahead inc death,2022-06-25,EE,quantile,0.900,3
2022-06-05,3 wk ahead inc death,2022-06-25,FI,quantile,0.900,185
2022-06-05,3 wk ahead inc death,2022-06-25,FR,quantile,0.900,183
2022-06-05,3 wk ahead inc death,2022-06-25,DE,quantile,0.900,654
2022-06-05,3 wk ahead inc death,2022-06-25,GR,quantile,0.900,137
2022-06-05,3 wk ahead inc death,2022-06-25,HU,quantile,0.900,79
2022-06-05,3 wk ahead inc death,2022-06-25,IS,quantile,0.900,0
2022-06-05,3 wk ahead inc death,2022-06-25,IE,quantile,0.900,81
2022-06-05,3 wk ahead inc death,2022-06-25,IT,quantile,0.900,404
2022-06-05,3 wk ahead inc death,2022-06-25,LV,quantile,0.900,8
2022-06-05,3 wk ahead inc death,2022-06-25,LI,quantile,0.900,0
2022-06-05,3 wk ahead inc death,2022-06-25,LT,quantile,0.900,5
2022-06-05,3 wk ahead inc death,2022-06-25,LU,quantile,0.900,3
2022-06-05,3 wk ahead inc death,2022-06-25,MT,quantile,0.900,4
2022-06-05,3 wk ahead inc death,2022-06-25,NL,quantile,0.900,8
2022-06-05,3 wk ahead inc death,2022-06-25,NO,quantile,0.900,48
2022-06-05,3 wk ahead inc death,2022-06-25,PL,quantile,0.900,26
2022-06-05,3 wk ahead inc death,2022-06-25,PT,quantile,0.900,520
2022-06-05,3 wk ahead inc death,2022-06-25,RO,quantile,0.900,23
2022-06-05,3 wk ahead inc death,2022-06-25,SK,quantile,0.900,12
2022-06-05,3 wk ahead inc death,2022-06-25,SI,quantile,0.900,13
2022-06-05,3 wk ahead inc death,2022-06-25,ES,quantile,0.900,760
2022-06-05,3 wk ahead inc death,2022-06-25,SE,quantile,0.900,70
2022-06-05,3 wk ahead inc death,2022-06-25,CH,quantile,0.900,25
2022-06-05,3 wk ahead inc death,2022-06-25,GB,quantile,0.900,373
2022-06-05,4 wk ahead inc death,2022-07-02,AT,quantile,0.900,34
2022-06-05,4 wk ahead inc death,2022-07-02,BE,quantile,0.900,37
2022-06-05,4 wk ahead inc death,2022-07-02,BG,quantile,0.900,44
2022-06-05,4 wk ahead inc death,2022-07-02,HR,quantile,0.900,32
2022-06-05,4 wk ahead inc death,2022-07-02,CY,quantile,0.900,4
2022-06-05,4 wk ahead inc death,2022-07-02,CZ,quantile,0.900,7
2022-06-05,4 wk ahead inc death,2022-07-02,DK,quantile,0.900,68
2022-06-05,4 wk ahead inc death,2022-07-02,EE,quantile,0.900,3
2022-06-05,4 wk ahead inc death,2022-07-02,FI,quantile,0.900,159
2022-06-05,4 wk ahead inc death,2022-07-02,FR,quantile,0.900,192
2022-06-05,4 wk ahead inc death,2022-07-02,DE,quantile,0.900,589
2022-06-05,4 wk ahead inc death,2022-07-02,GR,quantile,0.900,137
2022-06-05,4 wk ahead inc death,2022-07-02,HU,quantile,0.900,64
2022-06-05,4 wk ahead inc death,2022-07-02,IS,quantile,0.900,1
2022-06-05,4 wk ahead inc death,2022-07-02,IE,quantile,0.900,83
2022-06-05,4 wk ahead inc death,2022-07-02,IT,quantile,0.900,409
2022-06-05,4 wk ahead inc death,2022-07-02,LV,quantile,0.900,8
2022-06-05,4 wk ahead inc death,2022-07-02,LI,quantile,0.900,0
2022-06-05,4 wk ahead inc death,2022-07-02,LT,quantile,0.900,5
2022-06-05,4 wk ahead inc death,2022-07-02,LU,quantile,0.900,2
2022-06-05,4 wk ahead inc death,2022-07-02,MT,quantile,0.900,6
2022-06-05,4 wk ahead inc death,2022-07-02,NL,quantile,0.900,9
2022-06-05,4 wk ahead inc death,2022-07-02,NO,quantile,0.900,73
2022-06-05,4 wk ahead inc death,2022-07-02,PL,quantile,0.900,23
2022-06-05,4 wk ahead inc death,2022-07-02,PT,quantile,0.900,550
2022-06-05,4 wk ahead inc death,2022-07-02,RO,quantile,0.900,22
2022-06-05,4 wk ahead inc death,2022-07-02,SK,quantile,0.900,8
2022-06-05,4 wk ahead inc death,2022-07-02,SI,quantile,0.900,10
2022-06-05,4 wk ahead inc death,2022-07-02,ES,quantile,0.900,736
2022-06-05,4 wk ahead inc death,2022-07-02,SE,quantile,0.900,77
2022-06-05,4 wk ahead inc death,2022-07-02,CH,quantile,0.900,25
2022-06-05,4 wk ahead inc death,2022-07-02,GB,quantile,0.900,326
2022-06-05,5 wk ahead inc death,2022-07-09,AT,quantile,0.900,40
2022-06-05,5 wk ahead inc death,2022-07-09,BE,quantile,0.900,44
2022-06-05,5 wk ahead inc death,2022-07-09,BG,quantile,0.900,45
2022-06-05,5 wk ahead inc death,2022-07-09,HR,quantile,0.900,26
2022-06-05,5 wk ahead inc death,2022-07-09,CY,quantile,0.900,4
2022-06-05,5 wk ahead inc death,2022-07-09,CZ,quantile,0.900,7
2022-06-05,5 wk ahead inc death,2022-07-09,DK,quantile,0.900,109
2022-06-05,5 wk ahead inc death,2022-07-09,EE,quantile,0.900,3
2022-06-05,5 wk ahead inc death,2022-07-09,FI,quantile,0.900,149
2022-06-05,5 wk ahead inc death,2022-07-09,FR,quantile,0.900,215
2022-06-05,5 wk ahead inc death,2022-07-09,DE,quantile,0.900,524
2022-06-05,5 wk ahead inc death,2022-07-09,GR,quantile,0.900,136
2022-06-05,5 wk ahead inc death,2022-07-09,HU,quantile,0.900,56
2022-06-05,5 wk ahead inc death,2022-07-09,IS,quantile,0.900,1
2022-06-05,5 wk ahead inc death,2022-07-09,IE,quantile,0.900,65
2022-06-05,5 wk ahead inc death,2022-07-09,IT,quantile,0.900,488
2022-06-05,5 wk ahead inc death,2022-07-09,LV,quantile,0.900,8
2022-06-05,5 wk ahead inc death,2022-07-09,LI,quantile,0.900,0
2022-06-05,5 wk ahead inc death,2022-07-09,LT,quantile,0.900,5
2022-06-05,5 wk ahead inc death,2022-07-09,LU,quantile,0.900,1
2022-06-05,5 wk ahead inc death,2022-07-09,MT,quantile,0.900,9
2022-06-05,5 wk ahead inc death,2022-07-09,NL,quantile,0.900,12
2022-06-05,5 wk ahead inc death,2022-07-09,NO,quantile,0.900,122
2022-06-05,5 wk ahead inc death,2022-07-09,PL,quantile,0.900,22
2022-06-05,5 wk ahead inc death,2022-07-09,PT,quantile,0.900,565
2022-06-05,5 wk ahead inc death,2022-07-09,RO,quantile,0.900,20
2022-06-05,5 wk ahead inc death,2022-07-09,SK,quantile,0.900,6
2022-06-05,5 wk ahead inc death,2022-07-09,SI,quantile,0.900,9
2022-06-05,5 wk ahead inc death,2022-07-09,ES,quantile,0.900,701
2022-06-05,5 wk ahead inc death,2022-07-09,SE,quantile,0.900,106
2022-06-05,5 wk ahead inc death,2022-07-09,CH,quantile,0.900,34
2022-06-05,5 wk ahead inc death,2022-07-09,GB,quantile,0.900,325
2022-06-05,1 wk ahead inc death,2022-06-11,AT,quantile,0.950,39
2022-06-05,1 wk ahead inc death,2022-06-11,BE,quantile,0.950,65
2022-06-05,1 wk ahead inc death,2022-06-11,BG,quantile,0.950,64
2022-06-05,1 wk ahead inc death,2022-06-11,HR,quantile,0.950,39
2022-06-05,1 wk ahead inc death,2022-06-11,CY,quantile,0.950,7
2022-06-05,1 wk ahead inc death,2022-06-11,CZ,quantile,0.950,14
2022-06-05,1 wk ahead inc death,2022-06-11,DK,quantile,0.950,60
2022-06-05,1 wk ahead inc death,2022-06-11,EE,quantile,0.950,3
2022-06-05,1 wk ahead inc death,2022-06-11,FI,quantile,0.950,234
2022-06-05,1 wk ahead inc death,2022-06-11,FR,quantile,0.950,249
2022-06-05,1 wk ahead inc death,2022-06-11,DE,quantile,0.950,824
2022-06-05,1 wk ahead inc death,2022-06-11,GR,quantile,0.950,183
2022-06-05,1 wk ahead inc death,2022-06-11,HU,quantile,0.950,140
2022-06-05,1 wk ahead inc death,2022-06-11,IS,quantile,0.950,0
2022-06-05,1 wk ahead inc death,2022-06-11,IE,quantile,0.950,73
2022-06-05,1 wk ahead inc death,2022-06-11,IT,quantile,0.950,613
2022-06-05,1 wk ahead inc death,2022-06-11,LV,quantile,0.950,12
2022-06-05,1 wk ahead inc death,2022-06-11,LI,quantile,0.950,0
2022-06-05,1 wk ahead inc death,2022-06-11,LT,quantile,0.950,7
2022-06-05,1 wk ahead inc death,2022-06-11,LU,quantile,0.950,6
2022-06-05,1 wk ahead inc death,2022-06-11,MT,quantile,0.950,3
2022-06-05,1 wk ahead inc death,2022-06-11,NL,quantile,0.950,11
2022-06-05,1 wk ahead inc death,2022-06-11,NO,quantile,0.950,34
2022-06-05,1 wk ahead inc death,2022-06-11,PL,quantile,0.950,38
2022-06-05,1 wk ahead inc death,2022-06-11,PT,quantile,0.950,432
2022-06-05,1 wk ahead inc death,2022-06-11,RO,quantile,0.950,33
2022-06-05,1 wk ahead inc death,2022-06-11,SK,quantile,0.950,23
2022-06-05,1 wk ahead inc death,2022-06-11,SI,quantile,0.950,36
2022-06-05,1 wk ahead inc death,2022-06-11,ES,quantile,0.950,778
2022-06-05,1 wk ahead inc death,2022-06-11,SE,quantile,0.950,82
2022-06-05,1 wk ahead inc death,2022-06-11,CH,quantile,0.950,43
2022-06-05,1 wk ahead inc death,2022-06-11,GB,quantile,0.950,612
2022-06-05,2 wk ahead inc death,2022-06-18,AT,quantile,0.950,33
2022-06-05,2 wk ahead inc death,2022-06-18,BE,quantile,0.950,51
2022-06-05,2 wk ahead inc death,2022-06-18,BG,quantile,0.950,53
2022-06-05,2 wk ahead inc death,2022-06-18,HR,quantile,0.950,41
2022-06-05,2 wk ahead inc death,2022-06-18,CY,quantile,0.950,5
2022-06-05,2 wk ahead inc death,2022-06-18,CZ,quantile,0.950,11
2022-06-05,2 wk ahead inc death,2022-06-18,DK,quantile,0.950,61
2022-06-05,2 wk ahead inc death,2022-06-18,EE,quantile,0.950,3
2022-06-05,2 wk ahead inc death,2022-06-18,FI,quantile,0.950,218
2022-06-05,2 wk ahead inc death,2022-06-18,FR,quantile,0.950,190
2022-06-05,2 wk ahead inc death,2022-06-18,DE,quantile,0.950,711
2022-06-05,2 wk ahead inc death,2022-06-18,GR,quantile,0.950,176
2022-06-05,2 wk ahead inc death,2022-06-18,HU,quantile,0.950,124
2022-06-05,2 wk ahead inc death,2022-06-18,IS,quantile,0.950,0
2022-06-05,2 wk ahead inc death,2022-06-18,IE,quantile,0.950,91
2022-06-05,2 wk ahead inc death,2022-06-18,IT,quantile,0.950,526
2022-06-05,2 wk ahead inc death,2022-06-18,LV,quantile,0.950,11
2022-06-05,2 wk ahead inc death,2022-06-18,LI,quantile,0.950,0
2022-06-05,2 wk ahead inc death,2022-06-18,LT,quantile,0.950,6
2022-06-05,2 wk ahead inc death,2022-06-18,LU,quantile,0.950,6
2022-06-05,2 wk ahead inc death,2022-06-18,MT,quantile,0.950,4
2022-06-05,2 wk ahead inc death,2022-06-18,NL,quantile,0.950,10
2022-06-05,2 wk ahead inc death,2022-06-18,NO,quantile,0.950,40
2022-06-05,2 wk ahead inc death,2022-06-18,PL,quantile,0.950,31
2022-06-05,2 wk ahead inc death,2022-06-18,PT,quantile,0.950,477
2022-06-05,2 wk ahead inc death,2022-06-18,RO,quantile,0.950,31
2022-06-05,2 wk ahead inc death,2022-06-18,SK,quantile,0.950,17
2022-06-05,2 wk ahead inc death,2022-06-18,SI,quantile,0.950,29
2022-06-05,2 wk ahead inc death,2022-06-18,ES,quantile,0.950,796
2022-06-05,2 wk ahead inc death,2022-06-18,SE,quantile,0.950,79
2022-06-05,2 wk ahead inc death,2022-06-18,CH,quantile,0.950,38
2022-06-05,2 wk ahead inc death,2022-06-18,GB,quantile,0.950,513
2022-06-05,3 wk ahead inc death,2022-06-25,AT,quantile,0.950,31
2022-06-05,3 wk ahead inc death,2022-06-25,BE,quantile,0.950,41
2022-06-05,3 wk ahead inc death,2022-06-25,BG,quantile,0.950,48
2022-06-05,3 wk ahead inc death,2022-06-25,HR,quantile,0.950,40
2022-06-05,3 wk ahead inc death,2022-06-25,CY,quantile,0.950,4
2022-06-05,3 wk ahead inc death,2022-06-25,CZ,quantile,0.950,9
2022-06-05,3 wk ahead inc death,2022-06-25,DK,quantile,0.950,62
2022-06-05,3 wk ahead inc death,2022-06-25,EE,quantile,0.950,3
2022-06-05,3 wk ahead inc death,2022-06-25,FI,quantile,0.950,197
2022-06-05,3 wk ahead inc death,2022-06-25,FR,quantile,0.950,184
2022-06-05,3 wk ahead inc death,2022-06-25,DE,quantile,0.950,654
2022-06-05,3 wk ahead inc death,2022-06-25,GR,quantile,0.950,174
2022-06-05,3 wk ahead inc death,2022-06-25,HU,quantile,0.950,91
2022-06-05,3 wk ahead inc death,2022-06-25,IS,quantile,0.950,0
2022-06-05,3 wk ahead inc death,2022-06-25,IE,quantile,0.950,89
2022-06-05,3 wk ahead inc death,2022-06-25,IT,quantile,0.950,484
2022-06-05,3 wk ahead inc death,2022-06-25,LV,quantile,0.950,10
2022-06-05,3 wk ahead inc death,2022-06-25,LI,quantile,0.950,0
2022-06-05,3 wk ahead inc death,2022-06-25,LT,quantile,0.950,6
2022-06-05,3 wk ahead inc death,2022-06-25,LU,quantile,0.950,5
2022-06-05,3 wk ahead inc death,2022-06-25,MT,quantile,0.950,4
2022-06-05,3 wk ahead inc death,2022-06-25,NL,quantile,0.950,11
2022-06-05,3 wk ahead inc death,2022-06-25,NO,quantile,0.950,54
2022-06-05,3 wk ahead inc death,2022-06-25,PL,quantile,0.950,27
2022-06-05,3 wk ahead inc death,2022-06-25,PT,quantile,0.950,525
2022-06-05,3 wk ahead inc death,2022-06-25,RO,quantile,0.950,28
2022-06-05,3 wk ahead inc death,2022-06-25,SK,quantile,0.950,12
2022-06-05,3 wk ahead inc death,2022-06-25,SI,quantile,0.950,22
2022-06-05,3 wk ahead inc death,2022-06-25,ES,quantile,0.950,760
2022-06-05,3 wk ahead inc death,2022-06-25,SE,quantile,0.950,78
2022-06-05,3 wk ahead inc death,2022-06-25,CH,quantile,0.950,36
2022-06-05,3 wk ahead inc death,2022-06-25,GB,quantile,0.950,426
2022-06-05,4 wk ahead inc death,2022-07-02,AT,quantile,0.950,34
2022-06-05,4 wk ahead inc death,2022-07-02,BE,quantile,0.950,37
2022-06-05,4 wk ahead inc death,2022-07-02,BG,quantile,0.950,45
2022-06-05,4 wk ahead inc death,2022-07-02,HR,quantile,0.950,34
2022-06-05,4 wk ahead inc death,2022-07-02,CY,quantile,0.950,4
2022-06-05,4 wk ahead inc death,2022-07-02,CZ,quantile,0.950,8
2022-06-05,4 wk ahead inc death,2022-07-02,DK,quantile,0.950,76
2022-06-05,4 wk ahead inc death,2022-07-02,EE,quantile,0.950,3
2022-06-05,4 wk ahead inc death,2022-07-02,FI,quantile,0.950,179
2022-06-05,4 wk ahead inc death,2022-07-02,FR,quantile,0.950,195
2022-06-05,4 wk ahead inc death,2022-07-02,DE,quantile,0.950,592
2022-06-05,4 wk ahead inc death,2022-07-02,GR,quantile,0.950,171
2022-06-05,4 wk ahead inc death,2022-07-02,HU,quantile,0.950,80
2022-06-05,4 wk ahead inc death,2022-07-02,IS,quantile,0.950,1
2022-06-05,4 wk ahead inc death,2022-07-02,IE,quantile,0.950,86
2022-06-05,4 wk ahead inc death,2022-07-02,IT,quantile,0.950,493
2022-06-05,4 wk ahead inc death,2022-07-02,LV,quantile,0.950,10
2022-06-05,4 wk ahead inc death,2022-07-02,LI,quantile,0.950,0
2022-06-05,4 wk ahead inc death,2022-07-02,LT,quantile,0.950,6
2022-06-05,4 wk ahead inc death,2022-07-02,LU,quantile,0.950,4
2022-06-05,4 wk ahead inc death,2022-07-02,MT,quantile,0.950,6
2022-06-05,4 wk ahead inc death,2022-07-02,NL,quantile,0.950,15
2022-06-05,4 wk ahead inc death,2022-07-02,NO,quantile,0.950,80
2022-06-05,4 wk ahead inc death,2022-07-02,PL,quantile,0.950,24
2022-06-05,4 wk ahead inc death,2022-07-02,PT,quantile,0.950,560
2022-06-05,4 wk ahead inc death,2022-07-02,RO,quantile,0.950,26
2022-06-05,4 wk ahead inc death,2022-07-02,SK,quantile,0.950,8
2022-06-05,4 wk ahead inc death,2022-07-02,SI,quantile,0.950,18
2022-06-05,4 wk ahead inc death,2022-07-02,ES,quantile,0.950,737
2022-06-05,4 wk ahead inc death,2022-07-02,SE,quantile,0.950,78
2022-06-05,4 wk ahead inc death,2022-07-02,CH,quantile,0.950,34
2022-06-05,4 wk ahead inc death,2022-07-02,GB,quantile,0.950,378
2022-06-05,5 wk ahead inc death,2022-07-09,AT,quantile,0.950,41
2022-06-05,5 wk ahead inc death,2022-07-09,BE,quantile,0.950,45
2022-06-05,5 wk ahead inc death,2022-07-09,BG,quantile,0.950,45
2022-06-05,5 wk ahead inc death,2022-07-09,HR,quantile,0.950,27
2022-06-05,5 wk ahead inc death,2022-07-09,CY,quantile,0.950,4
2022-06-05,5 wk ahead inc death,2022-07-09,CZ,quantile,0.950,7
2022-06-05,5 wk ahead inc death,2022-07-09,DK,quantile,0.950,115
2022-06-05,5 wk ahead inc death,2022-07-09,EE,quantile,0.950,3
2022-06-05,5 wk ahead inc death,2022-07-09,FI,quantile,0.950,174
2022-06-05,5 wk ahead inc death,2022-07-09,FR,quantile,0.950,221
2022-06-05,5 wk ahead inc death,2022-07-09,DE,quantile,0.950,543
2022-06-05,5 wk ahead inc death,2022-07-09,GR,quantile,0.950,165
2022-06-05,5 wk ahead inc death,2022-07-09,HU,quantile,0.950,69
2022-06-05,5 wk ahead inc death,2022-07-09,IS,quantile,0.950,1
2022-06-05,5 wk ahead inc death,2022-07-09,IE,quantile,0.950,80
2022-06-05,5 wk ahead inc death,2022-07-09,IT,quantile,0.950,556
2022-06-05,5 wk ahead inc death,2022-07-09,LV,quantile,0.950,10
2022-06-05,5 wk ahead inc death,2022-07-09,LI,quantile,0.950,0
2022-06-05,5 wk ahead inc death,2022-07-09,LT,quantile,0.950,6
2022-06-05,5 wk ahead inc death,2022-07-09,LU,quantile,0.950,2
2022-06-05,5 wk ahead inc death,2022-07-09,MT,quantile,0.950,10
2022-06-05,5 wk ahead inc death,2022-07-09,NL,quantile,0.950,23
2022-06-05,5 wk ahead inc death,2022-07-09,NO,quantile,0.950,133
2022-06-05,5 wk ahead inc death,2022-07-09,PL,quantile,0.950,23
2022-06-05,5 wk ahead inc death,2022-07-09,PT,quantile,0.950,580
2022-06-05,5 wk ahead inc death,2022-07-09,RO,quantile,0.950,23
2022-06-05,5 wk ahead inc death,2022-07-09,SK,quantile,0.950,7
2022-06-05,5 wk ahead inc death,2022-07-09,SI,quantile,0.950,16
2022-06-05,5 wk ahead inc death,2022-07-09,ES,quantile,0.950,705
2022-06-05,5 wk ahead inc death,2022-07-09,SE,quantile,0.950,119
2022-06-05,5 wk ahead inc death,2022-07-09,CH,quantile,0.950,40
2022-06-05,5 wk ahead inc death,2022-07-09,GB,quantile,0.950,349
2022-06-05,1 wk ahead inc death,2022-06-11,AT,quantile,0.975,39
2022-06-05,1 wk ahead inc death,2022-06-11,BE,quantile,0.975,65
2022-06-05,1 wk ahead inc death,2022-06-11,BG,quantile,0.975,65
2022-06-05,1 wk ahead inc death,2022-06-11,HR,quantile,0.975,39
2022-06-05,1 wk ahead inc death,2022-06-11,CY,quantile,0.975,7
2022-06-05,1 wk ahead inc death,2022-06-11,CZ,quantile,0.975,14
2022-06-05,1 wk ahead inc death,2022-06-11,DK,quantile,0.975,60
2022-06-05,1 wk ahead inc death,2022-06-11,EE,quantile,0.975,3
2022-06-05,1 wk ahead inc death,2022-06-11,FI,quantile,0.975,235
2022-06-05,1 wk ahead inc death,2022-06-11,FR,quantile,0.975,249
2022-06-05,1 wk ahead inc death,2022-06-11,DE,quantile,0.975,824
2022-06-05,1 wk ahead inc death,2022-06-11,GR,quantile,0.975,183
2022-06-05,1 wk ahead inc death,2022-06-11,HU,quantile,0.975,140
2022-06-05,1 wk ahead inc death,2022-06-11,IS,quantile,0.975,11
2022-06-05,1 wk ahead inc death,2022-06-11,IE,quantile,0.975,73
2022-06-05,1 wk ahead inc death,2022-06-11,IT,quantile,0.975,613
2022-06-05,1 wk ahead inc death,2022-06-11,LV,quantile,0.975,12
2022-06-05,1 wk ahead inc death,2022-06-11,LI,quantile,0.975,0
2022-06-05,1 wk ahead inc death,2022-06-11,LT,quantile,0.975,7
2022-06-05,1 wk ahead inc death,2022-06-11,LU,quantile,0.975,6
2022-06-05,1 wk ahead inc death,2022-06-11,MT,quantile,0.975,3
2022-06-05,1 wk ahead inc death,2022-06-11,NL,quantile,0.975,21
2022-06-05,1 wk ahead inc death,2022-06-11,NO,quantile,0.975,38
2022-06-05,1 wk ahead inc death,2022-06-11,PL,quantile,0.975,38
2022-06-05,1 wk ahead inc death,2022-06-11,PT,quantile,0.975,432
2022-06-05,1 wk ahead inc death,2022-06-11,RO,quantile,0.975,33
2022-06-05,1 wk ahead inc death,2022-06-11,SK,quantile,0.975,23
2022-06-05,1 wk ahead inc death,2022-06-11,SI,quantile,0.975,36
2022-06-05,1 wk ahead inc death,2022-06-11,ES,quantile,0.975,778
2022-06-05,1 wk ahead inc death,2022-06-11,SE,quantile,0.975,82
2022-06-05,1 wk ahead inc death,2022-06-11,CH,quantile,0.975,43
2022-06-05,1 wk ahead inc death,2022-06-11,GB,quantile,0.975,615
2022-06-05,2 wk ahead inc death,2022-06-18,AT,quantile,0.975,33
2022-06-05,2 wk ahead inc death,2022-06-18,BE,quantile,0.975,51
2022-06-05,2 wk ahead inc death,2022-06-18,BG,quantile,0.975,56
2022-06-05,2 wk ahead inc death,2022-06-18,HR,quantile,0.975,41
2022-06-05,2 wk ahead inc death,2022-06-18,CY,quantile,0.975,5
2022-06-05,2 wk ahead inc death,2022-06-18,CZ,quantile,0.975,11
2022-06-05,2 wk ahead inc death,2022-06-18,DK,quantile,0.975,61
2022-06-05,2 wk ahead inc death,2022-06-18,EE,quantile,0.975,3
2022-06-05,2 wk ahead inc death,2022-06-18,FI,quantile,0.975,221
2022-06-05,2 wk ahead inc death,2022-06-18,FR,quantile,0.975,190
2022-06-05,2 wk ahead inc death,2022-06-18,DE,quantile,0.975,711
2022-06-05,2 wk ahead inc death,2022-06-18,GR,quantile,0.975,176
2022-06-05,2 wk ahead inc death,2022-06-18,HU,quantile,0.975,124
2022-06-05,2 wk ahead inc death,2022-06-18,IS,quantile,0.975,11
2022-06-05,2 wk ahead inc death,2022-06-18,IE,quantile,0.975,91
2022-06-05,2 wk ahead inc death,2022-06-18,IT,quantile,0.975,529
2022-06-05,2 wk ahead inc death,2022-06-18,LV,quantile,0.975,11
2022-06-05,2 wk ahead inc death,2022-06-18,LI,quantile,0.975,0
2022-06-05,2 wk ahead inc death,2022-06-18,LT,quantile,0.975,6
2022-06-05,2 wk ahead inc death,2022-06-18,LU,quantile,0.975,6
2022-06-05,2 wk ahead inc death,2022-06-18,MT,quantile,0.975,4
2022-06-05,2 wk ahead inc death,2022-06-18,NL,quantile,0.975,19
2022-06-05,2 wk ahead inc death,2022-06-18,NO,quantile,0.975,45
2022-06-05,2 wk ahead inc death,2022-06-18,PL,quantile,0.975,31
2022-06-05,2 wk ahead inc death,2022-06-18,PT,quantile,0.975,478
2022-06-05,2 wk ahead inc death,2022-06-18,RO,quantile,0.975,31
2022-06-05,2 wk ahead inc death,2022-06-18,SK,quantile,0.975,18
2022-06-05,2 wk ahead inc death,2022-06-18,SI,quantile,0.975,29
2022-06-05,2 wk ahead inc death,2022-06-18,ES,quantile,0.975,796
2022-06-05,2 wk ahead inc death,2022-06-18,SE,quantile,0.975,79
2022-06-05,2 wk ahead inc death,2022-06-18,CH,quantile,0.975,39
2022-06-05,2 wk ahead inc death,2022-06-18,GB,quantile,0.975,513
2022-06-05,3 wk ahead inc death,2022-06-25,AT,quantile,0.975,32
2022-06-05,3 wk ahead inc death,2022-06-25,BE,quantile,0.975,41
2022-06-05,3 wk ahead inc death,2022-06-25,BG,quantile,0.975,50
2022-06-05,3 wk ahead inc death,2022-06-25,HR,quantile,0.975,40
2022-06-05,3 wk ahead inc death,2022-06-25,CY,quantile,0.975,4
2022-06-05,3 wk ahead inc death,2022-06-25,CZ,quantile,0.975,9
2022-06-05,3 wk ahead inc death,2022-06-25,DK,quantile,0.975,62
2022-06-05,3 wk ahead inc death,2022-06-25,EE,quantile,0.975,3
2022-06-05,3 wk ahead inc death,2022-06-25,FI,quantile,0.975,202
2022-06-05,3 wk ahead inc death,2022-06-25,FR,quantile,0.975,185
2022-06-05,3 wk ahead inc death,2022-06-25,DE,quantile,0.975,654
2022-06-05,3 wk ahead inc death,2022-06-25,GR,quantile,0.975,174
2022-06-05,3 wk ahead inc death,2022-06-25,HU,quantile,0.975,91
2022-06-05,3 wk ahead inc death,2022-06-25,IS,quantile,0.975,12
2022-06-05,3 wk ahead inc death,2022-06-25,IE,quantile,0.975,89
2022-06-05,3 wk ahead inc death,2022-06-25,IT,quantile,0.975,497
2022-06-05,3 wk ahead inc death,2022-06-25,LV,quantile,0.975,10
2022-06-05,3 wk ahead inc death,2022-06-25,LI,quantile,0.975,0
2022-06-05,3 wk ahead inc death,2022-06-25,LT,quantile,0.975,6
2022-06-05,3 wk ahead inc death,2022-06-25,LU,quantile,0.975,5
2022-06-05,3 wk ahead inc death,2022-06-25,MT,quantile,0.975,4
2022-06-05,3 wk ahead inc death,2022-06-25,NL,quantile,0.975,21
2022-06-05,3 wk ahead inc death,2022-06-25,NO,quantile,0.975,59
2022-06-05,3 wk ahead inc death,2022-06-25,PL,quantile,0.975,27
2022-06-05,3 wk ahead inc death,2022-06-25,PT,quantile,0.975,532
2022-06-05,3 wk ahead inc death,2022-06-25,RO,quantile,0.975,28
2022-06-05,3 wk ahead inc death,2022-06-25,SK,quantile,0.975,14
2022-06-05,3 wk ahead inc death,2022-06-25,SI,quantile,0.975,22
2022-06-05,3 wk ahead inc death,2022-06-25,ES,quantile,0.975,760
2022-06-05,3 wk ahead inc death,2022-06-25,SE,quantile,0.975,78
2022-06-05,3 wk ahead inc death,2022-06-25,CH,quantile,0.975,38
2022-06-05,3 wk ahead inc death,2022-06-25,GB,quantile,0.975,426
2022-06-05,4 wk ahead inc death,2022-07-02,AT,quantile,0.975,37
2022-06-05,4 wk ahead inc death,2022-07-02,BE,quantile,0.975,37
2022-06-05,4 wk ahead inc death,2022-07-02,BG,quantile,0.975,45
2022-06-05,4 wk ahead inc death,2022-07-02,HR,quantile,0.975,34
2022-06-05,4 wk ahead inc death,2022-07-02,CY,quantile,0.975,4
2022-06-05,4 wk ahead inc death,2022-07-02,CZ,quantile,0.975,8
2022-06-05,4 wk ahead inc death,2022-07-02,DK,quantile,0.975,78
2022-06-05,4 wk ahead inc death,2022-07-02,EE,quantile,0.975,3
2022-06-05,4 wk ahead inc death,2022-07-02,FI,quantile,0.975,182
2022-06-05,4 wk ahead inc death,2022-07-02,FR,quantile,0.975,199
2022-06-05,4 wk ahead inc death,2022-07-02,DE,quantile,0.975,596
2022-06-05,4 wk ahead inc death,2022-07-02,GR,quantile,0.975,171
2022-06-05,4 wk ahead inc death,2022-07-02,HU,quantile,0.975,80
2022-06-05,4 wk ahead inc death,2022-07-02,IS,quantile,0.975,12
2022-06-05,4 wk ahead inc death,2022-07-02,IE,quantile,0.975,86
2022-06-05,4 wk ahead inc death,2022-07-02,IT,quantile,0.975,524
2022-06-05,4 wk ahead inc death,2022-07-02,LV,quantile,0.975,10
2022-06-05,4 wk ahead inc death,2022-07-02,LI,quantile,0.975,0
2022-06-05,4 wk ahead inc death,2022-07-02,LT,quantile,0.975,6
2022-06-05,4 wk ahead inc death,2022-07-02,LU,quantile,0.975,4
2022-06-05,4 wk ahead inc death,2022-07-02,MT,quantile,0.975,6
2022-06-05,4 wk ahead inc death,2022-07-02,NL,quantile,0.975,29
2022-06-05,4 wk ahead inc death,2022-07-02,NO,quantile,0.975,88
2022-06-05,4 wk ahead inc death,2022-07-02,PL,quantile,0.975,24
2022-06-05,4 wk ahead inc death,2022-07-02,PT,quantile,0.975,569
2022-06-05,4 wk ahead inc death,2022-07-02,RO,quantile,0.975,26
2022-06-05,4 wk ahead inc death,2022-07-02,SK,quantile,0.975,11
2022-06-05,4 wk ahead inc death,2022-07-02,SI,quantile,0.975,18
2022-06-05,4 wk ahead inc death,2022-07-02,ES,quantile,0.975,738
2022-06-05,4 wk ahead inc death,2022-07-02,SE,quantile,0.975,78
2022-06-05,4 wk ahead inc death,2022-07-02,CH,quantile,0.975,42
2022-06-05,4 wk ahead inc death,2022-07-02,GB,quantile,0.975,378
2022-06-05,5 wk ahead inc death,2022-07-09,AT,quantile,0.975,47
2022-06-05,5 wk ahead inc death,2022-07-09,BE,quantile,0.975,47
2022-06-05,5 wk ahead inc death,2022-07-09,BG,quantile,0.975,46
2022-06-05,5 wk ahead inc death,2022-07-09,HR,quantile,0.975,27
2022-06-05,5 wk ahead inc death,2022-07-09,CY,quantile,0.975,5
2022-06-05,5 wk ahead inc death,2022-07-09,CZ,quantile,0.975,8
2022-06-05,5 wk ahead inc death,2022-07-09,DK,quantile,0.975,126
2022-06-05,5 wk ahead inc death,2022-07-09,EE,quantile,0.975,4
2022-06-05,5 wk ahead inc death,2022-07-09,FI,quantile,0.975,181
2022-06-05,5 wk ahead inc death,2022-07-09,FR,quantile,0.975,230
2022-06-05,5 wk ahead inc death,2022-07-09,DE,quantile,0.975,566
2022-06-05,5 wk ahead inc death,2022-07-09,GR,quantile,0.975,166
2022-06-05,5 wk ahead inc death,2022-07-09,HU,quantile,0.975,69
2022-06-05,5 wk ahead inc death,2022-07-09,IS,quantile,0.975,12
2022-06-05,5 wk ahead inc death,2022-07-09,IE,quantile,0.975,80
2022-06-05,5 wk ahead inc death,2022-07-09,IT,quantile,0.975,619
2022-06-05,5 wk ahead inc death,2022-07-09,LV,quantile,0.975,10
2022-06-05,5 wk ahead inc death,2022-07-09,LI,quantile,0.975,0
2022-06-05,5 wk ahead inc death,2022-07-09,LT,quantile,0.975,7
2022-06-05,5 wk ahead inc death,2022-07-09,LU,quantile,0.975,2
2022-06-05,5 wk ahead inc death,2022-07-09,MT,quantile,0.975,11
2022-06-05,5 wk ahead inc death,2022-07-09,NL,quantile,0.975,45
2022-06-05,5 wk ahead inc death,2022-07-09,NO,quantile,0.975,144
2022-06-05,5 wk ahead inc death,2022-07-09,PL,quantile,0.975,23
2022-06-05,5 wk ahead inc death,2022-07-09,PT,quantile,0.975,587
2022-06-05,5 wk ahead inc death,2022-07-09,RO,quantile,0.975,23
2022-06-05,5 wk ahead inc death,2022-07-09,SK,quantile,0.975,9
2022-06-05,5 wk ahead inc death,2022-07-09,SI,quantile,0.975,16
2022-06-05,5 wk ahead inc death,2022-07-09,ES,quantile,0.975,709
2022-06-05,5 wk ahead inc death,2022-07-09,SE,quantile,0.975,127
2022-06-05,5 wk ahead inc death,2022-07-09,CH,quantile,0.975,57
2022-06-05,5 wk ahead inc death,2022-07-09,GB,quantile,0.975,353
2022-06-05,1 wk ahead inc death,2022-06-11,AT,quantile,0.990,39
2022-06-05,1 wk ahead inc death,2022-06-11,BE,quantile,0.990,65
2022-06-05,1 wk ahead inc death,2022-06-11,BG,quantile,0.990,65
2022-06-05,1 wk ahead inc death,2022-06-11,HR,quantile,0.990,39
2022-06-05,1 wk ahead inc death,2022-06-11,CY,quantile,0.990,7
2022-06-05,1 wk ahead inc death,2022-06-11,CZ,quantile,0.990,14
2022-06-05,1 wk ahead inc death,2022-06-11,DK,quantile,0.990,60
2022-06-05,1 wk ahead inc death,2022-06-11,EE,quantile,0.990,4
2022-06-05,1 wk ahead inc death,2022-06-11,FI,quantile,0.990,235
2022-06-05,1 wk ahead inc death,2022-06-11,FR,quantile,0.990,249
2022-06-05,1 wk ahead inc death,2022-06-11,DE,quantile,0.990,824
2022-06-05,1 wk ahead inc death,2022-06-11,GR,quantile,0.990,183
2022-06-05,1 wk ahead inc death,2022-06-11,HU,quantile,0.990,140
2022-06-05,1 wk ahead inc death,2022-06-11,IS,quantile,0.990,26
2022-06-05,1 wk ahead inc death,2022-06-11,IE,quantile,0.990,73
2022-06-05,1 wk ahead inc death,2022-06-11,IT,quantile,0.990,613
2022-06-05,1 wk ahead inc death,2022-06-11,LV,quantile,0.990,12
2022-06-05,1 wk ahead inc death,2022-06-11,LI,quantile,0.990,0
2022-06-05,1 wk ahead inc death,2022-06-11,LT,quantile,0.990,7
2022-06-05,1 wk ahead inc death,2022-06-11,LU,quantile,0.990,6
2022-06-05,1 wk ahead inc death,2022-06-11,MT,quantile,0.990,4
2022-06-05,1 wk ahead inc death,2022-06-11,NL,quantile,0.990,21
2022-06-05,1 wk ahead inc death,2022-06-11,NO,quantile,0.990,38
2022-06-05,1 wk ahead inc death,2022-06-11,PL,quantile,0.990,38
2022-06-05,1 wk ahead inc death,2022-06-11,PT,quantile,0.990,432
2022-06-05,1 wk ahead inc death,2022-06-11,RO,quantile,0.990,33
2022-06-05,1 wk ahead inc death,2022-06-11,SK,quantile,0.990,23
2022-06-05,1 wk ahead inc death,2022-06-11,SI,quantile,0.990,36
2022-06-05,1 wk ahead inc death,2022-06-11,ES,quantile,0.990,778
2022-06-05,1 wk ahead inc death,2022-06-11,SE,quantile,0.990,82
2022-06-05,1 wk ahead inc death,2022-06-11,CH,quantile,0.990,43
2022-06-05,1 wk ahead inc death,2022-06-11,GB,quantile,0.990,615
2022-06-05,2 wk ahead inc death,2022-06-18,AT,quantile,0.990,33
2022-06-05,2 wk ahead inc death,2022-06-18,BE,quantile,0.990,51
2022-06-05,2 wk ahead inc death,2022-06-18,BG,quantile,0.990,56
2022-06-05,2 wk ahead inc death,2022-06-18,HR,quantile,0.990,41
2022-06-05,2 wk ahead inc death,2022-06-18,CY,quantile,0.990,5
2022-06-05,2 wk ahead inc death,2022-06-18,CZ,quantile,0.990,11
2022-06-05,2 wk ahead inc death,2022-06-18,DK,quantile,0.990,61
2022-06-05,2 wk ahead inc death,2022-06-18,EE,quantile,0.990,3
2022-06-05,2 wk ahead inc death,2022-06-18,FI,quantile,0.990,221
2022-06-05,2 wk ahead inc death,2022-06-18,FR,quantile,0.990,190
2022-06-05,2 wk ahead inc death,2022-06-18,DE,quantile,0.990,711
2022-06-05,2 wk ahead inc death,2022-06-18,GR,quantile,0.990,176
2022-06-05,2 wk ahead inc death,2022-06-18,HU,quantile,0.990,124
2022-06-05,2 wk ahead inc death,2022-06-18,IS,quantile,0.990,26
2022-06-05,2 wk ahead inc death,2022-06-18,IE,quantile,0.990,91
2022-06-05,2 wk ahead inc death,2022-06-18,IT,quantile,0.990,529
2022-06-05,2 wk ahead inc death,2022-06-18,LV,quantile,0.990,11
2022-06-05,2 wk ahead inc death,2022-06-18,LI,quantile,0.990,0
2022-06-05,2 wk ahead inc death,2022-06-18,LT,quantile,0.990,6
2022-06-05,2 wk ahead inc death,2022-06-18,LU,quantile,0.990,6
2022-06-05,2 wk ahead inc death,2022-06-18,MT,quantile,0.990,4
2022-06-05,2 wk ahead inc death,2022-06-18,NL,quantile,0.990,19
2022-06-05,2 wk ahead inc death,2022-06-18,NO,quantile,0.990,45
2022-06-05,2 wk ahead inc death,2022-06-18,PL,quantile,0.990,31
2022-06-05,2 wk ahead inc death,2022-06-18,PT,quantile,0.990,478
2022-06-05,2 wk ahead inc death,2022-06-18,RO,quantile,0.990,31
2022-06-05,2 wk ahead inc death,2022-06-18,SK,quantile,0.990,19
2022-06-05,2 wk ahead inc death,2022-06-18,SI,quantile,0.990,29
2022-06-05,2 wk ahead inc death,2022-06-18,ES,quantile,0.990,796
2022-06-05,2 wk ahead inc death,2022-06-18,SE,quantile,0.990,79
2022-06-05,2 wk ahead inc death,2022-06-18,CH,quantile,0.990,39
2022-06-05,2 wk ahead inc death,2022-06-18,GB,quantile,0.990,513
2022-06-05,3 wk ahead inc death,2022-06-25,AT,quantile,0.990,32
2022-06-05,3 wk ahead inc death,2022-06-25,BE,quantile,0.990,41
2022-06-05,3 wk ahead inc death,2022-06-25,BG,quantile,0.990,50
2022-06-05,3 wk ahead inc death,2022-06-25,HR,quantile,0.990,40
2022-06-05,3 wk ahead inc death,2022-06-25,CY,quantile,0.990,5
2022-06-05,3 wk ahead inc death,2022-06-25,CZ,quantile,0.990,9
2022-06-05,3 wk ahead inc death,2022-06-25,DK,quantile,0.990,62
2022-06-05,3 wk ahead inc death,2022-06-25,EE,quantile,0.990,4
2022-06-05,3 wk ahead inc death,2022-06-25,FI,quantile,0.990,203
2022-06-05,3 wk ahead inc death,2022-06-25,FR,quantile,0.990,185
2022-06-05,3 wk ahead inc death,2022-06-25,DE,quantile,0.990,654
2022-06-05,3 wk ahead inc death,2022-06-25,GR,quantile,0.990,174
2022-06-05,3 wk ahead inc death,2022-06-25,HU,quantile,0.990,91
2022-06-05,3 wk ahead inc death,2022-06-25,IS,quantile,0.990,27
2022-06-05,3 wk ahead inc death,2022-06-25,IE,quantile,0.990,89
2022-06-05,3 wk ahead inc death,2022-06-25,IT,quantile,0.990,500
2022-06-05,3 wk ahead inc death,2022-06-25,LV,quantile,0.990,10
2022-06-05,3 wk ahead inc death,2022-06-25,LI,quantile,0.990,0
2022-06-05,3 wk ahead inc death,2022-06-25,LT,quantile,0.990,6
2022-06-05,3 wk ahead inc death,2022-06-25,LU,quantile,0.990,5
2022-06-05,3 wk ahead inc death,2022-06-25,MT,quantile,0.990,4
2022-06-05,3 wk ahead inc death,2022-06-25,NL,quantile,0.990,21
2022-06-05,3 wk ahead inc death,2022-06-25,NO,quantile,0.990,61
2022-06-05,3 wk ahead inc death,2022-06-25,PL,quantile,0.990,27
2022-06-05,3 wk ahead inc death,2022-06-25,PT,quantile,0.990,532
2022-06-05,3 wk ahead inc death,2022-06-25,RO,quantile,0.990,28
2022-06-05,3 wk ahead inc death,2022-06-25,SK,quantile,0.990,16
2022-06-05,3 wk ahead inc death,2022-06-25,SI,quantile,0.990,22
2022-06-05,3 wk ahead inc death,2022-06-25,ES,quantile,0.990,760
2022-06-05,3 wk ahead inc death,2022-06-25,SE,quantile,0.990,78
2022-06-05,3 wk ahead inc death,2022-06-25,CH,quantile,0.990,38
2022-06-05,3 wk ahead inc death,2022-06-25,GB,quantile,0.990,426
2022-06-05,4 wk ahead inc death,2022-07-02,AT,quantile,0.990,37
2022-06-05,4 wk ahead inc death,2022-07-02,BE,quantile,0.990,37
2022-06-05,4 wk ahead inc death,2022-07-02,BG,quantile,0.990,45
2022-06-05,4 wk ahead inc death,2022-07-02,HR,quantile,0.990,34
2022-06-05,4 wk ahead inc death,2022-07-02,CY,quantile,0.990,4
2022-06-05,4 wk ahead inc death,2022-07-02,CZ,quantile,0.990,8
2022-06-05,4 wk ahead inc death,2022-07-02,DK,quantile,0.990,78
2022-06-05,4 wk ahead inc death,2022-07-02,EE,quantile,0.990,4
2022-06-05,4 wk ahead inc death,2022-07-02,FI,quantile,0.990,184
2022-06-05,4 wk ahead inc death,2022-07-02,FR,quantile,0.990,202
2022-06-05,4 wk ahead inc death,2022-07-02,DE,quantile,0.990,597
2022-06-05,4 wk ahead inc death,2022-07-02,GR,quantile,0.990,171
2022-06-05,4 wk ahead inc death,2022-07-02,HU,quantile,0.990,80
2022-06-05,4 wk ahead inc death,2022-07-02,IS,quantile,0.990,27
2022-06-05,4 wk ahead inc death,2022-07-02,IE,quantile,0.990,86
2022-06-05,4 wk ahead inc death,2022-07-02,IT,quantile,0.990,534
2022-06-05,4 wk ahead inc death,2022-07-02,LV,quantile,0.990,10
2022-06-05,4 wk ahead inc death,2022-07-02,LI,quantile,0.990,0
2022-06-05,4 wk ahead inc death,2022-07-02,LT,quantile,0.990,6
2022-06-05,4 wk ahead inc death,2022-07-02,LU,quantile,0.990,4
2022-06-05,4 wk ahead inc death,2022-07-02,MT,quantile,0.990,6
2022-06-05,4 wk ahead inc death,2022-07-02,NL,quantile,0.990,29
2022-06-05,4 wk ahead inc death,2022-07-02,NO,quantile,0.990,92
2022-06-05,4 wk ahead inc death,2022-07-02,PL,quantile,0.990,24
2022-06-05,4 wk ahead inc death,2022-07-02,PT,quantile,0.990,569
2022-06-05,4 wk ahead inc death,2022-07-02,RO,quantile,0.990,26
2022-06-05,4 wk ahead inc death,2022-07-02,SK,quantile,0.990,13
2022-06-05,4 wk ahead inc death,2022-07-02,SI,quantile,0.990,18
2022-06-05,4 wk ahead inc death,2022-07-02,ES,quantile,0.990,738
2022-06-05,4 wk ahead inc death,2022-07-02,SE,quantile,0.990,78
2022-06-05,4 wk ahead inc death,2022-07-02,CH,quantile,0.990,43
2022-06-05,4 wk ahead inc death,2022-07-02,GB,quantile,0.990,379
2022-06-05,5 wk ahead inc death,2022-07-09,AT,quantile,0.990,47
2022-06-05,5 wk ahead inc death,2022-07-09,BE,quantile,0.990,50
2022-06-05,5 wk ahead inc death,2022-07-09,BG,quantile,0.990,46
2022-06-05,5 wk ahead inc death,2022-07-09,HR,quantile,0.990,27
2022-06-05,5 wk ahead inc death,2022-07-09,CY,quantile,0.990,5
2022-06-05,5 wk ahead inc death,2022-07-09,CZ,quantile,0.990,8
2022-06-05,5 wk ahead inc death,2022-07-09,DK,quantile,0.990,126
2022-06-05,5 wk ahead inc death,2022-07-09,EE,quantile,0.990,4
2022-06-05,5 wk ahead inc death,2022-07-09,FI,quantile,0.990,184
2022-06-05,5 wk ahead inc death,2022-07-09,FR,quantile,0.990,237
2022-06-05,5 wk ahead inc death,2022-07-09,DE,quantile,0.990,568
2022-06-05,5 wk ahead inc death,2022-07-09,GR,quantile,0.990,168
2022-06-05,5 wk ahead inc death,2022-07-09,HU,quantile,0.990,70
2022-06-05,5 wk ahead inc death,2022-07-09,IS,quantile,0.990,27
2022-06-05,5 wk ahead inc death,2022-07-09,IE,quantile,0.990,80
2022-06-05,5 wk ahead inc death,2022-07-09,IT,quantile,0.990,646
2022-06-05,5 wk ahead inc death,2022-07-09,LV,quantile,0.990,11
2022-06-05,5 wk ahead inc death,2022-07-09,LI,quantile,0.990,0
2022-06-05,5 wk ahead inc death,2022-07-09,LT,quantile,0.990,7
2022-06-05,5 wk ahead inc death,2022-07-09,LU,quantile,0.990,2
2022-06-05,5 wk ahead inc death,2022-07-09,MT,quantile,0.990,11
2022-06-05,5 wk ahead inc death,2022-07-09,NL,quantile,0.990,45
2022-06-05,5 wk ahead inc death,2022-07-09,NO,quantile,0.990,155
2022-06-05,5 wk ahead inc death,2022-07-09,PL,quantile,0.990,23
2022-06-05,5 wk ahead inc death,2022-07-09,PT,quantile,0.990,587
2022-06-05,5 wk ahead inc death,2022-07-09,RO,quantile,0.990,23
2022-06-05,5 wk ahead inc death,2022-07-09,SK,quantile,0.990,12
2022-06-05,5 wk ahead inc death,2022-07-09,SI,quantile,0.990,17
2022-06-05,5 wk ahead inc death,2022-07-09,ES,quantile,0.990,712
2022-06-05,5 wk ahead inc death,2022-07-09,SE,quantile,0.990,134
2022-06-05,5 wk ahead inc death,2022-07-09,CH,quantile,0.990,61
2022-06-05,5 wk ahead inc death,2022-07-09,GB,quantile,0.990,357
2022-06-05,1 wk ahead inc case,2022-06-11,AT,point,NA,26910
2022-06-05,1 wk ahead inc case,2022-06-11,BE,point,NA,18549
2022-06-05,1 wk ahead inc case,2022-06-11,BG,point,NA,1537
2022-06-05,1 wk ahead inc case,2022-06-11,HR,point,NA,938
2022-06-05,1 wk ahead inc case,2022-06-11,CY,point,NA,3091
2022-06-05,1 wk ahead inc case,2022-06-11,CZ,point,NA,2173
2022-06-05,1 wk ahead inc case,2022-06-11,DK,point,NA,7466
2022-06-05,1 wk ahead inc case,2022-06-11,EE,point,NA,1354
2022-06-05,1 wk ahead inc case,2022-06-11,FI,point,NA,16565
2022-06-05,1 wk ahead inc case,2022-06-11,FR,point,NA,155974
2022-06-05,1 wk ahead inc case,2022-06-11,DE,point,NA,363850
2022-06-05,1 wk ahead inc case,2022-06-11,GR,point,NA,39681
2022-06-05,1 wk ahead inc case,2022-06-11,HU,point,NA,3130
2022-06-05,1 wk ahead inc case,2022-06-11,IS,point,NA,2105
2022-06-05,1 wk ahead inc case,2022-06-11,IE,point,NA,7930
2022-06-05,1 wk ahead inc case,2022-06-11,IT,point,NA,181414
2022-06-05,1 wk ahead inc case,2022-06-11,LV,point,NA,1734
2022-06-05,1 wk ahead inc case,2022-06-11,LI,point,NA,188
2022-06-05,1 wk ahead inc case,2022-06-11,LT,point,NA,1278
2022-06-05,1 wk ahead inc case,2022-06-11,LU,point,NA,815
2022-06-05,1 wk ahead inc case,2022-06-11,MT,point,NA,1059
2022-06-05,1 wk ahead inc case,2022-06-11,NL,point,NA,16523
2022-06-05,1 wk ahead inc case,2022-06-11,NO,point,NA,3550
2022-06-05,1 wk ahead inc case,2022-06-11,PL,point,NA,2151
2022-06-05,1 wk ahead inc case,2022-06-11,PT,point,NA,184434
2022-06-05,1 wk ahead inc case,2022-06-11,RO,point,NA,2849
2022-06-05,1 wk ahead inc case,2022-06-11,SK,point,NA,1902
2022-06-05,1 wk ahead inc case,2022-06-11,SI,point,NA,2568
2022-06-05,1 wk ahead inc case,2022-06-11,ES,point,NA,83652
2022-06-05,1 wk ahead inc case,2022-06-11,SE,point,NA,2484
2022-06-05,1 wk ahead inc case,2022-06-11,CH,point,NA,12575
2022-06-05,1 wk ahead inc case,2022-06-11,GB,point,NA,57138
2022-06-05,2 wk ahead inc case,2022-06-18,AT,point,NA,32053
2022-06-05,2 wk ahead inc case,2022-06-18,BE,point,NA,20718
2022-06-05,2 wk ahead inc case,2022-06-18,BG,point,NA,1473
2022-06-05,2 wk ahead inc case,2022-06-18,HR,point,NA,660
2022-06-05,2 wk ahead inc case,2022-06-18,CY,point,NA,3425
2022-06-05,2 wk ahead inc case,2022-06-18,CZ,point,NA,2097
2022-06-05,2 wk ahead inc case,2022-06-18,DK,point,NA,10514
2022-06-05,2 wk ahead inc case,2022-06-18,EE,point,NA,1402
2022-06-05,2 wk ahead inc case,2022-06-18,FI,point,NA,15176
2022-06-05,2 wk ahead inc case,2022-06-18,FR,point,NA,180546
2022-06-05,2 wk ahead inc case,2022-06-18,DE,point,NA,370600
2022-06-05,2 wk ahead inc case,2022-06-18,GR,point,NA,41817
2022-06-05,2 wk ahead inc case,2022-06-18,HU,point,NA,2725
2022-06-05,2 wk ahead inc case,2022-06-18,IS,point,NA,3386
2022-06-05,2 wk ahead inc case,2022-06-18,IE,point,NA,7244
2022-06-05,2 wk ahead inc case,2022-06-18,IT,point,NA,173698
2022-06-05,2 wk ahead inc case,2022-06-18,LV,point,NA,1822
2022-06-05,2 wk ahead inc case,2022-06-18,LI,point,NA,280
2022-06-05,2 wk ahead inc case,2022-06-18,LT,point,NA,1410
2022-06-05,2 wk ahead inc case,2022-06-18,LU,point,NA,698
2022-06-05,2 wk ahead inc case,2022-06-18,MT,point,NA,1291
2022-06-05,2 wk ahead inc case,2022-06-18,NL,point,NA,21415
2022-06-05,2 wk ahead inc case,2022-06-18,NO,point,NA,4645
2022-06-05,2 wk ahead inc case,2022-06-18,PL,point,NA,2013
2022-06-05,2 wk ahead inc case,2022-06-18,PT,point,NA,191598
2022-06-05,2 wk ahead inc case,2022-06-18,RO,point,NA,2682
2022-06-05,2 wk ahead inc case,2022-06-18,SK,point,NA,1825
2022-06-05,2 wk ahead inc case,2022-06-18,SI,point,NA,2516
2022-06-05,2 wk ahead inc case,2022-06-18,ES,point,NA,90966
2022-06-05,2 wk ahead inc case,2022-06-18,SE,point,NA,3115
2022-06-05,2 wk ahead inc case,2022-06-18,CH,point,NA,15580
2022-06-05,2 wk ahead inc case,2022-06-18,GB,point,NA,66857
2022-06-05,3 wk ahead inc case,2022-06-25,AT,point,NA,40839
2022-06-05,3 wk ahead inc case,2022-06-25,BE,point,NA,27308
2022-06-05,3 wk ahead inc case,2022-06-25,BG,point,NA,1516
2022-06-05,3 wk ahead inc case,2022-06-25,HR,point,NA,575
2022-06-05,3 wk ahead inc case,2022-06-25,CY,point,NA,4169
2022-06-05,3 wk ahead inc case,2022-06-25,CZ,point,NA,2163
2022-06-05,3 wk ahead inc case,2022-06-25,DK,point,NA,16636
2022-06-05,3 wk ahead inc case,2022-06-25,EE,point,NA,1551
2022-06-05,3 wk ahead inc case,2022-06-25,FI,point,NA,15802
2022-06-05,3 wk ahead inc case,2022-06-25,FR,point,NA,214427
2022-06-05,3 wk ahead inc case,2022-06-25,DE,point,NA,410386
2022-06-05,3 wk ahead inc case,2022-06-25,GR,point,NA,46884
2022-06-05,3 wk ahead inc case,2022-06-25,HU,point,NA,2472
2022-06-05,3 wk ahead inc case,2022-06-25,IS,point,NA,5826
2022-06-05,3 wk ahead inc case,2022-06-25,IE,point,NA,7291
2022-06-05,3 wk ahead inc case,2022-06-25,IT,point,NA,174840
2022-06-05,3 wk ahead inc case,2022-06-25,LV,point,NA,2071
2022-06-05,3 wk ahead inc case,2022-06-25,LI,point,NA,437
2022-06-05,3 wk ahead inc case,2022-06-25,LT,point,NA,1661
2022-06-05,3 wk ahead inc case,2022-06-25,LU,point,NA,595
2022-06-05,3 wk ahead inc case,2022-06-25,MT,point,NA,1751
2022-06-05,3 wk ahead inc case,2022-06-25,NL,point,NA,30555
2022-06-05,3 wk ahead inc case,2022-06-25,NO,point,NA,6530
2022-06-05,3 wk ahead inc case,2022-06-25,PL,point,NA,1995
2022-06-05,3 wk ahead inc case,2022-06-25,PT,point,NA,193288
2022-06-05,3 wk ahead inc case,2022-06-25,RO,point,NA,2701
2022-06-05,3 wk ahead inc case,2022-06-25,SK,point,NA,1843
2022-06-05,3 wk ahead inc case,2022-06-25,SI,point,NA,2605
2022-06-05,3 wk ahead inc case,2022-06-25,ES,point,NA,105175
2022-06-05,3 wk ahead inc case,2022-06-25,SE,point,NA,4397
2022-06-05,3 wk ahead inc case,2022-06-25,CH,point,NA,22531
2022-06-05,3 wk ahead inc case,2022-06-25,GB,point,NA,83709
2022-06-05,4 wk ahead inc case,2022-07-02,AT,point,NA,54853
2022-06-05,4 wk ahead inc case,2022-07-02,BE,point,NA,40410
2022-06-05,4 wk ahead inc case,2022-07-02,BG,point,NA,1719
2022-06-05,4 wk ahead inc case,2022-07-02,HR,point,NA,654
2022-06-05,4 wk ahead inc case,2022-07-02,CY,point,NA,5622
2022-06-05,4 wk ahead inc case,2022-07-02,CZ,point,NA,2425
2022-06-05,4 wk ahead inc case,2022-07-02,DK,point,NA,29114
2022-06-05,4 wk ahead inc case,2022-07-02,EE,point,NA,1859
2022-06-05,4 wk ahead inc case,2022-07-02,FI,point,NA,18777
2022-06-05,4 wk ahead inc case,2022-07-02,FR,point,NA,260460
2022-06-05,4 wk ahead inc case,2022-07-02,DE,point,NA,501756
2022-06-05,4 wk ahead inc case,2022-07-02,GR,point,NA,56548
2022-06-05,4 wk ahead inc case,2022-07-02,HU,point,NA,2368
2022-06-05,4 wk ahead inc case,2022-07-02,IS,point,NA,8019
2022-06-05,4 wk ahead inc case,2022-07-02,IE,point,NA,8287
2022-06-05,4 wk ahead inc case,2022-07-02,IT,point,NA,188185
2022-06-05,4 wk ahead inc case,2022-07-02,LV,point,NA,2591
2022-06-05,4 wk ahead inc case,2022-07-02,LI,point,NA,713
2022-06-05,4 wk ahead inc case,2022-07-02,LT,point,NA,2112
2022-06-05,4 wk ahead inc case,2022-07-02,LU,point,NA,528
2022-06-05,4 wk ahead inc case,2022-07-02,MT,point,NA,2664
2022-06-05,4 wk ahead inc case,2022-07-02,NL,point,NA,47981
2022-06-05,4 wk ahead inc case,2022-07-02,NO,point,NA,9871
2022-06-05,4 wk ahead inc case,2022-07-02,PL,point,NA,2142
2022-06-05,4 wk ahead inc case,2022-07-02,PT,point,NA,188347
2022-06-05,4 wk ahead inc case,2022-07-02,RO,point,NA,2990
2022-06-05,4 wk ahead inc case,2022-07-02,SK,point,NA,1974
2022-06-05,4 wk ahead inc case,2022-07-02,SI,point,NA,2868
2022-06-05,4 wk ahead inc case,2022-07-02,ES,point,NA,129251
2022-06-05,4 wk ahead inc case,2022-07-02,SE,point,NA,7013
2022-06-05,4 wk ahead inc case,2022-07-02,CH,point,NA,37320
2022-06-05,4 wk ahead inc case,2022-07-02,GB,point,NA,111691
2022-06-05,5 wk ahead inc case,2022-07-09,AT,point,NA,76096
2022-06-05,5 wk ahead inc case,2022-07-09,BE,point,NA,50956
2022-06-05,5 wk ahead inc case,2022-07-09,BG,point,NA,2179
2022-06-05,5 wk ahead inc case,2022-07-09,HR,point,NA,921
2022-06-05,5 wk ahead inc case,2022-07-09,CY,point,NA,8310
2022-06-05,5 wk ahead inc case,2022-07-09,CZ,point,NA,3002
2022-06-05,5 wk ahead inc case,2022-07-09,DK,point,NA,54914
2022-06-05,5 wk ahead inc case,2022-07-09,EE,point,NA,2438
2022-06-05,5 wk ahead inc case,2022-07-09,FI,point,NA,25320
2022-06-05,5 wk ahead inc case,2022-07-09,FR,point,NA,321995
2022-06-05,5 wk ahead inc case,2022-07-09,DE,point,NA,677180
2022-06-05,5 wk ahead inc case,2022-07-09,GR,point,NA,73501
2022-06-05,5 wk ahead inc case,2022-07-09,HU,point,NA,2439
2022-06-05,5 wk ahead inc case,2022-07-09,IS,point,NA,9307
2022-06-05,5 wk ahead inc case,2022-07-09,IE,point,NA,10895
2022-06-05,5 wk ahead inc case,2022-07-09,IT,point,NA,220484
2022-06-05,5 wk ahead inc case,2022-07-09,LV,point,NA,3601
2022-06-05,5 wk ahead inc case,2022-07-09,LI,point,NA,1160
2022-06-05,5 wk ahead inc case,2022-07-09,LT,point,NA,2921
2022-06-05,5 wk ahead inc case,2022-07-09,LU,point,NA,489
2022-06-05,5 wk ahead inc case,2022-07-09,MT,point,NA,4498
2022-06-05,5 wk ahead inc case,2022-07-09,NL,point,NA,81659
2022-06-05,5 wk ahead inc case,2022-07-09,NO,point,NA,16040
2022-06-05,5 wk ahead inc case,2022-07-09,PL,point,NA,2547
2022-06-05,5 wk ahead inc case,2022-07-09,PT,point,NA,176834
2022-06-05,5 wk ahead inc case,2022-07-09,RO,point,NA,3717
2022-06-05,5 wk ahead inc case,2022-07-09,SK,point,NA,2265
2022-06-05,5 wk ahead inc case,2022-07-09,SI,point,NA,3379
2022-06-05,5 wk ahead inc case,2022-07-09,ES,point,NA,168277
2022-06-05,5 wk ahead inc case,2022-07-09,SE,point,NA,12607
2022-06-05,5 wk ahead inc case,2022-07-09,CH,point,NA,61991
2022-06-05,5 wk ahead inc case,2022-07-09,GB,point,NA,158434
2022-06-05,1 wk ahead inc death,2022-06-11,AT,point,NA,29
2022-06-05,1 wk ahead inc death,2022-06-11,BE,point,NA,48
2022-06-05,1 wk ahead inc death,2022-06-11,BG,point,NA,36
2022-06-05,1 wk ahead inc death,2022-06-11,HR,point,NA,29
2022-06-05,1 wk ahead inc death,2022-06-11,CY,point,NA,4
2022-06-05,1 wk ahead inc death,2022-06-11,CZ,point,NA,9
2022-06-05,1 wk ahead inc death,2022-06-11,DK,point,NA,30
2022-06-05,1 wk ahead inc death,2022-06-11,EE,point,NA,2
2022-06-05,1 wk ahead inc death,2022-06-11,FI,point,NA,115
2022-06-05,1 wk ahead inc death,2022-06-11,FR,point,NA,219
2022-06-05,1 wk ahead inc death,2022-06-11,DE,point,NA,525
2022-06-05,1 wk ahead inc death,2022-06-11,GR,point,NA,105
2022-06-05,1 wk ahead inc death,2022-06-11,HU,point,NA,72
2022-06-05,1 wk ahead inc death,2022-06-11,IS,point,NA,0
2022-06-05,1 wk ahead inc death,2022-06-11,IE,point,NA,38
2022-06-05,1 wk ahead inc death,2022-06-11,IT,point,NA,489
2022-06-05,1 wk ahead inc death,2022-06-11,LV,point,NA,5
2022-06-05,1 wk ahead inc death,2022-06-11,LI,point,NA,0
2022-06-05,1 wk ahead inc death,2022-06-11,LT,point,NA,4
2022-06-05,1 wk ahead inc death,2022-06-11,LU,point,NA,3
2022-06-05,1 wk ahead inc death,2022-06-11,MT,point,NA,3
2022-06-05,1 wk ahead inc death,2022-06-11,NL,point,NA,6
2022-06-05,1 wk ahead inc death,2022-06-11,NO,point,NA,29
2022-06-05,1 wk ahead inc death,2022-06-11,PL,point,NA,21
2022-06-05,1 wk ahead inc death,2022-06-11,PT,point,NA,309
2022-06-05,1 wk ahead inc death,2022-06-11,RO,point,NA,19
2022-06-05,1 wk ahead inc death,2022-06-11,SK,point,NA,14
2022-06-05,1 wk ahead inc death,2022-06-11,SI,point,NA,11
2022-06-05,1 wk ahead inc death,2022-06-11,ES,point,NA,573
2022-06-05,1 wk ahead inc death,2022-06-11,SE,point,NA,41
2022-06-05,1 wk ahead inc death,2022-06-11,CH,point,NA,13
2022-06-05,1 wk ahead inc death,2022-06-11,GB,point,NA,375
2022-06-05,2 wk ahead inc death,2022-06-18,AT,point,NA,24
2022-06-05,2 wk ahead inc death,2022-06-18,BE,point,NA,38
2022-06-05,2 wk ahead inc death,2022-06-18,BG,point,NA,30
2022-06-05,2 wk ahead inc death,2022-06-18,HR,point,NA,29
2022-06-05,2 wk ahead inc death,2022-06-18,CY,point,NA,3
2022-06-05,2 wk ahead inc death,2022-06-18,CZ,point,NA,6
2022-06-05,2 wk ahead inc death,2022-06-18,DK,point,NA,31
2022-06-05,2 wk ahead inc death,2022-06-18,EE,point,NA,2
2022-06-05,2 wk ahead inc death,2022-06-18,FI,point,NA,104
2022-06-05,2 wk ahead inc death,2022-06-18,FR,point,NA,168
2022-06-05,2 wk ahead inc death,2022-06-18,DE,point,NA,450
2022-06-05,2 wk ahead inc death,2022-06-18,GR,point,NA,101
2022-06-05,2 wk ahead inc death,2022-06-18,HU,point,NA,65
2022-06-05,2 wk ahead inc death,2022-06-18,IS,point,NA,0
2022-06-05,2 wk ahead inc death,2022-06-18,IE,point,NA,46
2022-06-05,2 wk ahead inc death,2022-06-18,IT,point,NA,410
2022-06-05,2 wk ahead inc death,2022-06-18,LV,point,NA,5
2022-06-05,2 wk ahead inc death,2022-06-18,LI,point,NA,0
2022-06-05,2 wk ahead inc death,2022-06-18,LT,point,NA,3
2022-06-05,2 wk ahead inc death,2022-06-18,LU,point,NA,2
2022-06-05,2 wk ahead inc death,2022-06-18,MT,point,NA,3
2022-06-05,2 wk ahead inc death,2022-06-18,NL,point,NA,5
2022-06-05,2 wk ahead inc death,2022-06-18,NO,point,NA,33
2022-06-05,2 wk ahead inc death,2022-06-18,PL,point,NA,18
2022-06-05,2 wk ahead inc death,2022-06-18,PT,point,NA,340
2022-06-05,2 wk ahead inc death,2022-06-18,RO,point,NA,17
2022-06-05,2 wk ahead inc death,2022-06-18,SK,point,NA,10
2022-06-05,2 wk ahead inc death,2022-06-18,SI,point,NA,9
2022-06-05,2 wk ahead inc death,2022-06-18,ES,point,NA,590
2022-06-05,2 wk ahead inc death,2022-06-18,SE,point,NA,40
2022-06-05,2 wk ahead inc death,2022-06-18,CH,point,NA,11
2022-06-05,2 wk ahead inc death,2022-06-18,GB,point,NA,319
2022-06-05,3 wk ahead inc death,2022-06-25,AT,point,NA,24
2022-06-05,3 wk ahead inc death,2022-06-25,BE,point,NA,32
2022-06-05,3 wk ahead inc death,2022-06-25,BG,point,NA,27
2022-06-05,3 wk ahead inc death,2022-06-25,HR,point,NA,27
2022-06-05,3 wk ahead inc death,2022-06-25,CY,point,NA,2
2022-06-05,3 wk ahead inc death,2022-06-25,CZ,point,NA,5
2022-06-05,3 wk ahead inc death,2022-06-25,DK,point,NA,34
2022-06-05,3 wk ahead inc death,2022-06-25,EE,point,NA,2
2022-06-05,3 wk ahead inc death,2022-06-25,FI,point,NA,86
2022-06-05,3 wk ahead inc death,2022-06-25,FR,point,NA,162
2022-06-05,3 wk ahead inc death,2022-06-25,DE,point,NA,400
2022-06-05,3 wk ahead inc death,2022-06-25,GR,point,NA,98
2022-06-05,3 wk ahead inc death,2022-06-25,HU,point,NA,47
2022-06-05,3 wk ahead inc death,2022-06-25,IS,point,NA,0
2022-06-05,3 wk ahead inc death,2022-06-25,IE,point,NA,48
2022-06-05,3 wk ahead inc death,2022-06-25,IT,point,NA,363
2022-06-05,3 wk ahead inc death,2022-06-25,LV,point,NA,4
2022-06-05,3 wk ahead inc death,2022-06-25,LI,point,NA,0
2022-06-05,3 wk ahead inc death,2022-06-25,LT,point,NA,3
2022-06-05,3 wk ahead inc death,2022-06-25,LU,point,NA,2
2022-06-05,3 wk ahead inc death,2022-06-25,MT,point,NA,4
2022-06-05,3 wk ahead inc death,2022-06-25,NL,point,NA,6
2022-06-05,3 wk ahead inc death,2022-06-25,NO,point,NA,39
2022-06-05,3 wk ahead inc death,2022-06-25,PL,point,NA,16
2022-06-05,3 wk ahead inc death,2022-06-25,PT,point,NA,369
2022-06-05,3 wk ahead inc death,2022-06-25,RO,point,NA,15
2022-06-05,3 wk ahead inc death,2022-06-25,SK,point,NA,7
2022-06-05,3 wk ahead inc death,2022-06-25,SI,point,NA,7
2022-06-05,3 wk ahead inc death,2022-06-25,ES,point,NA,567
2022-06-05,3 wk ahead inc death,2022-06-25,SE,point,NA,44
2022-06-05,3 wk ahead inc death,2022-06-25,CH,point,NA,11
2022-06-05,3 wk ahead inc death,2022-06-25,GB,point,NA,258
2022-06-05,4 wk ahead inc death,2022-07-02,AT,point,NA,27
2022-06-05,4 wk ahead inc death,2022-07-02,BE,point,NA,31
2022-06-05,4 wk ahead inc death,2022-07-02,BG,point,NA,25
2022-06-05,4 wk ahead inc death,2022-07-02,HR,point,NA,23
2022-06-05,4 wk ahead inc death,2022-07-02,CY,point,NA,2
2022-06-05,4 wk ahead inc death,2022-07-02,CZ,point,NA,5
2022-06-05,4 wk ahead inc death,2022-07-02,DK,point,NA,46
2022-06-05,4 wk ahead inc death,2022-07-02,EE,point,NA,2
2022-06-05,4 wk ahead inc death,2022-07-02,FI,point,NA,76
2022-06-05,4 wk ahead inc death,2022-07-02,FR,point,NA,168
2022-06-05,4 wk ahead inc death,2022-07-02,DE,point,NA,360
2022-06-05,4 wk ahead inc death,2022-07-02,GR,point,NA,97
2022-06-05,4 wk ahead inc death,2022-07-02,HU,point,NA,39
2022-06-05,4 wk ahead inc death,2022-07-02,IS,point,NA,0
2022-06-05,4 wk ahead inc death,2022-07-02,IE,point,NA,47
2022-06-05,4 wk ahead inc death,2022-07-02,IT,point,NA,347
2022-06-05,4 wk ahead inc death,2022-07-02,LV,point,NA,4
2022-06-05,4 wk ahead inc death,2022-07-02,LI,point,NA,0
2022-06-05,4 wk ahead inc death,2022-07-02,LT,point,NA,3
2022-06-05,4 wk ahead inc death,2022-07-02,LU,point,NA,1
2022-06-05,4 wk ahead inc death,2022-07-02,MT,point,NA,4
2022-06-05,4 wk ahead inc death,2022-07-02,NL,point,NA,7
2022-06-05,4 wk ahead inc death,2022-07-02,NO,point,NA,52
2022-06-05,4 wk ahead inc death,2022-07-02,PL,point,NA,14
2022-06-05,4 wk ahead inc death,2022-07-02,PT,point,NA,385
2022-06-05,4 wk ahead inc death,2022-07-02,RO,point,NA,13
2022-06-05,4 wk ahead inc death,2022-07-02,SK,point,NA,5
2022-06-05,4 wk ahead inc death,2022-07-02,SI,point,NA,6
2022-06-05,4 wk ahead inc death,2022-07-02,ES,point,NA,551
2022-06-05,4 wk ahead inc death,2022-07-02,SE,point,NA,51
2022-06-05,4 wk ahead inc death,2022-07-02,CH,point,NA,12
2022-06-05,4 wk ahead inc death,2022-07-02,GB,point,NA,224
2022-06-05,5 wk ahead inc death,2022-07-09,AT,point,NA,33
2022-06-05,5 wk ahead inc death,2022-07-09,BE,point,NA,35
2022-06-05,5 wk ahead inc death,2022-07-09,BG,point,NA,24
2022-06-05,5 wk ahead inc death,2022-07-09,HR,point,NA,19
2022-06-05,5 wk ahead inc death,2022-07-09,CY,point,NA,2
2022-06-05,5 wk ahead inc death,2022-07-09,CZ,point,NA,4
2022-06-05,5 wk ahead inc death,2022-07-09,DK,point,NA,70
2022-06-05,5 wk ahead inc death,2022-07-09,EE,point,NA,2
2022-06-05,5 wk ahead inc death,2022-07-09,FI,point,NA,75
2022-06-05,5 wk ahead inc death,2022-07-09,FR,point,NA,183
2022-06-05,5 wk ahead inc death,2022-07-09,DE,point,NA,324
2022-06-05,5 wk ahead inc death,2022-07-09,GR,point,NA,98
2022-06-05,5 wk ahead inc death,2022-07-09,HU,point,NA,33
2022-06-05,5 wk ahead inc death,2022-07-09,IS,point,NA,1
2022-06-05,5 wk ahead inc death,2022-07-09,IE,point,NA,38
2022-06-05,5 wk ahead inc death,2022-07-09,IT,point,NA,351
2022-06-05,5 wk ahead inc death,2022-07-09,LV,point,NA,4
2022-06-05,5 wk ahead inc death,2022-07-09,LI,point,NA,0
2022-06-05,5 wk ahead inc death,2022-07-09,LT,point,NA,3
2022-06-05,5 wk ahead inc death,2022-07-09,LU,point,NA,1
2022-06-05,5 wk ahead inc death,2022-07-09,MT,point,NA,6
2022-06-05,5 wk ahead inc death,2022-07-09,NL,point,NA,9
2022-06-05,5 wk ahead inc death,2022-07-09,NO,point,NA,74
2022-06-05,5 wk ahead inc death,2022-07-09,PL,point,NA,13
2022-06-05,5 wk ahead inc death,2022-07-09,PT,point,NA,388
2022-06-05,5 wk ahead inc death,2022-07-09,RO,point,NA,11
2022-06-05,5 wk ahead inc death,2022-07-09,SK,point,NA,3
2022-06-05,5 wk ahead inc death,2022-07-09,SI,point,NA,5
2022-06-05,5 wk ahead inc death,2022-07-09,ES,point,NA,520
2022-06-05,5 wk ahead inc death,2022-07-09,SE,point,NA,69
2022-06-05,5 wk ahead inc death,2022-07-09,CH,point,NA,15
2022-06-05,5 wk ahead inc death,2022-07-09,GB,point,NA,220
