id,Country,2020-01-25,2020-01-26,2020-01-27,2020-01-28,2020-01-29,2020-01-30,2020-01-31,2020-02-01,2020-02-02,2020-02-03,2020-02-04,2020-02-05,2020-02-06,2020-02-07,2020-02-08,2020-02-09,2020-02-10,2020-02-11,2020-02-12,2020-02-13,2020-02-14,2020-02-15,2020-02-16,2020-02-17,2020-02-18,2020-02-19,2020-02-20,2020-02-21,2020-02-22,2020-02-23,2020-02-24,2020-02-25,2020-02-26,2020-02-27,2020-02-28,2020-02-29,2020-03-01,2020-03-02,2020-03-03,2020-03-04,2020-03-05,2020-03-06,2020-03-07,2020-03-08,2020-03-09,2020-03-10,2020-03-11,2020-03-12,2020-03-13,2020-03-14,2020-03-15,2020-03-16,2020-03-17,2020-03-18,2020-03-19,2020-03-20,2020-03-21,2020-03-22,2020-03-23,2020-03-24,2020-03-25,2020-03-26,2020-03-27,2020-03-28,2020-03-29,2020-03-30,2020-03-31,2020-04-01,2020-04-02,2020-04-03,2020-04-04,2020-04-05,2020-04-06,2020-04-07,2020-04-08,2020-04-09,2020-04-10,2020-04-11,2020-04-12,2020-04-13,2020-04-14,2020-04-15,2020-04-16,2020-04-17,2020-04-18,2020-04-19,2020-04-20,2020-04-21,2020-04-22,2020-04-23,2020-04-24,2020-04-25,2020-04-26,2020-04-27,2020-04-28,2020-04-29,2020-04-30,2020-05-01,2020-05-02,2020-05-03,2020-05-04,2020-05-05,2020-05-06,2020-05-07,2020-05-08,2020-05-09,2020-05-10,2020-05-11,2020-05-12,2020-05-13,2020-05-14,2020-05-15,2020-05-16,2020-05-17,2020-05-18,2020-05-19,2020-05-20,2020-05-21,2020-05-22,2020-05-23,2020-05-24,2020-05-25,2020-05-26,2020-05-27,2020-05-28,2020-05-29,2020-05-30,2020-05-31,2020-06-01,2020-06-02,2020-06-03,2020-06-04,2020-06-05,2020-06-06,2020-06-07,2020-06-08,2020-06-09,2020-06-10,2020-06-11,2020-06-12,2020-06-13,2020-06-14,2020-06-15,2020-06-16,2020-06-17,2020-06-18,2020-06-19,2020-06-20,2020-06-21,2020-06-22,2020-06-23,2020-06-24,2020-06-25,2020-06-26,2020-06-27,2020-06-28,2020-06-29,2020-06-30,2020-07-01,2020-07-02,2020-07-03,2020-07-04,2020-07-05,2020-07-06,2020-07-07,2020-07-08,2020-07-09,2020-07-10,2020-07-11,2020-07-12,2020-07-13,2020-07-14,2020-07-15,2020-07-16,2020-07-17,2020-07-18,2020-07-19,2020-07-20,2020-07-21,2020-07-22,2020-07-23,2020-07-24,2020-07-25,2020-07-26,2020-07-27,2020-07-28,2020-07-29,2020-07-30,2020-07-31,2020-08-01,2020-08-02,2020-08-03,2020-08-04,2020-08-05,2020-08-06,2020-08-07,2020-08-08,2020-08-09,2020-08-10,2020-08-11,2020-08-12,2020-08-13,2020-08-14,2020-08-15,2020-08-16,2020-08-17,2020-08-18,2020-08-19,2020-08-20,2020-08-21,2020-08-22,2020-08-23,2020-08-24,2020-08-25,2020-08-26,2020-08-27,2020-08-28,2020-08-29,2020-08-30,2020-08-31,2020-09-01,2020-09-02,2020-09-03,2020-09-04,2020-09-05,2020-09-06,2020-09-07,2020-09-08,2020-09-09,2020-09-10,2020-09-11,2020-09-12,2020-09-13,2020-09-14,2020-09-15,2020-09-16,2020-09-17,2020-09-18,2020-09-19,2020-09-20,2020-09-21,2020-09-22,2020-09-23,2020-09-24,2020-09-25,2020-09-26,2020-09-27,2020-09-28,2020-09-29,2020-09-30,2020-10-01,2020-10-02,2020-10-03,2020-10-04,2020-10-05,2020-10-06,2020-10-07,2020-10-08,2020-10-09,2020-10-10,2020-10-11,2020-10-12,2020-10-13,2020-10-14,2020-10-15,2020-10-16,2020-10-17,2020-10-18,2020-10-19,2020-10-20,2020-10-21,2020-10-22,2020-10-23,2020-10-24,2020-10-25,2020-10-26,2020-10-27,2020-10-28,2020-10-29,2020-10-30,2020-10-31,2020-11-01,2020-11-02,2020-11-03,2020-11-04,2020-11-05,2020-11-06,2020-11-07,2020-11-08,2020-11-09,2020-11-10,2020-11-11,2020-11-12,2020-11-13,2020-11-14,2020-11-15,2020-11-16,2020-11-17,2020-11-18,2020-11-19,2020-11-20,2020-11-21,2020-11-22,2020-11-23,2020-11-24,2020-11-25,2020-11-26,2020-11-27,2020-11-28,2020-11-29,2020-11-30,2020-12-01,2020-12-02,2020-12-03,2020-12-04,2020-12-05,2020-12-06,2020-12-07,2020-12-08,2020-12-09,2020-12-10,2020-12-11,2020-12-12,2020-12-13,2020-12-14,2020-12-15,2020-12-16,2020-12-17,2020-12-18,2020-12-19,2020-12-20,2020-12-21,2020-12-22,2020-12-23,2020-12-24,2020-12-25,2020-12-26,2020-12-27,2020-12-28,2020-12-29,2020-12-30,2020-12-31,2021-01-01,2021-01-02,2021-01-03,2021-01-04,2021-01-05,2021-01-06,2021-01-07,2021-01-08,2021-01-09,2021-01-10,2021-01-11,2021-01-12,2021-01-13,2021-01-14,2021-01-15,2021-01-16,2021-01-17,2021-01-18,2021-01-19,2021-01-20,2021-01-21,2021-01-22,2021-01-23,2021-01-24,2021-01-25,2021-01-26,2021-01-27,2021-01-28,2021-01-29,2021-01-30,2021-01-31,2021-02-01,2021-02-02,2021-02-03,2021-02-04,2021-02-05,2021-02-06,2021-02-07,2021-02-08,2021-02-09,2021-02-10,2021-02-11,2021-02-12,2021-02-13,2021-02-14,2021-02-15,2021-02-16,2021-02-17,2021-02-18,2021-02-19,2021-02-20,2021-02-21,2021-02-22,2021-02-23,2021-02-24,2021-02-25,2021-02-26,2021-02-27,2021-02-28,2021-03-01,2021-03-02,2021-03-03,2021-03-04,2021-03-05,2021-03-06,2021-03-07,2021-03-08,2021-03-09,2021-03-10,2021-03-11,2021-03-12,2021-03-13,2021-03-14,2021-03-15,2021-03-16,2021-03-17,2021-03-18,2021-03-19,2021-03-20,2021-03-21,2021-03-22,2021-03-23,2021-03-24,2021-03-25,2021-03-26,2021-03-27,2021-03-28,2021-03-29,2021-03-30,2021-03-31,2021-04-01,2021-04-02,2021-04-03,2021-04-04,2021-04-05,2021-04-06,2021-04-07,2021-04-08,2021-04-09,2021-04-10,2021-04-11,2021-04-12,2021-04-13,2021-04-14,2021-04-15,2021-04-16,2021-04-17,2021-04-18,2021-04-19,2021-04-20,2021-04-21,2021-04-22,2021-04-23,2021-04-24,2021-04-25,2021-04-26,2021-04-27,2021-04-28,2021-04-29,2021-04-30,2021-05-01,2021-05-02,2021-05-03,2021-05-04,2021-05-05,2021-05-06,2021-05-07,2021-05-08,2021-05-09,2021-05-10,2021-05-11,2021-05-12,2021-05-13,2021-05-14,2021-05-15,2021-05-16,2021-05-17,2021-05-18,2021-05-19,2021-05-20,2021-05-21,2021-05-22,2021-05-23,2021-05-24,2021-05-25,2021-05-26,2021-05-27,2021-05-28,2021-05-29,2021-05-30,2021-05-31,2021-06-01,2021-06-02,2021-06-03,2021-06-04,2021-06-05,2021-06-06,2021-06-07,2021-06-08,2021-06-09,2021-06-10,2021-06-11,2021-06-12,2021-06-13,2021-06-14,2021-06-15,2021-06-16,2021-06-17,2021-06-18,2021-06-19,2021-06-20,2021-06-21,2021-06-22,2021-06-23,2021-06-24,2021-06-25,2021-06-26,2021-06-27,2021-06-28,2021-06-29,2021-06-30,2021-07-01,2021-07-02,2021-07-03,2021-07-04,2021-07-05,2021-07-06,2021-07-07,2021-07-08,2021-07-09,2021-07-10,2021-07-11,2021-07-12,2021-07-13,2021-07-14,2021-07-15,2021-07-16,2021-07-17,2021-07-18,2021-07-19,2021-07-20,2021-07-21,2021-07-22,2021-07-23,2021-07-24,2021-07-25,2021-07-26,2021-07-27,2021-07-28,2021-07-29,2021-07-30,2021-07-31,2021-08-01,2021-08-02,2021-08-03,2021-08-04,2021-08-05,2021-08-06,2021-08-07,2021-08-08,2021-08-09,2021-08-10,2021-08-11,2021-08-12,2021-08-13,2021-08-14,2021-08-15,2021-08-16,2021-08-17,2021-08-18,2021-08-19,2021-08-20,2021-08-21,2021-08-22,2021-08-23,2021-08-24,2021-08-25,2021-08-26,2021-08-27,2021-08-28,2021-08-29,2021-08-30,2021-08-31,2021-09-01,2021-09-02,2021-09-03,2021-09-04,2021-09-05,2021-09-06,2021-09-07,2021-09-08,2021-09-09,2021-09-10,2021-09-11,2021-09-12,2021-09-13,2021-09-14,2021-09-15,2021-09-16,2021-09-17,2021-09-18,2021-09-19,2021-09-20,2021-09-21,2021-09-22,2021-09-23,2021-09-24,2021-09-25,2021-09-26,2021-09-27,2021-09-28,2021-09-29,2021-09-30,2021-10-01,2021-10-02,2021-10-03,2021-10-04,2021-10-05,2021-10-06,2021-10-07,2021-10-08,2021-10-09,2021-10-10,2021-10-11,2021-10-12,2021-10-13,2021-10-14,2021-10-15,2021-10-16,2021-10-17,2021-10-18,2021-10-19,2021-10-20,2021-10-21,2021-10-22,2021-10-23,2021-10-24,2021-10-25,2021-10-26,2021-10-27,2021-10-28,2021-10-29,2021-10-30,2021-10-31,2021-11-01,2021-11-02,2021-11-03,2021-11-04,2021-11-05,2021-11-06,2021-11-07,2021-11-08,2021-11-09,2021-11-10,2021-11-11,2021-11-12,2021-11-13,2021-11-14,2021-11-15,2021-11-16,2021-11-17,2021-11-18,2021-11-19,2021-11-20,2021-11-21,2021-11-22,2021-11-23,2021-11-24,2021-11-25,2021-11-26,2021-11-27,2021-11-28,2021-11-29,2021-11-30,2021-12-01,2021-12-02,2021-12-03,2021-12-04,2021-12-05,2021-12-06,2021-12-07,2021-12-08,2021-12-09,2021-12-10,2021-12-11,2021-12-12,2021-12-13,2021-12-14,2021-12-15,2021-12-16,2021-12-17,2021-12-18,2021-12-19,2021-12-20,2021-12-21,2021-12-22,2021-12-23,2021-12-24,2021-12-25,2021-12-26,2021-12-27,2021-12-28,2021-12-29,2021-12-30,2021-12-31,2022-01-01,2022-01-02,2022-01-03,2022-01-04,2022-01-05,2022-01-06,2022-01-07,2022-01-08,2022-01-09,2022-01-10,2022-01-11,2022-01-12,2022-01-13,2022-01-14,2022-01-15,2022-01-16,2022-01-17,2022-01-18,2022-01-19,2022-01-20,2022-01-21,2022-01-22,2022-01-23,2022-01-24,2022-01-25,2022-01-26,2022-01-27,2022-01-28,2022-01-29,2022-01-30,2022-01-31,2022-02-01,2022-02-02,2022-02-03,2022-02-04,2022-02-05,2022-02-06,2022-02-07,2022-02-08,2022-02-09,2022-02-10,2022-02-11,2022-02-12,2022-02-13,2022-02-14,2022-02-15,2022-02-16,2022-02-17,2022-02-18,2022-02-19,2022-02-20,2022-02-21,2022-02-22,2022-02-23,2022-02-24,2022-02-25,2022-02-26,2022-02-27,2022-02-28,2022-03-01,2022-03-02,2022-03-03,2022-03-04,2022-03-05,2022-03-06,2022-03-07,2022-03-08,2022-03-09,2022-03-10,2022-03-11,2022-03-12,2022-03-13,2022-03-14,2022-03-15,2022-03-16,2022-03-17,2022-03-18,2022-03-19,2022-03-20,2022-03-21,2022-03-22,2022-03-23,2022-03-24,2022-03-25,2022-03-26,2022-03-27,2022-03-28,2022-03-29,2022-03-30,2022-03-31,2022-04-01,2022-04-02,2022-04-03,2022-04-04,2022-04-05,2022-04-06,2022-04-07,2022-04-08,2022-04-09,2022-04-10,2022-04-11,2022-04-12,2022-04-13,2022-04-14,2022-04-15,2022-04-16,2022-04-17,2022-04-18,2022-04-19,2022-04-20,2022-04-21,2022-04-22,2022-04-23,2022-04-24,2022-04-25,2022-04-26,2022-04-27,2022-04-28,2022-04-29,2022-04-30,2022-05-01,2022-05-02,2022-05-03,2022-05-04,2022-05-05,2022-05-06,2022-05-07,2022-05-08,2022-05-09,2022-05-10,2022-05-11,2022-05-12,2022-05-13,2022-05-14,2022-05-15,2022-05-16,2022-05-17,2022-05-18,2022-05-19,2022-05-20,2022-05-21,2022-05-22,2022-05-23,2022-05-24,2022-05-25,2022-05-26,2022-05-27,2022-05-28,2022-05-29,2022-05-30,2022-05-31,2022-06-01,2022-06-02,2022-06-03,2022-06-04,2022-06-05,2022-06-06,2022-06-07,2022-06-08,2022-06-09,2022-06-10,2022-06-11,2022-06-12,2022-06-13,2022-06-14,2022-06-15,2022-06-16,2022-06-17,2022-06-18,2022-06-19,2022-06-20,2022-06-21,2022-06-22,2022-06-23,2022-06-24,2022-06-25,2022-06-26,2022-06-27,2022-06-28,2022-06-29,2022-06-30,2022-07-01,2022-07-02,2022-07-03,2022-07-04,2022-07-05,2022-07-06,2022-07-07,2022-07-08,2022-07-09,2022-07-10,2022-07-11,2022-07-12,2022-07-13,2022-07-14
0,Washington,1,1,1,1,1,1,1,1,1,1,1,1,1,1,1,1,1,1,1,1,1,1,1,1,1,1,1,1,1,1,1,1,1,1,1,7,11,18,27,39,70,78,102,122,122,167,282,442,568,642,603,779,955,1022,1374,1524,1793,1997,2221,2328,2591,3207,3477,4030,4465,4923,5432,5608,6389,6846,7247,7825,8311,8692,9276,9639,10119,10434,10609,10635,10799,10942,11057,11517,11776,11978,12114,12392,12596,12753,12977,13319,13521,13686,13842,14070,14327,14637,15003,15185,15462,15594,15905,16231,16388,16674,16891,17122,17330,17512,17773,17951,18288,18433,18611,18811,18971,19117,19265,19265,19828,20065,20181,20406,20764,21071,21349,21702,22239,22516,22764,23024,23483,23767,24078,24378,24630,24892,25176,25542,25825,26158,26530,26787,27193,27608,28225,28676,28874,29394,29874,30372,30866,31422,31766,32267,32831,33439,34152,34909,35260,35902,36959,37393,37916,38563,39202,39806,40672,41749,42295,43037,44299,45052,46022,46956,47751,48590,49250,49982,50832,51870,52669,53339,54201,54979,55751,56736,57586,58216,58767,59447,60132,60963,61686,62583,63189,63769,64260,64800,65439,66254,66989,67581,67854,68386,68922,69662,70180,71007,71471,71814,72161,72634,73217,73801,74420,74885,75195,75502,75977,76537,77034,77559,77979,78295,78492,78781,79280,79880,80374,80738,81056,81392,81776,82193,82610,83239,83622,83925,84270,84814,85397,86422,87062,87519,87897,88291,88823,89463,90179,90821,91290,91709,92136,92692,93450,94143,94691,95539,95914,96521,97240,97938,98713,99539,100105,100572,101064,101864,102567,103379,104328,105069,105665,106212,106963,107843,108954,109932,110808,111848,112593,114127,115251,117023,118771,120221,121467,122887,124549,126574,128821,131141,133391,134969,137561,139120,141231,143405,145281,147929,151488,154770,157790,160663,162730,165124,167231,169500,171962,175033,177358,179443,181329,183081,189152,192947,196032,199028,202177,206288,208717,210809,212584,214265,214265,217205,220268,222600,222600,226635,227887,230202,233093,233093,236719,236719,238672,240846,242330,246752,246752,246752,255396,256435,258767,260752,264012,268607,271595,271595,276686,278544,281202,283777,285970,285970,289939,289939,291989,294017,296087,298249,300198,300198,302141,303482,305289,307809,309801,311597,311597,313335,314692,316294,317878,319371,320146,320146,323214,324025,324706,326159,327167,328047,328047,328047,329746,330807,332007,332904,333794,333794,334962,335693,336565,337653,338822,339773,339773,340708,341441,342236,343090,343868,344532,344532,345731,346403,347131,347884,348516,349425,349425,350506,351109,352012,352907,353792,354782,354782,355986,356536,357499,358606,359666,361115,361115,362385,363235,364486,365762,367115,368403,368403,370017,370652,372170,373212,374794,376230,376230,377952,379056,380339,381725,383894,385549,385549,386920,388718,390214,391839,393594,395312,395312,397417,398509,400149,401718,403040,404709,404709,407191,408607,409933,411075,412483,413980,413980,415705,416930,418020,419382,421757,422665,422665,423382,424050,424903,425848,427494,427494,427494,429499,430415,432170,433701,434783,435849,435849,435849,436984,437677,438544,439263,440057,440057,440889,441591,442098,442815,443454,444166,444166,444722,445155,445686,446124,446682,447203,447203,447724,448142,448945,449491,449983,450404,450404,450930,451248,451595,452072,452483,452483,452483,452483,453665,454068,454650,455103,455103,455103,456709,457814,458517,459306,460067,460067,460067,461847,462577,463537,466099,466099,466235,466235,469308,470333,471489,472362,473076,473076,473076,475881,481357,483389,486303,488640,488640,488640,495338,495357,500434,504132,507294,507294,507294,514884,517214,520733,524670,528453,528453,528453,536814,539887,542878,546721,550988,550988,550988,559762,563041,567104,571468,575490,575490,575490,575490,586694,590281,594344,597732,597732,597732,607160,609911,613670,616871,620752,620752,620752,628488,631023,633278,637367,640496,640496,640496,649284,652011,654710,657626,660910,660910,660910,667834,670207,672782,675695,677995,677995,677995,684532,686417,689484,692337,695016,695016,695016,695016,702425,704878,708032,710511,710511,710511,716315,717924,719500,722839,725435,725435,725435,730108,731894,733535,735881,737698,737698,737698,742919,744364,746354,746354,750477,750477,750477,755011,756310,758483,760482,762118,762118,762118,766008,767045,768151,768151,768151,768151,768151,773069,774465,774465,778916,780835,780835,780835,784129,786042,787245,788877,790412,790412,790412,793757,794878,796369,798239,800329,800329,800329,805831,807529,809600,813741,813741,813741,813741,834235,837378,842196,849075,849075,849075,849075,882144,888336,899036,913980,931071,931071,931071,978680,991838,1009187,1025322,1041456,1041456,1041456,1041456,1105622,1119228,1135778,1152026,1151835,1151835,1203311,1203311,1257918,1257918,1294497,1294497,1294497,1339737,1339737,1355428,1355428,1367763,1367763,1367763,1382782,1382782,1391026,1391026,1410596,1410596,1410596,1410658,1410658,1410611,1410499,1410499,1409253,1409253,1409253,1409253,1414429,1414222,1417498,1417498,1417498,1423990,1423990,1427013,1427013,1430235,1430235,1430235,1432321,1432321,1434783,1434783,1437914,1437914,1437914,1440632,1440632,1440633,1442947,1445223,1445223,1445223,1446845,1446845,1448779,1448779,1451227,1451227,1451227,1453251,1453251,1454772,1454772,1456264,1456264,1456264,1458424,1458424,1464398,1464398,1467059,1467059,1467059,1467059,1467059,1471754,1471754,1474548,1474548,1474548,1477863,1477863,1479559,1479559,1483332,1483332,1483332,1483332,1489316,1493194,1493194,1498116,1498116,1498116,1510285,1510285,1508065,1508065,1508065,1508065,1508065,1519327,1519327,1524078,1524078,1530430,1530430,1530430,1538228,1538228,1544119,1544119,1552956,1552956,1552956,1559662,1559662,1565696,1565696,1573651,1573651,1573651,1573651,1573651,1583206,1583206,1591654,1591654,1591654,1600084,1600084,1600084,1600084,1610793,1610793,1610793,1617208,1617208,1622214,1622214,1628383,1628383,1628383,1628383,1628383,1640182,1640182,1646657,1646657,1646657,1654445,1654445,1659152,1659152,1666301,1666301,1666301,1666301,1666301,1677766,1677766,1684668,1684668,1684668,1692004,1692004,1695915,1695909
1,Illinois,1,1,1,1,1,1,2,2,2,2,2,2,2,2,2,2,2,2,2,2,2,2,2,2,2,2,2,2,2,2,2,2,2,2,2,2,3,4,4,4,5,5,6,7,7,12,25,32,46,64,66,83,161,272,422,585,753,1049,1285,1537,1865,2538,3024,3491,4596,5056,5994,6980,7695,8904,10357,11259,12262,13553,15078,16422,17887,19180,20852,22025,23248,24593,25734,27578,29160,30357,31513,33059,35107,36937,39658,41777,43903,45883,48102,50358,52918,56055,58505,61499,63777,65889,68232,70871,73760,76085,77741,79007,83021,84694,87937,90369,92457,94191,96485,98030,100418,102688,105444,107796,110304,112017,113195,114306,115833,117455,118917,120260,121234,122848,123830,124759,125915,126890,127757,128415,129212,129837,130603,131198,131871,132543,133016,133639,134185,134778,135470,136104,136762,137224,137825,138540,139434,140291,141077,141723,142461,143185,144013,144882,145750,146612,147251,147865,149574,150554,151572,152899,154094,155048,155931,156638,157825,159082,160509,161785,162750,163922,164864,166475,168096,169696,171122,172663,173894,174968,176363,178135,180115,181754,183224,184522,185993,187752,189705,191808,193998,195380,196699,198248,199893,201727,204023,205851,207412,209185,210924,213220,215052,217345,219701,221594,223206,224887,227043,228750,231186,233066,235058,236724,238216,240344,241704,247298,250102,251515,252884,254276,255613,257566,259879,261999,263459,264831,266295,268238,270294,272517,275041,276443,277920,279453,281303,283559,286332,288773,290373,292082,293448,295720,297884,300340,302782,304235,306088,307705,310335,313429,316546,319451,322178,324918,327771,330637,334651,339757,343386,347631,350744,354457,358799,363740,368740,374901,378958,383687,387687,393797,400159,408648,416547,423527,429749,436265,443803,453738,465540,477978,487987,498560,511183,523840,536542,551957,562985,573616,585248,597849,606771,621383,634395,646286,656298,664620,674089,685467,697489,705063,712936,720114,726304,738846,748603,759562,770088,779975,787573,796264,804174,812430,823531,832951,841688,848904,856118,863477,870600,879428,886805,894367,900370,905069,911308,918070,925107,930849,934142,937909,942362,948006,955380,963389,963389,975352,979821,984880,991719,999288,1008045,1017322,1024039,1028750,1033526,1040168,1046030,1052682,1059324,1064667,1068829,1072214,1076532,1081354,1086333,1093375,1098527,1101819,1104763,1108430,1112181,1116372,1120528,1123873,1126301,1128613,1130917,1134231,1137559,1141219,1144281,1146346,1148088,1150170,1152995,1155833,1158431,1160523,1162154,1163574,1164922,1166717,1168684,1170902,1172824,1174409,1175655,1177320,1179342,1181226,1183667,1185447,1186696,1187839,1189416,1191520,1193260,1194702,1197267,1198335,1199517,1201027,1202709,1204409,1206172,1207847,1209331,1210113,1212110,1213765,1216090,1218470,1220432,1221863,1223083,1224915,1227708,1229898,1232900,1235578,1237828,1239589,1241993,1244585,1248111,1251346,1254185,1256634,1258736,1261667,1265457,1269196,1273200,1276830,1279772,1282205,1285398,1288934,1292515,1296381,1299575,1302241,1304200,1306787,1309552,1312722,1316091,1318998,1321033,1323170,1325726,1328454,1331848,1335055,1337868,1339728,1341777,1343988,1346398,1348176,1351497,1353226,1354967,1356391,1357953,1359748,1361666,1363507,1365020,1366268,1367214,1368709,1370342,1371884,1373457,1374565,1375508,1376441,1377249,1378388,1379279,1380261,1381063,1381665,1382186,1382587,1383065,1383739,1384365,1384903,1385245,1385489,1385854,1386262,1386628,1387029,1387297,1387595,1387760,1387986,1388338,1388586,1388688,1388688,1388723,1389478,1389670,1389928,1390177,1390470,1390470,1390470,1391179,1391482,1391740,1392197,1392554,1392554,1392554,1392554,1393775,1394237,1394856,1395499,1395499,1395499,1397091,1397670,1398413,1399273,1399948,1399948,1399948,1402765,1403509,1404471,1406462,1407932,1407932,1407932,1411823,1413502,1415587,1417265,1419611,1419611,1419611,1425220,1427904,1430276,1433316,1436358,1436358,1436358,1444211,1447167,1451109,1454231,1457692,1457692,1457692,1466816,1470461,1474289,1477469,1482376,1482376,1482376,1491586,1494574,1499030,1503072,1508012,1508012,1508012,1518071,1522950,1528129,1532351,1538333,1538333,1538333,1538333,1550378,1554350,1559088,1564391,1564391,1564391,1573543,1578203,1582400,1586744,1590350,1590350,1590350,1598763,1601764,1605324,1608833,1612135,1612135,1612135,1618809,1621186,1624179,1627516,1630878,1630878,1630878,1638007,1641066,1644002,1647375,1650118,1650118,1650118,1650118,1657977,1660896,1663374,1665786,1665786,1665786,1671282,1673358,1675809,1677952,1680922,1680922,1680922,1686062,1688280,1690289,1692889,1695537,1695537,1695537,1701658,1704047,1705793,1710058,1712996,1712996,1712996,1720350,1722596,1727641,1727641,1735596,1735596,1735596,1744510,1747515,1752510,1758147,1763875,1763875,1763875,1775256,1779844,1784906,1784906,1784906,1784906,1784906,1804163,1809877,1816002,1827528,1835082,1835082,1835082,1854190,1861256,1867916,1877216,1884747,1884748,1884748,1904260,1911658,1921436,1933299,1944061,1944061,1944061,1975520,1985799,2002370,2021304,2021320,2021320,2021320,2077279,2098083,2119190,2149574,2149574,2149574,2149574,2238762,2263192,2295478,2339563,2382480,2382480,2382480,2460321,2488422,2522975,2560013,2589648,2589656,2589656,2589656,2682991,2709479,2732731,2773401,2773401,2773401,2837976,2851577,2867339,2881761,2897192,2897192,2897192,2920981,2929646,2939117,2939117,2957582,2957582,2957582,2971526,2977359,2982097,2987514,2987514,2987514,2987514,3001775,3004676,3007997,3010535,3013718,3013718,3013718,3013718,3019960,3022690,3024667,3026740,3026740,3026740,3031223,3033064,3034706,3035876,3037205,3037205,3037205,3039809,3040864,3042498,3043900,3045720,3045720,3045720,3048043,3049619,3050650,3051800,3053191,3053191,3053191,3055642,3057085,3058195,3059922,3061232,3061231,3061230,3063741,3065327,3066652,3068244,3069659,3069659,3069659,3072641,3074439,3076633,3078130,3080443,3080443,3080443,3084908,3086670,3088733,3092072,3094495,3094495,3094495,3100245,3102717,3106647,3110236,3114045,3114045,3114045,3122195,3124707,3128140,3132736,3138692,3138692,3138692,3147677,3151719,3157467,3161619,3169327,3169327,3169327,3183746,3189093,3195253,3200941,3209355,3209355,3209355,3226203,3231534,3237297,3244848,3249542,3249542,3249542,3263974,3267961,3274366,3280729,3286381,3286381,3286381,3286381,3302423,3306763,3313162,3318982,3318982,3318982,3332780,3337641,3342542,3346836,3352983,3352983,3352983,3361646,3365525,3371262,3376596,3380095,3380095,3380095,3380095,3393519,3398128,3401621,3407189,3407189,3407189,3417093,3421334,3425979,3430843,3435405,3435405,3435405,3435405,3446267,3451749,3457545,3462948,3462948,3462948,3474890,3480965,3486089,3491407
2,California,0,2,2,2,2,2,3,3,3,6,6,6,6,6,6,6,6,7,7,8,8,8,8,9,10,10,10,10,10,10,11,12,13,13,13,13,19,23,29,40,50,68,94,113,136,158,183,226,279,335,374,533,617,793,983,1244,1396,1697,2073,2501,3013,3879,4549,7514,5495,6864,8011,9265,10764,12088,12834,14489,15999,17096,18576,19536,20752,21461,22204,23406,24544,26356,27578,29296,30642,31307,33562,35753,37748,39596,41466,42432,43735,45313,46828,49225,50714,52548,53886,55253,56613,59201,61080,63005,65129,67260,68451,69956,71645,73677,75456,77400,79470,81057,82503,84650,86928,89237,91482,93549,95335,97447,99917,102582,104742,107883,111538,113871,116310,118731,120952,123982,127112,129919,132454,134709,137521,140620,143632,147435,150684,153234,155550,159314,163862,168525,172752,177455,181633,187551,195445,201106,206588,213103,217390,223553,230709,240816,248163,256079,261518,266886,277985,284364,295506,303384,311541,319877,328135,335723,343586,354685,363240,373214,382134,390697,397425,406828,418994,430592,439466,449523,457574,464224,470355,480366,491150,499538,506946,515560,521131,525736,531899,537641,546025,553712,561971,569328,580784,591023,599343,605451,619815,627472,633595,638262,644726,650718,656290,662872,669343,674357,678845,684958,689312,694747,699746,705623,709759,713659,717907,723174,728260,733244,738078,741099,743667,745465,748894,752294,756540,761101,763951,766417,769434,772857,776633,780968,785115,788350,791191,794485,797853,801477,805734,809773,812595,814907,818303,821499,825003,829149,833407,836192,838043,841021,844918,848840,853050,856852,860225,862862,865735,869220,872508,875711,878729,882171,885571,889450,892633,899002,905223,910469,913429,916823,921520,925904,930298,935611,940312,944523,949028,954747,959937,967011,973343,982204,988045,994192,1002437,1009848,1017541,1028012,1039339,1048772,1058937,1070355,1082821,1097152,1113402,1128478,1136727,1153737,1173065,1188801,1201431,1214262,1230159,1244324,1259324,1282961,1303670,1328177,1355357,1385917,1410788,1436689,1471006,1502990,1541556,1579308,1611127,1641713,1675107,1730359,1786497,1830954,1876542,1921808,1958760,1996183,2035814,2076500,2120897,2147808,2199450,2232512,2269866,2306942,2327864,2385346,2435592,2481935,2513325,2550242,2585536,2624684,2676342,2729043,2777763,2816664,2854796,2893744,2931025,2973865,3015364,3056762,3086639,3112463,3137247,3158419,3181673,3204854,3229163,3255057,3272154,3290742,3308422,3328890,3348678,3368411,3384764,3397875,3410032,3423975,3438590,3452323,3467405,3478938,3488328,3498094,3507232,3518207,3527956,3538263,3545045,3550830,3555953,3562414,3569823,3577520,3585080,3590212,3594299,3600370,3606408,3612438,3618508,3623844,3627751,3630781,3635046,3639423,3644877,3650405,3655204,3658901,3661914,3665347,3669046,3672925,3677524,3679608,3682215,3683880,3686477,3689839,3693420,3696782,3700209,3702345,3704460,3706665,3709471,3712341,3715872,3718979,3721413,3723690,3725852,3728434,3731087,3735980,3737782,3739414,3742712,3745148,3747590,3750378,3755532,3760837,3763904,3765708,3768384,3770719,3773412,3776500,3779316,3781423,3783176,3785549,3788152,3790216,3791281,3793626,3795764,3797504,3799323,3801018,3802987,3805259,3807661,3809297,3810774,3812403,3813979,3816769,3818910,3820793,3822264,3823475,3824912,3826515,3828522,3830543,3832069,3833152,3833941,3835008,3836435,3838237,3839600,3840972,3842114,3842832,3844166,3845699,3850895,3852281,3853561,3854271,3854751,3855337,3856252,3857439,3858685,3859887,3860829,3861686,3862717,3863675,3864910,3866007,3866986,3867627,3868569,3869373,3870258,3871568,3872574,3873735,3874846,3875679,3876507,3878026,3880072,3881876,3884104,3885320,3886450,3882512,3884262,3886060,3886846,3887525,3888082,3892008,3893931,3895753,3898257,3899582,3900867,3907194,3910708,3915500,3919280,3922505,3926199,3928200,3938156,3943791,3951297,3957506,3965795,3966860,3972614,3987732,3997019,4005047,4013135,4023895,4028574,4032109,4056389,4066208,4076330,4086586,4101744,4115727,4128477,4138089,4151172,4162471,4173663,4188041,4203770,4216938,4227653,4241017,4256384,4270218,4285624,4311014,4325027,4334816,4348882,4362111,4375349,4389934,4406227,4420635,4431985,4444860,4469140,4481029,4493640,4506177,4517558,4526026,4533284,4544570,4553335,4561234,4577208,4585694,4591958,4607451,4616534,4625147,4635464,4645483,4654022,4659906,4668445,4676157,4683632,4691184,4693838,4695639,4713278,4720905,4728147,4734873,4743372,4746093,4747692,4762515,4768041,4773922,4779418,4786514,4788775,4790161,4803536,4808465,4813993,4818473,4823984,4827339,4827564,4841176,4846798,4851631,4857523,4864334,4866409,4867814,4868962,4888930,4894060,4899640,4907244,4909800,4911418,4924564,4932011,4936668,4942164,4950454,4953637,4955420,4967861,4975062,4979839,4984909,4987209,4996992,4999885,5006310,5010830,5016206,5021463,5027184,5030091,5032066,5042296,5046992,5051580,5053696,5053794,5056025,5056814,5071645,5077250,5082959,5088275,5096608,5100087,5102582,5117632,5124804,5129602,5137797,5144529,5147923,5149892,5162626,5168913,5175293,5181343,5189426,5194374,5198338,5215151,5225729,5237622,5253475,5274396,5287472,5288124,5310174,5359093,5388952,5428958,5483912,5520035,5521735,5569284,5709305,5792198,5850867,5965451,6026935,6063949,6261256,6392940,6544829,6658017,6806486,6872742,6916613,7123747,7225436,7305221,7433283,7567789,7645980,7686818,7865907,7974108,8067117,8131671,8220084,8260322,8282924,8396353,8444090,8484981,8516652,8567902,8590299,8600811,8634743,8681003,8752863,8766776,8789177,8800032,8805070,8834440,8848058,8859064,8875535,8890481,8898016,8901398,8904192,8927507,8937147,8947123,8960946,8965289,8967586,8978335,8986234,8990561,8997613,9005133,9008732,9010173,9016646,9023352,9026792,9031394,9036771,9039499,9041125,9046280,9051119,9052961,9056682,9062835,9067047,9070308,9074969,9080481,9083496,9087535,9091095,9093066,9094108,9097498,9100324,9102185,9105980,9110518,9112677,9112760,9112832,9119850,9122416,9123759,9131550,9136666,9136772,9136895,9139851,9148870,9150058,9157370,9160045,9160190,9160331,9171482,9174691,9176199,9188720,9193866,9194117,9194367,9211590,9216524,9218640,9232620,9238328,9238639,9238962,9259755,9266082,9269222,9282774,9293882,9294266,9294630,9320772,9329038,9332918,9346647,9355849,9356316,9356831,9397206,9408583,9413990,9442639,9454435,9454916,9455437,9500526,9514666,9519994,9550840,9565825,9566379,9566859,9611704,9625656,9631482,9655685,9669861,9670501,9671136,9725772,9742936,9750301,9782266,9799500,9800112,9800742,9848925,9864476,9871148,9889755,9904135,9904728,9905290,9959868,9970670,9977259,10010497,10031714,10032388,10033019,10082388,10100264,10107820,10144659,10163307,10163779,10164067,10214963,10231342,10236288,10263325,10274000,10274000,10274000,10340073,10360370,10366923,10375920
3,Arizona,0,1,1,1,1,1,1,1,1,1,1,1,1,1,1,1,1,1,1,1,1,1,1,1,1,1,1,1,1,1,1,1,1,1,1,1,1,1,1,1,1,2,4,4,4,6,9,9,9,12,12,18,20,27,45,68,104,152,235,326,401,508,665,773,919,1157,1289,1413,1596,1769,2019,2269,2460,2575,2726,3018,3112,3393,3542,3705,3809,3964,4237,4511,4724,4933,5068,5256,5473,5772,6045,6286,6534,6725,6955,7209,7655,7969,8364,8640,8924,9305,9707,9945,10526,10960,11119,11383,11736,12216,12674,13169,13666,13945,14208,14576,14906,15348,15624,16053,16377,16575,16864,17318,17877,18472,19258,19936,20129,21264,22356,22886,24439,25451,26989,27678,28296,29852,31267,33039,34660,35706,36844,39185,40937,43445,46910,50127,52591,54599,58378,60190,63281,66659,70124,73920,74545,79228,84105,87445,91872,94567,98103,101455,105094,108614,112671,116892,119930,122467,123824,128097,131354,134613,138523,141265,143624,145183,148683,150609,152944,156301,160041,162014,163827,165934,168273,170798,174010,177002,178467,179497,180505,182203,183656,185053,186107,186923,187523,188737,189443,190794,191721,192654,193537,194005,194920,195557,196280,196899,197895,198103,198414,199273,199459,200139,200658,201287,201661,201835,202342,202861,203953,204681,205517,205767,205964,206045,206541,207002,207523,208128,208512,208725,209209,209907,211660,212942,213551,214021,214251,214846,215284,215852,216367,216826,217237,217510,218184,218507,219212,219763,220399,220754,221070,221934,222538,223401,224084,224978,225575,226050,226734,227635,228748,229486,230459,231149,231897,232937,233912,234906,235882,236772,238163,238964,240122,241165,242480,244045,245946,247473,248139,249818,250633,252768,254764,257384,259264,259699,263133,265163,266562,269577,273053,275436,276912,279896,283102,287225,291696,295334,299665,302324,306868,310850,314324,318638,322774,325995,326817,337139,340979,346421,352101,358900,364276,365843,378157,382601,387529,394512,402589,408442,420248,424382,429219,435036,442671,448231,453597,461345,467215,473273,480319,486935,493041,494337,504423,507222,512489,520207,530267,539150,556384,561542,567474,574680,584593,596251,607345,618546,627541,636100,641729,649040,658186,666901,673882,679282,685699,690544,699942,708041,715357,722574,727895,732643,738561,743232,748260,753379,758404,762145,765083,767379,771796,775622,779093,780637,782887,787268,789245,791106,793532,795323,797270,798608,799740,801055,802198,804116,806163,807967,809474,810658,811968,812907,814528,815707,816782,817821,818670,819954,821108,823384,825119,826454,827237,827800,828630,830655,831832,832094,832743,833381,833878,834323,834607,835030,835765,836253,836737,837244,837849,837987,838558,839334,839888,840492,841078,841811,842192,843132,843838,844302,844910,845480,846230,846900,848202,849021,849561,850236,850846,851265,851725,852570,853050,853761,854453,855155,855804,856451,857347,858076,858737,859487,860169,860772,861653,862497,863571,863927,864579,865280,866022,866623,867443,868382,868830,869472,870155,870624,871168,872022,872496,872978,873446,874065,874605,875195,875766,876411,876732,877182,877682,878338,879102,879909,880466,880466,881450,881454,882369,882691,883037,883314,883821,884195,884609,885042,885412,885834,886404,886752,887146,887569,888005,888337,888701,889342,889727,890111,890533,891023,891649,892236,892711,893147,893560,894106,894875,895347,895873,896518,896960,897010,897910,898283,898908,899829,900636,901439,901561,901906,903851,904865,906116,906116,908248,909282,910436,911479,912653,914132,915660,917168,918609,920084,921445,923204,925169,927235,929541,931387,933361,935647,937936,940762,943415,946054,948245,950827,952797,955767,958992,962410,965462,967862,970523,972925,976471,979580,982775,986082,988714,991309,991309,998164,1001871,1005764,1007854,1011101,1011923,1016663,1020133,1023935,1027359,1030430,1032808,1034790,1037012,1039492,1042480,1045835,1048600,1050878,1053487,1055919,1058774,1061604,1064346,1066803,1068823,1070757,1072863,1075876,1078874,1081790,1084369,1086328,1087451,1090839,1093583,1097225,1100167,1102422,1104535,1106789,1108830,1111359,1114061,1116419,1118601,1120361,1122390,1124709,1127095,1129494,1131976,1131976,1131976,1137636,1139627,1142122,1145196,1148340,1149824,1149982,1150432,1156731,1159526,1163217,1166060,1168900,1170990,1172105,1175520,1179072,1182885,1186477,1189708,1192365,1195483,1198277,1202450,1207348,1211333,1214419,1217193,1220433,1223892,1228076,1233146,1238249,1241878,1245127,1248184,1252248,1255597,1258919,1262574,1264848,1266809,1269780,1272943,1276955,1282191,1288234,1292054,1295076,1298091,1301597,1305260,1309184,1312958,1316189,1318580,1320748,1323997,1326908,1330594,1334061,1336806,1338982,1341377,1344183,1347405,1351213,1354708,1355052,1362693,1362693,1364669,1368080,1381488,1389708,1390409,1404601,1411813,1419562,1430241,1445129,1461633,1477483,1491420,1505580,1524363,1542936,1563193,1563193,1567192,1621858,1645694,1666191,1683915,1701949,1729630,1752552,1767302,1781274,1799503,1813796,1829406,1844912,1858385,1870644,1878211,1886541,1894335,1903412,1911655,1918034,1922450,1926240,1931642,1931642,1941802,1946086,1950483,1953168,1953168,1957085,1959866,1962920,1962920,1967702,1967704,1970442,1971678,1973479,1975252,1976890,1976890,1976890,1976890,1976890,1980769,1980769,1980769,1980769,1980769,1980769,1980769,1987318,1987318,1987318,1987318,1987318,1987318,1987318,1992471,1992471,1992471,1992471,1992471,1992471,1992471,1997037,1997037,1997037,1997037,1997037,1997037,1997037,2007180,2007180,2007180,2007180,2007180,2007180,2007180,2014020,2014020,2014020,2014020,2014020,2014020,2016797,2016797,2016797,2016797,2016797,2016797,2016797,2019174,2019174,2019174,2019174,2019174,2019174,2019174,2021524,2021524,2021524,2021524,2021524,2021524,2021524,2025435,2025435,2025435,2025435,2025435,2025435,2025435,2030925,2030925,2030925,2030925,2030925,2030925,2030925,2038129,2038129,2038129,2038129,2038129,2038129,2038129,2049627,2049627,2049627,2049627,2049627,2049627,2049627,2062669,2062669,2062669,2062669,2062669,2062669,2062669,2077346,2077346,2077346,2077346,2077346,2077346,2077346,2093680,2093680,2093680,2093680,2093680,2093680,2093680,2109053,2109053,2109053,2109053,2109053,2109053,2109053,2125567,2125567,2125567,2125567,2125567,2125567,2125567,2145765,2145765,2145765,2145765,2145765,2145765,2145765,2161045,2161045
4,Massachusetts,0,0,0,0,1,1,1,1,1,1,1,1,2,2,2,2,2,2,2,2,2,2,2,2,2,2,2,2,2,2,2,2,2,2,2,2,3,3,4,6,14,28,72,91,96,110,132,161,222,295,363,512,760,1019,1297,1684,2006,2292,2900,3618,4366,5301,6242,6899,7422,8660,9924,11263,12542,14028,15191,16172,18103,20127,21990,23977,26037,27338,28271,30294,33173,35778,38170,41168,42657,43750,46442,48637,51348,53755,56039,57537,58384,60516,62625,64816,66867,68953,69984,70723,72605,74343,76048,77733,79190,79882,80277,81588,83041,84358,85674,86782,87433,87805,89125,90202,91231,92209,93092,93492,93808,94023,94907,95617,96268,96805,97090,97260,97774,98228,98697,99079,99419,99571,99725,100090,100441,100707,100946,101209,101314,101398,101637,101847,102106,102367,102547,102644,102727,102957,103153,103368,103582,103790,103932,104005,104213,104440,104667,104901,105010,105077,105192,105442,105695,105926,106201,106447,106573,106675,106977,107214,107532,107778,108023,108158,108252,108545,108836,109126,109428,109710,109894,110037,110422,110778,111129,111483,111836,111988,112109,112490,112814,113161,113543,113868,114050,114152,114532,114839,115152,115521,115882,116058,116179,116561,116958,117301,117662,117962,118127,118237,118650,119054,119455,119832,120208,120411,120568,121018,121422,121826,121546,121758,122196,122562,122791,122962,123143,123546,123986,124540,124826,125080,125393,125699,126128,126582,127181,127540,127796,127969,128512,128993,129481,130050,130642,131072,131584,132116,132870,133631,134303,134947,135462,135957,136492,136936,137701,138340,138903,139663,140412,140992,141579,142346,142930,143660,144488,145464,146166,147215,148285,149488,150565,151777,153037,154218,155564,157146,158576,159707,160549,161585,163299,165161,167274,169576,171399,172727,174881,177541,180189,183095,186142,188275,190439,192964,195868,198550,200949,204155,206850,208623,211199,214594,214594,219252,222469,224964,226132,229205,234232,240907,246398,252017,256844,259325,263447,269412,274781,280436,285725,290578,294231,298160,304112,309247,314926,319270,323531,327374,331174,335988,341925,341925,349602,352736,356934,361079,367918,375178,375178,384181,387662,392568,397202,404053,411601,419721,427135,432791,437042,442529,448447,454402,459927,465726,470140,473441,476526,481040,486180,491452,496093,500037,503688,506183,509503,514134,517252,521360,524025,526423,528662,531117,533921,537208,540827,543934,545303,546896,548946,551396,553812,555895,557777,559350,560576,561936,563976,565794,567764,569284,570546,571783,573885,575993,577980,579680,581148,582543,582844,584743,586310,588209,589931,591356,592344,593607,595264,597073,598859,600616,602308,603464,604666,606377,608318,610481,612857,614668,615874,617695,619816,622226,624986,627556,629531,631031,633081,635580,638339,640779,643232,643232,646220,648023,650573,652966,655278,657578,659569,661101,662699,664943,667066,669282,671250,672657,673974,675162,676758,678386,680007,681570,682784,683665,684630,686243,687638,688973,690279,691172,691735,692589,693608,694769,695745,696540,697398,697872,698427,699187,699908,700337,701490,702039,702338,702776,703292,703897,704345,704796,705142,705370,705598,706027,706272,706559,706783,706945,706945,707131,707265,707523,707723,707940,708083,708195,708316,708459,708579,708710,708836,708875,708933,709012,709080,709187,709263,709354,709395,709443,709476,709544,709622,709682,709738,709769,709810,709873,709966,710049,710138,710138,710138,710138,710428,710519,710629,710830,710830,710830,711162,711446,711676,711943,712272,712272,712272,713037,713489,714014,714556,715180,715180,715180,716452,717284,717944,718849,719780,719780,719780,721885,722986,724018,725189,726395,726395,726395,729047,730381,731821,733188,734486,734486,734486,737579,739047,740626,742202,743735,743735,743735,747153,748753,750248,752139,753795,753795,753795,758094,759869,761906,763673,765584,765584,765584,765584,771267,772742,775149,777022,777022,777022,782107,783750,786627,788775,790953,790953,790953,795543,796925,798905,800909,802829,802829,802829,807182,808673,810319,811951,813599,813599,813599,816950,818290,819939,821661,823485,823485,823485,823485,827930,829873,831662,833311,833311,833311,836302,838347,839817,841198,842652,842652,842652,846044,847512,848947,849099,851922,851922,851922,855230,856494,857959,859713,861480,861480,861480,865806,867345,869293,869293,873281,873281,873281,879127,881310,884299,887889,890733,890733,890733,897874,900985,904407,904407,909705,909705,909705,915495,919097,924400,930079,935844,935844,935844,947463,951969,957889,963923,969589,969589,969589,981261,985946,991709,998400,1005470,1005470,1005470,1019682,1026129,1034731,1044522,1055519,1055519,1055519,1069310,1079660,1095825,1117911,1140614,1140614,1140614,1173704,1192549,1223354,1250765,1279928,1279928,1279928,1344643,1365608,1389904,1411613,1426283,1426283,1426283,1426283,1487277,1503398,1519783,1535901,1535986,1535986,1563019,1571650,1580605,1590302,1598451,1598451,1598451,1611594,1614642,1620268,1625704,1630462,1630462,1630462,1637528,1639656,1642896,1645809,1648656,1648656,1648656,1652829,1654513,1656412,1659075,1661206,1661206,1661206,1661206,1665586,1666622,1668242,1669594,1669594,1669594,1671292,1672594,1673611,1674585,1675767,1675767,1675767,1677619,1678247,1679034,1679921,1680673,1680673,1680673,1682693,1683224,1684036,1685055,1685937,1685937,1685937,1687720,1688534,1689750,1690983,1692177,1692177,1692177,1694801,1695750,1697165,1698761,1700361,1700361,1700361,1703457,1704668,1706160,1708136,1709900,1709900,1709900,1714167,1716149,1718387,1721642,1724369,1724369,1724369,1724369,1731170,1733156,1735758,1738231,1738231,1738231,1743980,1746596,1749776,1753520,1757103,1757103,1757103,1763854,1766821,1770301,1775311,1779829,1779829,1779829,1789116,1792722,1797308,1803831,1809309,1809309,1809309,1821071,1825247,1830028,1835665,1840292,1840292,1840292,1848655,1851791,1855500,1859460,1863077,1863077,1863077,1863077,1870836,1873034,1876130,1879517,1879517,1879517,1885034,1887424,1889548,1891798,1894169,1894169,1894169,1898495,1900376,1902067,1903932,1905719,1905719,1905719,1905719,1910108,1912004,1913838,1915764,1915764,1915764,1919453,1920969,1922647,1924702,1926543,1926543,1926543,1926543,1931029,1932346,1934384,1936447,1936447,1936447,1936447,1936447,1936447,1944319
5,Wisconsin,0,0,0,0,0,0,0,0,0,0,0,0,0,0,0,0,0,0,0,0,0,0,0,0,0,0,0,0,0,0,0,0,0,0,0,0,0,0,0,0,0,0,0,0,0,3,4,8,19,27,28,48,73,111,159,219,282,381,425,481,621,728,926,1055,1164,1230,1412,1556,1748,2012,2030,2320,2449,2578,2710,2886,3068,3213,3341,3428,3555,3721,3875,4053,4199,4346,4499,4625,4845,5052,5356,5687,5912,6081,6289,6520,6854,7314,7660,7964,8236,8566,8901,9215,9590,9939,10219,10418,10611,10902,11275,11685,12187,12543,12687,12885,13413,13885,14396,14877,15277,15584,15863,16462,16974,17707,18230,18403,18543,18917,19400,19892,20249,20571,20835,21038,21308,21593,21926,22246,22518,22758,22932,23198,23456,23876,24154,24539,24819,25068,25331,25763,26227,26747,27286,27743,28058,28659,29199,29738,30317,31055,31577,32061,32556,33154,33908,34753,35679,36448,36942,37906,38727,39627,40507,41485,42315,43018,44135,44847,45899,46917,47870,48827,49417,50179,51049,52108,52940,54002,54924,55328,56056,56940,57779,58768,59933,60554,61061,61785,62263,63206,64227,65056,65741,66196,66196,67493,68233,69059,70009,70462,70854,71492,72260,73138,73981,74800,75337,75603,76584,77129,77856,79354,80300,81193,81760,82477,83334,84881,86250,87603,89185,89956,91304,92712,94746,97279,99562,101227,102498,104170,105932,108324,110828,113645,115862,117588,119955,122274,125161,127906,130798,132663,134359,136379,138698,141830,144818,147560,150236,152192,155471,158578,162325,166186,166186,166186,183142,187828,192191,195823,200466,205139,208917,211928,217429,221559,226704,232061,237869,241422,244927,251031,257287,263571,269982,277503,281910,286380,293812,301349,309572,318023,323604,329924,334562,342155,350665,358113,365190,372219,376238,379693,386441,392438,398104,399526,404999,409054,411730,416365,420930,426534,432207,437918,441067,443389,448009,452180,456889,461367,465991,468956,471285,475340,478162,482443,486364,490679,492724,494353,497380,500443,503706,505345,506022,508580,510137,513056,516226,520438,522523,523652,526245,527871,531890,535999,540508,544618,548134,550260,551942,555249,558020,561160,563866,566275,568166,569335,571268,573119,575688,577991,580003,581377,582477,584041,585600,587580,589384,590997,592140,592921,594217,595756,597475,598902,600016,600782,601391,602256,603255,604683,605785,606651,607213,607639,608418,609189,610055,610974,611789,612240,612712,613419,614260,615225,616018,616886,617367,617700,618307,619087,619942,620663,621275,621654,621842,622444,623150,623801,624508,625045,625359,625690,626364,627060,627743,628428,628969,629407,629787,629787,631301,632123,632945,633663,634133,634453,635314,636041,636908,637801,638590,639227,639553,640704,641642,642757,643951,644901,645514,645964,647091,648094,649178,650081,650949,651545,651948,652879,653670,654510,655410,656061,656526,656932,657872,658696,659600,660450,661209,661685,662069,662893,663668,664461,665210,665842,666180,666401,666974,667637,668208,668805,669427,669668,669804,670362,670876,671445,671909,672266,672422,672591,673023,673388,673738,674003,674003,674003,674420,674480,674739,674939,675150,675150,675150,675448,675650,675780,675971,676075,676075,676075,676276,676406,676442,676551,676673,676673,676673,676820,676931,677048,677186,677252,677252,677252,677396,677531,677622,677740,677859,677859,677859,678008,678048,678232,678459,678604,678604,678604,678944,679180,679389,679604,679826,679826,679826,680252,680743,681168,681562,682077,682077,682077,683041,684119,685018,686013,687198,687198,687198,689285,690856,692189,693933,695245,695245,695245,697781,699551,701110,702736,704857,704857,704857,707327,709290,710975,712751,714600,714600,714600,717911,720460,722453,724717,727353,727353,727353,731409,733940,736263,738935,741235,741235,741235,745707,746566,749099,751195,753972,753972,753972,757913,760401,764338,768318,771872,771872,771872,779767,783831,787097,790569,793810,793810,793810,800507,804082,807455,810164,814187,814187,814187,820739,825536,828280,831493,835057,835057,835057,840810,844102,847006,849922,849922,855207,855207,858050,859993,862503,865100,867512,867512,867512,872025,874942,877220,879785,882457,882457,882457,887242,890607,893028,896366,899647,899647,899647,905245,909159,913237,917469,921221,921221,921221,928290,932930,937212,941550,945715,945715,945715,953422,958496,963229,967538,968291,968291,968291,974871,980783,986229,992386,997688,997688,997688,997688,997688,1012189,1017301,1024082,1024094,1024094,1033629,1038465,1043693,1049261,1054191,1054191,1054191,1061618,1066544,1072270,1078491,1083442,1083442,1083442,1088992,1095891,1103754,1112655,1120663,1120663,1120663,1132356,1142290,1156050,1170504,1186066,1186066,1186066,1219470,1234281,1252891,1269899,1297612,1297612,1297612,1380799,1400338,1415098,1433225,1446207,1446207,1446207,1470412,1477323,1486054,1494936,1503420,1503420,1503420,1516628,1520640,1526087,1531396,1535404,1535404,1535404,1542751,1545059,1548219,1551117,1553551,1553551,1553551,1557743,1559233,1561035,1562836,1564381,1564381,1564381,1566767,1567714,1568802,1569673,1570460,1570460,1570460,1571997,1572682,1573463,1574039,1574581,1574581,1574581,1575712,1576128,1576701,1577169,1577659,1577659,1577659,1578362,1578877,1579385,1579906,1580313,1580313,1580313,1581137,1581507,1581946,1582381,1582815,1582815,1582815,1583706,1584157,1584731,1585260,1585768,1585768,1585768,1586767,1587255,1587996,1588689,1590205,1590205,1590205,1591602,1592306,1593166,1594067,1594940,1594940,1594940,1596614,1597154,1598774,1600121,1601444,1601444,1601444,1604375,1605576,1607201,1608919,1610601,1610601,1610601,1614126,1615315,1618023,1620491,1623087,1623087,1623087,1627977,1630397,1633341,1636453,1639365,1639365,1639365,1644811,1647029,1649615,1652368,1654808,1654808,1654808,1654808,1661777,1664367,1667020,1669592,1669592,1669592,1674534,1675581,1677361,1680397,1683264,1683264,1683264,1688010,1690047,1691977,1694026,1695877,1695877,1695877,1699869,1701327,1703197,1705084,1706643,1706643,1706643,1710576,1712191,1714060,1716035,1717861,1717861,1717861,1721421,1722732,1724777,1726640,1728344,1728344,1728344,1731898,1732689,1734112,1736078,1738219,1738219,1738219,1742214,1744108,1746344,1748361
6,Texas,0,0,0,0,0,0,0,0,0,0,0,0,0,0,0,0,0,0,0,0,0,0,0,0,0,0,0,0,0,0,0,0,0,0,0,0,0,0,0,0,3,4,8,11,13,16,21,27,44,60,64,85,111,197,306,429,582,643,764,968,1248,1563,1937,2455,2792,3173,3809,3523,4056,4549,5105,5390,6126,6736,7526,8112,9055,9568,9782,10447,11161,11847,12501,13078,13443,13719,14630,15325,16084,16913,17678,18264,18620,20013,20705,22125,23292,24624,25260,25648,26581,27433,28736,29596,30955,32509,32902,33818,35533,36345,37030,38279,39932,40489,41715,42845,43935,44802,45632,45924,46543,47286,48425,49301,50509,51644,52489,53022,54302,56065,57146,65153,68327,69411,69785,71194,75125,78263,79911,82482,83722,84981,89119,93224,97207,100119,104063,107903,110490,114177,120498,126386,130909,139923,145037,150228,158635,166005,173060,178605,185334,189411,196810,204535,212600,223287,233453,243737,251347,257715,268306,277326,287066,295328,301481,311836,317594,327331,337201,346414,355639,364259,369729,374146,384724,394763,401800,410561,419151,423853,428445,433320,451009,460336,470077,478154,493311,505339,518042,529960,539045,545851,561469,570672,573557,581365,590403,598243,602989,608621,612611,615673,619052,626249,631146,639246,644872,648863,650318,654906,658601,662322,666753,670317,674172,675811,677644,681992,685588,690600,693548,700039,709873,714199,717897,721938,725689,731088,735822,745310,748779,752471,757254,763067,766009,767586,768768,776958,781593,784951,788944,792921,796784,797662,801163,806616,809922,812721,815840,819403,820853,825545,829979,834604,838613,844833,846852,853591,858746,864396,868761,873857,881133,884535,887086,892658,899139,912986,920136,925971,931996,935495,941821,947246,954789,963905,970730,974766,984911,994633,1002278,1012738,1021555,1031579,1035538,1044492,1050408,1062241,1074864,1089369,1102987,1115399,1123766,1143477,1159748,1172443,1178092,1193561,1211160,1222664,1234505,1251748,1264907,1279323,1293296,1309404,1320771,1334699,1347760,1361814,1377462,1393570,1407469,1421529,1443311,1465512,1483426,1502697,1521403,1531906,1549803,1574052,1597394,1616840,1632639,1647979,1661418,1671056,1686651,1712730,1731743,1803482,1819793,1824556,1840651,1858833,1890463,1914473,1939051,1962571,1985861,2001716,2016550,2042602,2068684,2093009,2120213,2144870,2161272,2172862,2182338,2213593,2235953,2258599,2276271,2287836,2294155,2320429,2340042,2358262,2377338,2396452,2407942,2439753,2462800,2480420,2495703,2510196,2524093,2531052,2538537,2551866,2564763,2576653,2589155,2600437,2607370,2611259,2614607,2618373,2621504,2624441,2630927,2635411,2641776,2653585,2661102,2668465,2676426,2687519,2691334,2695155,2702902,2710724,2718752,2725605,2731175,2734128,2736723,2742036,2746899,2751654,2758159,2763065,2765693,2768436,2773504,2778580,2783121,2786695,2790489,2792471,2795003,2799598,2803942,2807176,2812756,2816975,2819390,2822979,2826118,2830615,2833952,2837470,2839120,2840834,2841793,2847564,2852108,2856807,2860209,2863407,2865179,2866839,2874116,2877538,2880814,2884288,2886970,2888874,2890073,2896130,2900986,2904327,2907799,2910248,2911655,2913573,2919181,2923450,2927022,2930537,2934023,2935330,2936871,2941024,2943528,2945888,2948814,2951004,2952420,2953173,2957139,2959505,2961953,2964566,2966549,2967199,2967699,2971776,2973791,2975694,2977271,2978624,2979392,2980079,2984043,2986224,2987513,2989545,2990626,2991010,2991154,2991313,2993308,2995170,2997932,2999911,3000548,3001053,3002845,3009338,3011813,3013276,3014344,3014664,3015040,3016347,3017780,3019547,3020481,3022485,3023011,3023097,3024890,3025569,3027809,3029487,3031332,3031650,3031833,3034157,3035767,3038013,3039924,3041362,3041781,3042127,3043129,3044975,3049018,3051415,3053735,3054335,3054872,3058524,3061650,3066531,3070812,3074449,3076595,3077652,3082089,3087290,3095885,3103421,3110025,3112383,3113984,3122626,3135626,3143886,3160113,3173009,3175412,3179789,3194350,3213686,3227417,3246530,3266610,3272392,3274841,3292425,3310593,3325779,3339490,3366111,3371283,3377118,3401358,3426890,3441140,3458417,3488051,3492493,3498244,3519312,3543684,3560966,3578353,3595145,3598806,3608717,3637466,3659300,3681668,3708671,3726232,3733833,3738065,3745194,3780966,3810936,3834530,3847838,3852279,3862468,3886480,3911765,3930988,3949616,3964592,3967114,3972418,3986198,4005352,4017862,4031717,4044157,4049421,4055335,4070550,4083230,4094242,4105155,4113045,4115929,4118909,4129159,4142571,4151459,4160434,4166366,4168155,4170825,4180691,4190272,4196622,4203461,4209351,4210057,4212332,4219598,4225458,4230145,4235629,4239851,4241461,4243351,4249627,4254582,4259148,4264553,4268892,4269621,4270837,4275743,4280588,4283934,4287456,4290453,4291659,4293259,4298123,4302590,4306504,4309462,4313394,4314008,4315392,4319752,4324674,4329462,4333932,4336683,4337690,4339696,4343363,4347776,4352335,4352989,4353549,4353909,4357031,4363472,4367092,4372161,4376851,4384997,4390228,4394102,4399057,4402906,4407007,4412024,4416728,4419318,4423555,4428196,4433142,4438877,4444868,4452931,4460356,4470968,4481333,4491454,4503930,4517701,4533037,4545596,4562927,4577722,4592008,4607608,4623370,4675575,4730835,4791710,4845263,4894208,4939175,4993438,5047390,5090181,5137418,5194077,5269894,5344385,5402259,5472025,5522176,5590444,5644397,5700444,5746859,5845214,5905609,5962517,6004502,6050828,6083164,6121818,6162552,6201110,6224480,6258336,6300033,6328979,6359214,6381378,6399867,6416762,6436262,6451449,6466862,6484110,6498479,6509857,6517733,6525631,6537378,6545752,6555490,6567203,6575378,6577038,6581927,6588651,6594204,6600661,6607532,6612192,6613134,6617106,6622301,6626391,6630636,6634694,6638712,6639270,6642949,6647959,6653227,6659163,6667445,6670677,6671818,6673290,6676625,6679619,6684621,6687899,6689421,6691638,6693045,6698424,6710903,6717152,6721539,6726648,6727007,6727538,6732963,6735585,6739524,6742310,6746410,6747339,6738276,6741500,6744311,6748465,6768686,6771213,6772009,6774133,6777132,6780888,6784338,6785022,6785022,6785022,6791473,6795411,6798593,6801804,6806021,6808285,6809293,6810953,6814011,6816971,6820156,6823337,6825834,6827197,6830107,6832953,6836107,6840950,6844247,6846849,6848369,6850868,6854159,6857729,6862232,6868160,6870941,6872827,6875139,6878675,6883580,6888680,6893736,6897739,6901486,6905608,6910481,6915578,6921458,6927334,6927334,6927334,6927334,6946230,6952230,6959537,6967551,6974280,6979783,6985611,6992062,6999698,7008082,7015164,7021862,7027148,7034854,7042667,7049853,7058321,7064834,7069935,7073407,7076343,7094361,7103399,7115160,7126696,7135692,7144665,7154979,7165583,7176301,7189812,7202665,7202665,7202665,7203015,7239543,7250238,7262421,7274855,7287082,7297449,7310382,7323878,7336691,7351545
7,Nebraska,0,0,0,0,0,0,0,0,0,0,0,0,0,0,0,0,0,0,0,0,0,0,0,0,0,0,0,0,0,0,0,0,0,0,0,0,0,0,0,0,0,1,1,1,3,3,5,10,14,18,17,18,23,24,29,37,38,51,51,66,71,74,82,96,108,145,172,210,246,279,321,364,417,447,519,568,635,699,791,814,897,901,952,1066,1249,1474,1648,1685,1813,2202,2424,2719,3030,3358,3517,3851,4281,5008,5317,5661,6037,6373,6689,7334,7818,8093,8171,8407,8532,8912,9260,9610,10220,10177,10625,10854,11122,11427,11662,11963,12134,12362,12619,12984,13249,13648,13905,14101,14345,14616,14885,15139,15406,15572,15664,15786,15918,16058,16315,16522,16640,16730,16851,17038,17231,17414,17588,17707,17812,17963,18099,18221,18346,18524,18775,18899,19042,19177,19310,19452,19660,19827,19929,20046,20201,20425,20623,20777,20998,21172,21399,21717,21979,22134,22361,22481,22583,22847,23190,23486,23818,24174,24395,24618,24899,25157,25422,25766,26211,26391,26702,26956,27178,27489,27821,28104,28245,28432,28696,29030,29244,29660,29988,30241,30372,30563,30825,31040,31348,31626,31780,31889,32047,32348,32727,33101,33436,33753,34046,34287,34574,34995,35469,35661,35805,35886,35975,36469,36917,37373,37851,38120,38188,38642,38970,39419,39921,40387,40797,41083,41388,41785,42278,42731,43162,43596,44063,44578,45044,45564,46185,46977,47403,47807,48259,48757,49396,50059,50059,51887,52382,52839,53543,54467,55428,56714,57332,58068,58817,59409,60308,61285,62510,63215,63797,64499,65376,66545,68150,69645,70732,71666,72620,74060,75888,78012,80693,82395,83969,85551,87733,89942,92553,94922,96834,98161,101601,103805,106617,109280,111661,113029,114061,115921,115921,117682,122952,124066,125323,126466,128407,130194,132530,134710,136325,138568,139834,141127,142595,143924,145774,146877,147688,148861,149344,150861,152103,153400,154745,155415,156382,157103,158324,159662,160357,161162,161337,161974,162849,163781,165297,166798,167716,168262,169000,169585,171033,172469,173591,174614,175620,176026,176670,177670,179199,180131,180910,180910,181978,182176,182176,184482,185346,186255,186854,187147,187793,188122,188784,189597,189597,190570,190713,190950,191437,192042,192549,193069,193421,193722,193826,194170,194632,195006,195485,197027,197236,197328,197447,197746,198042,198442,198751,198949,199045,199402,199782,200163,200447,200720,200882,200946,201346,201608,201973,202310,202653,203026,203027,203279,203587,203890,204162,204464,204638,204753,205103,205214,205539,205814,206246,206388,206571,206707,206939,207227,207667,208118,208424,208553,208912,209346,209896,211239,211570,211812,211958,212257,212785,213188,213574,214010,214207,214351,214682,215074,215383,215792,216297,216473,216613,217108,217596,217905,218197,218580,218732,218832,219090,219341,219559,219826,220032,220127,220225,220481,220720,220933,221153,221347,221434,221500,221911,222088,222247,222335,222335,222335,222512,222612,222676,222780,222884,222884,222884,223054,223126,223197,223243,223304,223304,223304,223368,223404,223434,223517,223558,223558,223558,223648,223685,223714,223749,223792,223792,223792,223847,223888,223931,223960,223986,223986,223986,224065,224103,224156,224206,224226,224226,224226,224330,224404,224488,224488,224682,224682,224682,224682,224873,224873,225069,225171,225171,225171,225171,225477,225600,225711,225861,225861,225861,225861,226307,226442,226606,226839,226839,226839,226839,226839,227848,228086,228450,228450,228450,228450,229443,229824,230236,230630,231069,231069,231069,231916,232399,232399,232399,232399,232399,232399,235075,235686,236346,236755,237492,237492,237492,239102,240028,240804,241671,242498,242498,242498,244254,244254,246218,247320,247320,247320,247320,249108,250264,251219,252159,253080,253080,253080,253080,255611,256906,257787,257787,257787,257787,260199,261080,261080,261080,262475,262475,263763,265516,265516,266449,267079,267079,267079,268381,269138,269942,270724,271550,271550,271550,271550,273416,274254,274993,275694,275694,275694,276817,277436,278174,278976,278976,278976,278976,278976,278976,282287,283153,283153,284766,284766,284766,286373,287345,288257,289282,289282,289282,290794,292032,292990,294247,295244,296106,296106,297214,298082,299149,300348,301436,302567,302567,303221,304432,305358,305358,305358,305358,307896,308384,309828,311212,312517,313935,313935,313935,316013,317450,318657,319847,320943,321866,321866,322477,323702,324720,325655,326431,327301,327301,327858,328912,330181,331081,331081,331081,331081,332257,334716,336426,338257,338257,338257,338257,344392,346860,349523,353056,355928,360321,360321,363641,367878,371654,376695,383915,383915,383915,392027,396990,402489,407804,413056,413056,413056,421423,425610,428949,432564,435358,435358,435358,439326,441456,443144,444695,445793,445793,445793,447455,448709,449393,450048,450661,450661,450661,451074,451718,451944,452189,452601,452601,452601,452901,453165,453490,453522,453569,453569,453569,475528,475690,475888,476008,476194,476194,476194,476481,476572,476690,476807,476844,476844,476844,476952,477029,477109,477187,477198,477198,477198,477240,477227,477227,477183,477183,477183,477183,477803,477831,477830,477830,477723,477724,477724,477724,477893,477915,477976,478045,478045,478045,478183,478250,478359,478419,478480,478480,478480,478612,478715,478811,478812,479179,479181,479181,479393,479545,479685,479827,479989,479989,479989,480151,480432,480586,480805,480805,480805,480805,480805,485489,481725,482035,482305,482305,482305,482305,483133,485409,485409,485409,485409,485409,485409,485409,485649,485834,485834,485834,485756,485756,487104,487599,488110,488110,488110,488110,488110,489990,490486,490929,491350,491350,491350,491350,492292,492873,493553,494031,494031,494031,494031,495361,495896,496506,497100,497092,497092,497100,497100,497100,500056,500574,500574,500574,500574,500574,500574,503390,504109,504109,504109,504109,506223,506899,507506
8,Utah,0,0,0,0,0,0,0,0,0,0,0,0,0,0,0,0,0,0,0,0,0,0,0,0,0,0,0,0,0,0,0,0,0,0,0,0,0,0,0,0,0,0,1,1,1,2,3,3,9,10,18,28,39,47,62,95,118,162,257,298,340,396,472,602,720,798,888,888,1086,1248,1428,1601,1678,1739,1848,1856,2103,2207,2303,2363,2417,2548,2683,2793,2917,3069,3213,3297,3445,3612,3782,3948,4123,4236,4345,4497,4672,4828,4985,5175,5317,5449,5595,5724,5919,6103,6251,6362,6432,6620,6749,6913,7068,7238,7384,7518,7710,7874,8057,8260,8392,8521,8620,8706,8921,9264,9533,9797,9999,10202,10497,10813,11252,11798,12066,12322,12559,12864,13252,13577,13981,14313,14608,14937,15344,15839,16425,17068,17462,17906,18300,18784,19374,20050,20628,21100,21664,22217,22716,23270,23866,24542,24952,25469,26033,26755,27356,28223,28855,29484,30030,30478,30891,31845,32572,33332,34117,34526,35012,35578,36099,36962,37623,37973,38409,38855,39194,39696,40196,40702,41175,41529,41907,42328,42915,43375,43751,44127,44390,44752,45090,45424,45976,46321,46652,46894,47157,47521,47982,48445,48814,49115,49364,49767,50174,50557,50948,51406,51854,52107,52403,52822,53326,53839,54272,54660,55033,55359,55673,56019,56675,57247,57875,58438,59000,59747,60658,61775,62852,63772,64394,65044,65921,67119,68530,69547,70615,71442,72136,73042,74050,75157,76225,77618,78723,79439,80446,81947,83290,84644,85844,86832,87819,88963,90461,91957,93297,94394,95562,96643,98006,99549,101509,103117,104882,106083,107228,108803,110640,112932,114656,116510,117706,119375,121485,124292,127279,130235,132621,134868,137385,139720,143639,145789,151141,153808,155779,158957,162028,165996,170584,173979,177176,179420,182121,183902,183902,190044,192087,193809,195706,198216,202220,206165,209170,212844,215407,217638,219971,222545,225946,228129,231821,233904,235872,237787,240715,243918,246562,248970,250964,252783,255085,257697,260589,260589,264078,264874,266590,269326,271940,276612,276612,281654,283473,285633,288951,292720,297317,301110,303723,305999,307483,309629,314817,317559,320102,322252,323837,324919,326221,328380,330469,333118,334889,336405,337264,338675,340684,342445,343962,345430,346624,347208,348409,350000,351273,352489,353700,354608,355122,356040,357339,358581,359641,360584,361294,361756,362347,363248,364399,365256,366034,366735,367073,367789,368601,369433,370084,370770,371235,371492,371979,372708,373319,373868,374438,374850,375110,375669,376327,376973,377492,377983,378379,378600,379081,379780,380340,380787,381254,381629,381788,382171,382733,383260,383713,384173,384562,384756,385127,385641,386128,386550,386997,387341,387514,387814,388426,388909,389353,389760,390104,390289,390647,391177,391633,392096,392509,392757,392957,393272,393862,394334,394678,395150,395431,395677,396004,396522,396985,397323,397733,398012,398240,398499,398979,399374,399760,400120,400352,400559,400783,401251,401669,402005,402325,402567,402731,402988,403418,403684,403984,404246,404477,404625,404810,405078,405387,405659,405851,406027,406170,406282,406482,406825,407113,407419,407642,407816,408068,408428,408741,409007,409364,409558,409727,409964,410377,410746,411071,411361,411610,411770,412019,412546,413008,413317,413668,413950,414204,414565,415139,415679,416110,416110,416110,416110,417259,417653,418321,418976,418976,418976,420214,420685,421257,421950,422619,422619,422619,424171,424730,425603,426418,426418,426418,426418,428687,429300,430143,431256,432467,432467,432467,434711,435439,436489,437585,438479,438479,438479,440497,441131,442245,443488,444385,444385,444385,446808,447771,449259,450539,451655,451655,451655,454373,455513,457098,458589,459875,459875,459875,463204,464422,466107,467794,469429,469429,469429,469429,474086,475625,477790,479979,479979,479979,484192,485466,487351,489236,490985,490985,490985,494378,495704,497428,499026,500698,500698,500698,503874,505004,506790,508494,510209,510209,510209,513509,514773,516748,518553,520190,520190,520190,520190,524556,526401,527654,529147,529147,529147,532183,533526,534936,537276,538895,538895,538895,542531,544145,546213,548072,549882,549882,549882,553061,554311,556463,558730,560604,560604,560604,564576,566134,567665,567665,571507,571507,571507,576009,577247,579376,581165,582929,582929,582929,586758,587911,589715,589715,592130,592130,592130,594606,595801,598098,600079,601952,601952,601952,605409,606531,607954,609351,610681,610681,610681,613350,614270,615576,616680,617697,617697,617697,620197,621008,622414,623703,623703,623703,623703,628310,630126,633429,636992,636992,636992,636992,651746,656407,663654,672567,682036,682036,682036,706183,715996,726216,739206,750334,750334,750334,750334,790216,802780,814388,825989,825989,825989,847959,854559,862052,869085,875251,875251,875251,885523,888368,891977,895459,898267,898267,898267,903771,905112,907174,909109,910900,910900,910900,914028,914799,916191,917223,918222,918222,918222,918222,920290,920904,921531,921956,921956,921956,922852,923130,923591,923987,924248,924248,924248,924791,924891,925089,925275,925519,925519,925519,925872,925966,926149,926322,926442,926442,926442,926785,926894,927013,927165,927296,927296,927296,927551,927649,927782,927922,927922,927922,927922,927922,927922,927922,928621,928621,928621,928621,928621,928621,928621,929361,929361,929361,929361,929361,929361,929361,930558,930558,930558,930558,930558,930558,930558,932253,932253,932253,932253,932253,932253,932253,935479,935479,935479,935479,935479,935479,935479,938864,938864,938864,938864,938864,938864,938864,943368,943368,943368,943368,943368,943368,943368,948979,948979,948979,948979,948979,948979,948979,954707,954707,954707,954707,954707,954707,954707,962209,962209,962209,962209,962209,962209,962209,968731,968731,968731,968731,968731,968731,968731,975507,975507,975507,975507,975507,975507,975507,982895,982895,982895,982895,982895,982895,982895,989767,989767,989767,989767,989767,989767,989767,997556
9,Oregon,0,0,0,0,0,0,0,0,0,0,0,0,0,0,0,0,0,0,0,0,0,0,0,0,0,0,0,0,0,0,0,0,0,0,0,1,1,3,3,3,3,3,6,14,14,14,19,24,30,36,36,39,66,75,88,114,137,161,191,210,266,316,416,479,548,606,690,736,826,899,899,1068,1068,1132,1181,1321,1322,1371,1527,1584,1633,1663,1736,1785,1844,1910,1957,2004,2059,2127,2177,2253,2311,2354,2385,2446,2510,2579,2635,2680,2759,2839,2916,2989,3068,3160,3228,3286,3358,3416,3479,3541,3612,3623,3687,3726,3801,3817,3864,3888,3927,3949,3967,4038,4086,4131,4185,4243,4302,4335,4399,4474,4570,4570,4662,4922,4988,5060,5237,5377,5377,5636,5820,6098,6218,6366,6572,6750,6937,7083,7274,7444,7568,7818,8094,8341,8485,8656,8931,9294,9636,9930,10230,10395,10605,10817,11188,11454,11851,12170,12438,12805,13081,13509,13802,14149,14579,14847,15139,15393,15713,16104,16492,16758,17088,17408,17721,18131,18492,18817,19097,19366,19699,19978,20224,20635,21010,21272,21488,21774,22022,22300,22613,23018,23262,23451,23676,23870,24165,24421,24710,24937,25155,25391,25571,25761,26054,26293,26554,26713,26946,27075,27336,27601,27856,28044,28190,28356,28471,28654,28865,29156,29337,29337,29662,29850,30060,30342,30599,30801,30995,31313,31503,31865,32314,32581,32820,32994,33291,33509,33862,34163,34511,34770,35049,35339,35634,36116,36526,36924,37255,37467,37780,38160,38525,38935,39315,39532,39794,40136,40443,40443,41348,41739,42101,42436,42808,43228,43793,44388,44921,45429,45978,46460,47049,47839,48608,49587,50448,51155,51909,52770,53879,54937,56018,56880,57646,58570,59669,60873,62175,63668,65170,66333,67333,68503,68503,70832,72506,74119,75431,76654,78160,79293,81437,83243,84496,85788,87082,88287,89838,91420,92839,93853,95010,96092,97622,98936,100308,101814,102930,103755,105073,105970,106821,106821,108326,109725,110545,111227,112260,113909,113909,116348,117745,118453,119488,120223,121085,122847,124476,125683,126607,127780,129109,130246,131258,132412,133205,133851,134468,135142,135973,136839,137600,138168,138587,139355,140063,140783,141729,142416,142416,143373,143978,144605,145320,146137,146741,147122,147419,147932,148475,149082,149576,150034,150281,150464,150875,151257,151713,152190,152711,152818,153135,153645,154062,154554,154878,155315,155597,155787,156037,156287,156673,156884,157079,157285,157515,158007,158291,158644,159037,159402,159617,159790,160051,160288,160622,160994,161320,161531,161706,162016,162383,162804,163294,163702,163952,164164,164570,165012,165524,166013,166480,166882,167128,167658,168128,168795,169338,170085,170568,170850,171398,172206,172931,173626,174501,175121,175592,176157,177134,178110,179120,179930,180700,181321,182040,182916,183830,184812,185597,186344,186878,187611,188417,189162,189986,190804,191405,191774,192416,193014,193732,194542,195179,195684,195884,196392,196788,197356,197851,198356,198689,198972,199391,199784,200210,200632,201005,201260,201475,201650,201998,202247,202680,202995,203252,203374,203671,203933,204291,204587,204866,205030,205154,205459,205698,205988,206299,206581,206777,206851,207106,207333,207558,207787,207999,208137,208222,208446,208640,208836,209037,209037,209037,209037,209494,209764,209974,210230,210230,210230,210729,211065,211315,211631,211998,211998,211998,212755,213339,213730,214263,214869,214869,214869,215853,216875,217690,218689,219755,219755,219755,221799,223364,224547,225919,226899,226899,226899,230103,232436,234393,236698,238463,238463,238463,242843,245758,247866,250835,252977,252977,252977,257644,260425,263164,265210,268401,268401,268401,273896,276287,279087,281513,283873,283873,283873,283873,289388,291978,294392,296825,296825,296825,301504,303532,305560,307768,309841,309841,309841,313161,314841,317107,318914,320990,320990,320990,324571,326191,328184,330054,331709,331709,331709,334971,336598,338130,339556,341113,341113,341113,343993,345344,346480,347717,348766,348766,348766,352026,353368,354681,356061,357526,357526,357526,359733,361240,362561,363684,365053,365053,365053,367610,368696,369815,371001,372137,372137,372137,374253,375357,376372,376372,378174,378174,378174,380091,380866,381842,382990,384062,384062,384062,385790,386634,387485,387485,387485,387485,387485,390066,391099,392197,393232,394569,394569,394569,396501,397421,398262,399361,400188,400188,400188,401564,402436,403329,404229,405292,405292,405292,407153,408069,409232,410565,410565,410565,410565,414140,416020,418333,421263,421263,421263,421263,430931,435453,441648,449267,459700,459700,459700,478203,486202,494945,504731,513391,513391,513391,513391,541415,549942,559960,570892,570892,570892,590270,597172,605363,613221,620652,620652,620652,633876,638823,643973,649389,654343,654343,654343,662250,665486,668783,671923,674500,674500,674500,679241,680852,682566,684411,685953,685953,685953,685953,689325,690481,691337,692261,692261,692261,693929,694649,695323,696003,696717,696717,696717,697775,698127,698564,698982,699362,699362,699362,699960,700361,700660,700960,701198,701198,701198,701729,701992,702285,702566,702750,702750,702750,703132,703465,703838,704152,704515,704515,704515,704515,704515,705817,706252,706687,706687,706687,707512,707987,708521,709125,709586,709586,709586,711100,711827,712686,713618,714346,714346,714346,716414,717505,718630,719857,721311,721311,721311,723336,725150,726612,728335,729412,729412,729412,732382,734014,735464,737186,738830,738830,738830,741780,741780,745723,747341,749721,749721,749721,753575,755366,757209,758878,760803,760803,760803,760803,765448,767285,769080,770193,770193,770193,774425,776238,777699,779983,781127,781127,781127,785031,786608,788127,789697,791280,791280,791280,791280,795552,798052,800404,802156,802156,802156,805977,807889,809827,811692,813050,813050,813050,813050,817838,819679,821303,823247,823247,823247,826598,828439,830059,831170
10,Florida,0,0,0,0,0,0,0,0,0,0,0,0,0,0,0,0,0,0,0,0,0,0,0,0,0,0,0,0,0,0,0,0,0,0,0,0,0,1,2,2,3,3,7,10,13,15,24,30,50,76,100,101,190,306,432,564,763,1004,1227,1412,1682,2357,2900,3763,4246,5473,6741,6956,9008,10268,11537,12350,13324,14545,15456,16364,17531,18494,19895,21019,21628,22511,23343,24759,25492,26314,27059,27869,28309,29648,30533,30839,31532,32138,32848,33193,33690,34728,35463,36078,36897,37439,38002,38828,39199,40001,40596,40982,41923,42402,43210,44138,44811,45588,46442,46944,47471,48675,49451,50127,50867,51746,52255,52634,53285,54497,55424,56163,56830,57447,58764,60183,61488,62758,63938,64904,66000,67371,69069,70971,73552,75568,77326,80109,82719,85926,89748,93797,97291,100217,103503,109014,114018,122960,132545,141075,146341,152434,158997,169106,178594,190052,200111,206447,213794,223783,232718,244151,254511,269811,282435,291629,301810,315775,327241,337569,350047,360394,369834,379619,389868,402312,414511,423855,432747,441977,451423,461379,470386,480028,487132,491884,497330,502739,510389,518075,526577,532806,536961,542792,550901,557137,563285,569637,573416,576094,579932,584047,588602,593286,597597,600571,602829,605502,608722,611991,615806,619003,621586,623471,631040,633442,637013,640211,643867,646431,648269,650092,652259,654731,658381,661571,663994,665730,668846,671201,674456,677660,681233,683754,685439,687909,690499,693040,695887,698682,700564,701302,704568,706516,709144,711804,714591,716459,717874,720125,722707,726013,728921,728921,734491,736024,738749,741632,744988,748437,752481,755020,756727,760389,762533,768091,771780,776251,778636,782013,786311,790426,794624,800216,802547,807412,812063,816700,821123,827380,832625,837077,843897,847821,852174,858012,863619,870552,875096,885201,889864,897323,905248,914333,923418,931827,938414,944745,953300,961676,961676,979020,985297,992660,999319,1008166,1018160,1029030,1039207,1049638,1058074,1065785,1073770,1083362,1094697,1106396,1116973,1125931,1134383,1143794,1155335,1168483,1181483,1193165,1201566,1212581,1223015,1234399,1247546,1247546,1264588,1271979,1280177,1292252,1306123,1323315,1323315,1354833,1365436,1376692,1392123,1409906,1429722,1449252,1464697,1477010,1488586,1503482,1517472,1531192,1548067,1560186,1571279,1579281,1589097,1601011,1613884,1627603,1639914,1649449,1658169,1667763,1676171,1687594,1698570,1713589,1721377,1727107,1737640,1744619,1752330,1763873,1771359,1777983,1783720,1790743,1798280,1806805,1814422,1821937,1827373,1830988,1837285,1844627,1849744,1856427,1863707,1868772,1872923,1878533,1885661,1892301,1898223,1903682,1909221,1910921,1918100,1924114,1930232,1936207,1940897,1944995,1948307,1952733,1957586,1962651,1967865,1973109,1976808,1979634,1984425,1989024,1994117,1999257,2004362,2008349,2011211,2016513,2021656,2027429,2033179,2039062,2044005,2047379,2052441,2057735,2064525,2071015,2077032,2081826,2085306,2090862,2096747,2104686,2111807,2118713,2124233,2125846,2134914,2141686,2148448,2155744,2162067,2168901,2173138,2178783,2184354,2191038,2196502,2203913,2208584,2212097,2217368,2222546,2228212,2233518,2238937,2242778,2245853,2249535,2253929,2258433,2262598,2266575,2269806,2272102,2275365,2278549,2282613,2286203,2289522,2292004,2293980,2296785,2299596,2302489,2304860,2308266,2310335,2311941,2313815,2316142,2318480,2320818,2320818,2320818,2320818,2326755,2327989,2329867,2329867,2332867,2332867,2332867,2332867,2332867,2332867,2344321,2344321,2344321,2344321,2344321,2344321,2344321,2354416,2354416,2354416,2354416,2354416,2354416,2354416,2365464,2365464,2365464,2365464,2365464,2365464,2365464,2381148,2381148,2381148,2381148,2381148,2381148,2381148,2404895,2404895,2404895,2404895,2404895,2404895,2404895,2450344,2450344,2450344,2450344,2450344,2450344,2450344,2523510,2523510,2523510,2523510,2523510,2523510,2523510,2634234,2634234,2634234,2634234,2634234,2634234,2634234,2768985,2768985,2768985,2768985,2782060,2806813,2827469,2920749,2920749,2920749,2933429,2955098,2978433,2994019,3071489,3071489,3071489,3082733,3103941,3130144,3151909,3223249,3223249,3223249,3231846,3250454,3269502,3291225,3352451,3352451,3352451,3352451,3364998,3378772,3391158,3452700,3452700,3452700,3452700,3453390,3464113,3473873,3528698,3528698,3528698,3528698,3528698,3527250,3531465,3582807,3582807,3582807,3582807,3582807,3582807,3582807,3620106,3620106,3620106,3620106,3620106,3620106,3620106,3645290,3645290,3645290,3645290,3645290,3645290,3645290,3664097,3664097,3664097,3664097,3664097,3664097,3664097,3678661,3678661,3678661,3678661,3678661,3678661,3678661,3690812,3690812,3690812,3690812,3690812,3690812,3690812,3701310,3701310,3701310,3701310,3701310,3701310,3701310,3711612,3711612,3711612,3711612,3711612,3711612,3711612,3721503,3721503,3721503,3721503,3721503,3721503,3721503,3721503,3721503,3721503,3721503,3730395,3730395,3730395,3741058,3741058,3741058,3741058,3741058,3741058,3741058,3754042,3754042,3754042,3754042,3754042,3754042,3754042,3782883,3782883,3782883,3782883,3782883,3799661,3832530,3907748,3907748,3907748,3936170,3965229,4012152,4090000,4209927,4209927,4209927,4209927,4360178,4360178,4486276,4606489,4633077,4633077,4759073,4806782,4878524,4933518,4992579,5041918,5041918,5041918,5153539,5196718,5242386,5323337,5324438,5324438,5347828,5383094,5420755,5448288,5522206,5522206,5522206,5535803,5555874,5572757,5572757,5653565,5653905,5653905,5680958,5700264,5713185,5723066,5776333,5776333,5776333,5776333,5776333,5776333,5776333,5818706,5818706,5818706,5818706,5818706,5818706,5818706,5818706,5844229,5844229,5844096,5844096,5844096,5844096,5858052,5858052,5858052,5858052,5858052,5858052,5858052,5868330,5868263,5868263,5868263,5868263,5868263,5868263,5868263,5868263,5868263,5868263,5868263,5868263,5868263,5885004,5885004,5885004,5885004,5885004,5885004,5885004,5885004,5885004,5885004,5885004,5885004,5885004,5885004,5906352,5906352,5906352,5906352,5906352,5906352,5906352,5906352,5906352,5906352,5906352,5906352,5906352,5906352,5942723,5942723,5942723,5942723,5942723,5942723,5942723,5942723,5942723,5942723,5942723,5941724,5946185,5952643,6002153,6002153,6002153,6002153,6002153,6002153,6002153,6002153,6002153,6002153,6021780,6030141,6039475,6049740,6101783,6101783,6101783,6101783,6101783,6102614,6114014,6125115,6125115,6125115,6125115,6159702,6169670,6182874,6240440,6240440,6240440,6240440,6240440,6247227,6259362,6271284,6282014,6282014,6297767,6307534,6320890,6333646,6389198,6389198,6389198,6389198,6389198,6395154,6407648,6419490,6430582,6430582,6447100,6447100,6469540,6482295,6537512,6537512,6537512,6537512,6537512,6537512,6547636,6561833,6561833,6561833,6590900,6602374,6614806,6628345
11,New York,0,0,0,0,0,0,0,0,0,0,0,0,0,0,0,0,0,0,0,0,0,0,0,0,0,0,0,0,0,0,0,0,0,0,0,0,0,0,1,10,21,24,76,105,138,152,216,296,379,557,633,961,1407,2507,4221,7660,10410,15191,20884,25681,30841,37397,44701,52400,59648,66663,75853,90377,100780,111455,121705,132700,142561,149974,160185,172256,183729,192262,200635,208488,215959,222617,230506,237492,244369,251013,257399,262032,266291,271788,278456,287898,293575,297888,300796,303932,308309,312799,317174,320685,323828,325934,328057,331268,334167,336802,339202,341026,342356,343874,346213,348461,350979,353002,354500,355886,357052,358918,360818,362889,364697,366388,367349,368282,369438,371101,372473,373682,374818,375887,376676,377888,379011,380066,380923,381659,382257,382718,383528,384344,385104,385797,386464,386973,387384,388083,388907,389602,390268,390910,391411,391884,392698,393527,394261,394872,395406,395909,396456,397363,398277,399054,399776,400298,400746,401314,402079,402999,403877,404624,405259,406132,406834,407724,408551,409380,410024,410698,411398,411954,412807,413557,414317,414945,415580,416085,416657,417454,418144,418899,419452,420042,420675,421159,421901,422479,423177,423751,424272,424854,425318,425960,426610,427302,427912,428385,428923,429440,430123,430860,431543,432085,432558,433113,433595,434393,435062,435756,436469,437154,437757,438405,439322,440192,441012,441748,442315,442817,443409,444071,445102,446028,446862,447524,448213,448897,449922,450753,451655,452507,453142,453730,454299,455400,456400,457573,458605,459574,460553,461537,462861,464620,466307,467693,468840,469989,471207,473285,474894,476397,477671,478925,480129,481227,482765,484512,486207,487719,488928,490166,491882,493774,495608,497732,499652,501197,502978,504689,507040,509368,511761,513883,515753,517822,519890,523107,526318,530218,533797,537243,541200,545453,550678,556344,561921,566113,570323,574935,579811,585635,591368,597680,603360,609797,614679,620712,628024,636302,643163,648641,656413,663500,671635,681783,693629,704683,714834,723287,731722,740980,752104,763228,774228,784815,794953,803917,813336,825059,837711,847778,857083,866888,876281,886813,899837,912885,924014,932022,940290,950473,963390,978783,995816,1011665,1023897,1035139,1048281,1064297,1081885,1101445,1119284,1135592,1149771,1164562,1179266,1193453,1212922,1228867,1242561,1255971,1268692,1279811,1293719,1309403,1323312,1335695,1347667,1358707,1369072,1382855,1395806,1408698,1419907,1428839,1436788,1443942,1450912,1458809,1470301,1480224,1489196,1497475,1504059,1514070,1522785,1531540,1539870,1546408,1553117,1559042,1568624,1577197,1585435,1591672,1597969,1604892,1611031,1619924,1627998,1636040,1643867,1650303,1656684,1663248,1670716,1678867,1686993,1694651,1700091,1706924,1713030,1720199,1724425,1734676,1741363,1748482,1755193,1761775,1767290,1772367,1779034,1782769,1785565,1788874,1816518,1825069,1833128,1841822,1850732,1859474,1865349,1873138,1882308,1890346,1898101,1905737,1912396,1918437,1925080,1933807,1942469,1949964,1956594,1962225,1967248,1973308,1980337,1986681,1993271,1998912,2003938,2008514,2012806,2018044,2022891,2027029,2031093,2034102,2037414,2040448,2044345,2048150,2052022,2054848,2057276,2059485,2061887,2064530,2066989,2070053,2072426,2074079,2075539,2077563,2079749,2081823,2083623,2085477,2086836,2088361,2089698,2091342,2092916,2094245,2095319,2096280,2097200,2098098,2099246,2100183,2101055,2101875,2102404,2102869,2103269,2103768,2104539,2105375,2105882,2106399,2106852,2107289,2107831,2108510,2108950,2109313,2109677,2110004,2110310,2110756,2111162,2111556,2111845,2112129,2112388,2112649,2113046,2113398,2113742,2114123,2114434,2114686,2114986,2115377,2115880,2116166,2116516,2116888,2117186,2117549,2118216,2118960,2119692,2120486,2121119,2121761,2122502,2123452,2124168,2125535,2126680,2127592,2128710,2129897,2131535,2133264,2135161,2136032,2138643,2140258,2142132,2144741,2147318,2150390,2152964,2155356,2158388,2161314,2164850,2168589,2173080,2176658,2178724,2180696,2187349,2192224,2196866,2201468,2205869,2209767,2213176,2217969,2223052,2227140,2233083,2237639,2241468,2244898,2248791,2254155,2260536,2262893,2269038,2274680,2278590,2282836,2288001,2293966,2297642,2303739,2307414,2310662,2313361,2319680,2325332,2331615,2335720,2340950,2345068,2349898,2356680,2362682,2366441,2373659,2377102,2382450,2387008,2392060,2398152,2402248,2408593,2411626,2416683,2421755,2426683,2432444,2436048,2439639,2445371,2449261,2455444,2460966,2466780,2470550,2472757,2480082,2483362,2487921,2492423,2498646,2502914,2506247,2511182,2514422,2519197,2523560,2527230,2530860,2533155,2537823,2540255,2544431,2547865,2553446,2556628,2559583,2564789,2567747,2571761,2576396,2581256,2585365,2589297,2594515,2598730,2603833,2610481,2616725,2622131,2626522,2633082,2638106,2644177,2652280,2659870,2665759,2674200,2679503,2685067,2692142,2699233,2707049,2710507,2715335,2722936,2729595,2738968,2750327,2761545,2769624,2777942,2788476,2796990,2806456,2818175,2829502,2838326,2846533,2860036,2868885,2881565,2899469,2920366,2934453,2960416,2982994,3007231,3035474,3070884,3102022,3102022,3184372,3221100,3268202,3330403,3402190,3480280,3517696,3552059,3684152,3736399,3812399,3890666,3975745,4057133,4147154,4205019,4257408,4312866,4374042,4420245,4460856,4507714,4547472,4571356,4594182,4624257,4653025,4675346,4701632,4714010,4728422,4747535,4764422,4778737,4790901,4797903,4805416,4811937,4821628,4831404,4839516,4845280,4852369,4856199,4860442,4866194,4873548,4878304,4881825,4886180,4888634,4890903,4895155,4898887,4903700,4906178,4908315,4910920,4912831,4915054,4917723,4920073,4921916,4924032,4925221,4926708,4928597,4930987,4931337,4934709,4937052,4938085,4939110,4940801,4942548,4944777,4946173,4948375,4949357,4952485,4954524,4956880,4958932,4961120,4963787,4964964,4966567,4967118,4973714,4977256,4977256,4983164,4985450,4987844,4990971,4995734,4999568,5002854,5005818,5010041,5012350,5016872,5022921,5028707,5033233,5037932,5044098,5048098,5048911,5061647,5068350,5074112,5074112,5085778,5090408,5098022,5105071,5113546,5118596,5123612,5130561,5135657,5143038,5152633,5161440,5168122,5173907,5182043,5188149,5196774,5207098,5220948,5229056,5229056,5243417,5254756,5264277,5277782,5280137,5280137,5297318,5315176,5323334,5333813,5345195,5355624,5362799,5368965,5380498,5386913,5395097,5404986,5414434,5414434,5414434,5414434,5437811,5448449,5454419,5462873,5466873,5466873,5480991,5485811,5493166,5499805,5502958,5506484,5509507,5520993,5525057,5529833,5536023,5541607,5544571,5547045,5549360,5560168,5564394,5570347,5577480,5580555,5583362,5594030,5596149,5603772,5611093,5614976,5622208,5625004,5627346,5639141,5643661,5646017,5661360,5665385,5668645,5679453,5689878,5696031,5705640
12,Rhode Island,0,0,0,0,0,0,0,0,0,0,0,0,0,0,0,0,0,0,0,0,0,0,0,0,0,0,0,0,0,0,0,0,0,0,0,0,1,2,2,2,2,2,3,3,3,3,5,3,12,20,20,21,23,33,44,54,66,83,106,124,132,165,203,239,294,408,488,566,645,711,806,922,1082,1229,1450,1727,1727,2349,2665,2665,3251,3251,3529,4177,4491,4706,5090,5500,5841,6256,6699,7129,7439,7708,7927,8247,8621,8962,9289,9477,9652,9933,10205,10530,10779,10989,11274,11450,11614,11835,12016,12219,12434,12674,12795,12951,13356,13571,13736,13952,14065,14065,14210,14353,14494,14635,14819,14928,14991,15112,15219,15325,15441,15441,15441,15642,15691,15756,15862,15947,15947,15947,16093,16164,16213,16269,16337,16337,16337,16459,16533,16606,16640,16661,16661,16661,16764,16813,16853,16941,16991,16991,16991,16991,17154,17204,17243,17312,17312,17312,17487,17588,17640,17711,17793,17793,17793,17904,17986,18062,18148,18224,18224,18224,18515,18725,18800,18950,19022,19022,19022,19246,19390,19481,19611,19738,19738,19738,19934,20053,20129,20240,20335,20335,20335,20572,20692,20795,20871,21022,21022,21022,21302,21372,21454,21589,21683,21683,21683,21949,22002,22078,22143,22243,22243,22243,22243,22592,22676,22782,22905,22905,22905,23130,23250,23358,23488,23620,23620,23620,23932,24044,24177,24311,24181,24181,24181,24424,24556,24748,24914,25076,25076,25076,25419,25596,25776,26045,26294,26294,26294,26294,26960,27164,27438,27691,27691,27691,28347,28649,29123,29594,30118,30118,30118,31024,31445,31944,32312,32874,32874,32874,34120,34543,35122,35750,36380,36380,36380,38009,38798,39776,40764,41529,41529,41529,43923,44528,45911,46951,48001,48001,48001,50573,51424,52317,52317,53954,53954,53954,56723,57906,59005,60722,62137,62137,62137,65818,67067,68299,69247,70818,70818,70818,74071,75237,76209,77290,77812,77812,77812,80231,81187,82066,82066,82066,82066,82066,85602,86789,87949,87949,87949,87949,87949,92708,93852,95463,96591,97614,97614,97614,100607,101393,102485,103386,104443,104443,104443,104443,107066,107876,108786,109735,109735,109735,111754,112396,113009,113754,114438,114438,114438,115956,116191,116704,117291,117891,117891,117891,119104,119434,119893,120381,120821,120821,120821,121787,122072,122440,122859,123145,123145,123145,123980,124262,124718,125185,125622,125622,125622,126588,126849,127285,127727,128121,128121,128121,128981,129277,129595,130120,130502,130502,130502,131487,131750,132184,132616,133039,133039,133039,134039,134336,134807,135290,135775,135775,135775,136419,136765,137329,137848,138255,138255,138255,139173,139549,140025,140534,141097,141097,141097,141097,142774,143251,143740,144149,144149,144149,144966,145358,145647,146028,146324,146324,146324,146960,147220,147601,147897,148186,148186,148186,148669,148929,149197,149384,149577,149577,149577,149948,150097,150252,150231,150385,150385,150385,150648,150737,150737,150948,151258,151258,151258,151440,151502,151580,151691,151743,151743,151743,151743,151844,151895,151936,151992,151992,151992,152074,152106,152153,152187,152213,152213,152213,152273,152306,152333,152359,152383,152383,152383,152429,152443,152481,152501,152514,152514,152514,152567,152589,152613,152618,152643,152643,152643,152643,152698,152738,152748,152729,152729,152729,152819,152842,152873,152927,152971,152971,152971,153103,153168,153269,153355,153447,153447,153447,153697,153802,153954,154153,154339,154339,154339,154790,154985,155287,155527,155825,155825,155825,155825,156539,156824,157188,157589,157589,157589,158283,158614,159019,159355,159710,159710,159710,160329,160565,160948,161303,161701,161701,161701,162325,162617,162969,163388,163742,163742,163742,163742,164648,164725,165454,165849,165849,165849,166811,167245,167653,167975,168449,168449,168449,169350,169686,168426,170293,170700,170700,170700,171451,171751,172064,172361,172719,172719,172719,173357,173603,173937,174171,174570,174570,174570,174570,175487,175777,176090,176405,176405,176405,177052,177280,177508,177804,177998,177998,177998,178461,178646,178907,179171,179405,179405,179405,179963,180187,180488,180809,181079,181079,181079,181835,182175,182486,182486,183257,183257,183257,184220,184777,185254,185799,186387,186387,186387,187531,188135,188561,188561,188561,188561,188561,190975,191763,192741,193714,194858,194858,194858,196949,198036,198729,200197,201275,201275,201275,203708,204954,206357,207556,208753,208753,208753,212715,213730,215541,217228,217228,217228,217228,217228,223985,227178,231096,231096,231096,231096,231096,247324,253192,260110,266066,266066,266066,279831,284907,290634,296304,302109,302109,302109,313700,317344,320617,324234,327109,327109,327109,332961,334581,337659,339571,341407,341407,341407,343779,344841,345836,347041,347901,347901,347901,349499,350080,350715,351334,351844,351844,351844,352794,353048,353377,353776,354045,354045,354045,354617,354817,355014,355294,355509,355509,355509,355925,356095,356436,356627,356783,356783,356783,357136,357266,357440,357647,357802,357802,357802,358209,358429,358637,358880,359064,359064,359064,359470,359610,359823,360016,360172,360172,360172,360594,360759,360959,361262,361508,361508,361508,362000,362267,362635,363033,363372,363372,363372,364184,364648,365009,365548,365880,365880,365880,366740,367095,367413,367902,368246,368246,368246,369234,369723,370262,370920,371629,371629,371629,372866,373437,374181,375119,375897,375897,375897,377576,378424,379414,380384,381271,381271,381271,383209,384187,385153,386196,387083,387083,387083,388586,389305,389901,390639,391275,391275,391275,391275,392790,393415,393888,394573,394573,394573,395410,395945,396329,396773,397187,397187,397187,397758,398242,398622,398981,399282,399282,399282,399860,400168,400454,400834,401108,401108,401108,401688,402024,402371,402769,403052,403052,403052,403052,403677,403956,404204,404604,404604,404604,404604,405589,405974,406321
13,Georgia,0,0,0,0,0,0,0,0,0,0,0,0,0,0,0,0,0,0,0,0,0,0,0,0,0,0,0,0,0,0,0,0,0,0,0,0,0,0,2,2,2,3,5,5,10,17,23,31,42,73,99,121,146,197,287,485,555,621,772,1026,1247,1525,2000,2366,2651,2808,3929,4638,5348,5831,6160,6647,7314,8822,9901,10566,11485,12159,12452,13315,14578,14987,15669,17194,17669,18301,19407,19881,21214,21883,22491,23222,23486,24302,24922,25775,26264,27489,28331,28665,29451,29998,30743,31618,32181,32588,33580,34002,34924,35427,35977,36772,37212,37579,38283,38855,39801,40663,41482,42242,42902,43400,43983,44638,45266,45881,46331,47063,47902,48207,48894,49859,50621,51359,51898,52497,53249,53980,54973,55783,56804,57681,58414,59078,60030,60912,62009,63809,64701,65928,67810,69381,71095,72995,74985,77210,79417,81291,84242,87709,90493,93319,95516,97064,100470,103890,106727,111217,114401,116935,120572,123963,127838,131287,135192,139880,143129,145582,148988,152302,156607,161420,165188,167953,170843,175052,178323,182286,186352,190012,193177,195435,197948,201713,204895,209004,213427,216596,219025,222588,226153,228668,231895,235168,237030,238861,241677,243982,246741,249630,252222,253949,256253,258354,260590,263074,265372,267758,268973,270471,272697,274613,277288,279354,281548,283199,283807,285350,287300,289123,290781,292905,294314,295337,296994,299056,300903,302854,305021,306155,307339,308294,310161,311698,312514,313873,314685,315281,316306,318026,319359,320634,322169,322925,323714,324650,326142,327407,329032,330269,331409,332311,333304,334601,336241,337850,339384,340558,341310,342438,343750,345535,347759,349605,350923,351881,353372,355025,356848,358225,360790,361982,362921,394526,397137,399625,402427,405037,406061,407333,411652,413894,416876,419870,422905,424989,426236,430571,433732,437156,440591,446804,449132,451056,454732,457909,461517,464526,467564,469516,471563,476405,482139,487978,494354,499371,501405,506690,512267,517779,525402,531593,538040,542838,546558,553995,560619,568396,576537,582300,587918,591438,600517,608290,618576,624630,628788,632299,636240,645690,654743,666452,677589,685122,690900,696063,706154,713840,723630,736926,748852,757045,764499,773692,782288,791324,801130,809663,815995,820952,828581,836649,844799,853173,862158,866911,870828,879221,885605,892957,899515,905858,909445,912479,917440,922364,928070,932912,937402,940991,943695,947416,950906,955085,958985,962808,964737,966807,969702,973247,976732,980411,983747,985505,987041,990821,994061,997388,1000822,1004187,1006521,1008660,1011807,1014542,1017428,1019509,1021778,1023487,1024931,1026692,1028432,1030146,1031713,1032967,1033786,1034763,1036506,1038550,1040817,1042417,1044134,1045694,1046382,1048173,1049397,1051361,1053020,1054430,1055256,1056421,1057741,1059548,1060973,1062555,1063680,1064554,1065197,1066671,1068199,1069689,1071130,1072700,1073792,1074731,1076644,1078379,1079979,1081629,1083300,1084272,1085161,1086473,1087791,1089497,1091339,1092852,1093768,1094580,1095879,1097279,1098723,1100187,1101487,1102789,1103659,1104837,1105855,1107068,1108317,1109330,1109958,1110418,1111376,1112297,1113411,1114329,1115072,1115601,1116008,1116775,1117475,1118308,1119012,1119614,1119979,1120272,1120923,1121472,1122166,1122711,1123343,1123604,1123841,1124080,1124571,1125017,1125512,1125854,1126134,1126397,1126789,1127200,1127658,1128092,1128467,1128690,1128870,1129177,1129675,1130083,1130468,1130845,1131048,1131232,1131583,1131972,1132329,1132661,1133063,1133291,1133481,1133983,1134573,1135093,1135526,1135526,1135526,1135526,1136893,1137560,1138492,1139396,1139396,1139396,1141159,1142268,1143528,1144890,1145976,1145976,1145976,1149266,1150835,1153064,1155208,1157705,1157705,1157705,1163818,1167405,1171233,1175845,1179449,1179449,1179449,1185594,1194768,1199628,1205434,1211439,1211439,1211439,1224480,1231425,1238383,1245399,1252615,1252615,1252615,1272014,1279653,1287667,1297503,1307084,1307084,1307084,1328156,1337342,1348019,1358842,1369926,1369926,1369926,1393061,1403582,1413284,1421696,1433714,1433714,1433714,1433714,1459658,1468410,1475996,1484274,1484274,1484274,1500176,1507503,1513670,1519522,1525114,1525114,1525114,1536467,1543960,1548683,1553236,1557536,1557536,1557536,1565540,1569405,1573840,1578716,1582063,1582063,1582063,1589857,1592731,1593640,1599393,1602667,1602667,1602667,1602667,1609681,1611692,1613794,1615699,1615699,1615699,1619015,1620694,1622376,1623863,1625399,1625399,1625399,1628166,1629337,1631348,1632870,1634093,1634093,1634093,1636325,1637571,1638606,1639896,1641036,1641036,1641036,1641036,1643945,1644997,1644997,1647265,1647265,1647265,1649520,1650756,1651952,1653237,1654649,1654649,1654649,1656992,1658363,1659491,1659491,1659491,1659491,1659491,1662995,1664456,1666110,1667630,1668875,1668875,1668875,1671787,1673082,1675453,1676787,1678746,1678746,1678746,1681906,1683676,1686332,1688806,1691674,1691674,1691674,1700763,1706483,1714093,1724105,1733600,1733600,1733600,1759879,1772897,1792021,1816441,1839879,1839879,1839879,1839879,1904918,1928942,1928942,1928942,1928942,1928942,2025262,2050127,2069066,2093376,2113319,2113319,2113319,2148468,2160539,2188320,2211004,2229675,2229675,2229675,2272461,2288693,2306025,2327733,2346518,2346518,2346518,2368052,2378278,2386298,2394327,2403125,2403125,2403125,2414929,2419503,2424950,2429839,2434131,2434131,2434131,2440543,2443410,2446525,2448939,2451908,2451908,2451908,2455573,2456866,2458946,2461103,2462663,2462663,2462663,2465056,2466525,2467923,2469089,2470384,2470384,2470384,2472140,2473056,2474277,2475489,2476516,2476516,2476516,2477737,2478986,2480368,2481419,2482518,2482518,2482518,2483456,2483910,2484385,2485113,2485736,2485736,2485736,2486866,2487464,2496503,2499431,2500259,2500259,2500259,2501271,2501688,2502192,2502667,2503082,2503082,2503082,2504257,2504760,2505343,2505856,2506634,2506634,2506634,2506634,2506634,2509160,2509160,2509160,2509160,2509160,2509160,2509160,2515139,2515139,2515139,2515139,2515139,2515139,2515139,2521664,2521664,2521664,2521664,2521664,2521664,2521664,2530918,2530918,2530918,2530918,2530918,2530918,2530918,2541873,2541713,2541713,2541713,2541713,2541713,2541713,2556044,2556044,2556044,2556044,2556044,2556044,2556044,2571104,2571104,2571104,2571104,2571104,2571104,2571104,2588805,2588857,2588857,2588857,2588857,2588857,2588857,2608172,2608172,2608172,2608172,2608172,2608172,2608172,2626597,2626597,2626597,2626597,2626597,2626597,2626597,2647568,2647568,2647568,2647568,2647568,2647568,2647568,2667557,2667557,2667557,2667557,2667557,2667557,2667557,2694160,2694160
14,New Hampshire,0,0,0,0,0,0,0,0,0,0,0,0,0,0,0,0,0,0,0,0,0,0,0,0,0,0,0,0,0,0,0,0,0,0,0,0,0,1,2,2,2,2,2,4,4,4,5,6,6,7,7,17,26,37,42,53,61,73,101,101,108,137,158,187,214,314,357,367,479,479,540,621,715,715,747,819,819,885,929,985,922,1139,1139,1287,1342,1390,1447,1490,1588,1670,1720,1797,1864,1938,2010,2058,2146,2310,2429,2518,2588,2636,2741,2843,2947,3011,3071,3160,3239,3299,3382,3453,3556,3596,3652,3721,3868,3935,4014,4089,4149,4197,4231,4286,4389,4492,4492,4651,4685,4749,4795,4876,4953,5019,5043,5079,5079,5178,5209,5251,5299,5318,5345,5364,5436,5450,5486,5518,5544,5558,5571,5598,5638,5671,5717,5747,5760,5782,5802,5822,5857,5872,5897,5914,5932,5952,5973,5991,6024,6054,6068,6091,6113,6139,6165,6188,6203,6249,6262,6295,6318,6375,6415,6436,6441,6500,6513,6544,6583,6614,6634,6660,6693,6719,6742,6779,6818,6835,6840,6861,6887,6921,6964,6980,6988,7004,7017,7036,7050,7071,7094,7107,7140,7156,7156,7194,7216,7246,7254,7275,7297,7309,7347,7368,7424,7447,7476,7494,7494,7573,7620,7652,7696,7714,7750,7781,7781,7861,7920,7947,7952,7990,8007,8044,8085,8121,8172,8208,8233,8266,8317,8534,8597,8645,8645,8731,8731,8878,8970,9092,9143,9208,9279,9349,9426,9514,9625,9625,9746,9828,9917,9994,10112,10238,10328,10397,10530,10641,10768,10884,11084,11190,11288,11416,11538,11785,11991,12214,12458,12666,12882,13102,13414,13853,14212,14552,14907,15173,15599,16115,16616,17094,17405,17861,18283,18676,19205,19609,20142,20636,21033,21725,22428,23567,24444,25367,26044,26759,27566,28519,29238,30282,31119,31705,32544,33318,34114,34888,35712,36362,37096,37715,38284,38872,40015,40784,41131,41636,42220,42934,43879,44882,45932,46614,47376,47870,48662,49584,50337,51289,52371,52980,53913,54516,55378,55957,56966,57605,58229,58709,59228,59891,60588,61206,61995,62492,62890,63367,63886,64591,65134,65655,65949,66289,66656,67041,67492,67919,68260,68597,68897,69126,69519,69929,70322,70756,71044,71302,71561,71938,72399,72767,73161,73413,73665,73923,74258,74568,74893,75166,75424,75588,75803,75990,76178,76422,76695,76861,77060,77252,77463,77764,78074,78319,78615,78813,79070,79367,79702,79996,80316,80543,80750,81132,81521,82039,82374,82745,83027,83340,83714,84176,84539,85010,85448,85846,86125,86521,86935,87441,87978,88446,88854,89229,89605,89983,90525,90910,91279,91586,91783,92053,92395,92911,93231,93542,93821,93821,94203,94405,94676,94886,95163,95377,95506,95714,95881,96134,96337,96501,96624,96801,96933,97093,97304,97430,97563,97676,97774,97904,97978,98091,98168,98244,98303,98349,98428,98470,98613,98650,98699,98726,98726,98767,98791,98840,98877,98877,98877,98941,98944,98996,99040,99068,99068,99068,99143,99178,99196,99225,99254,99254,99254,99329,99348,99366,99392,99403,99403,99403,99455,99481,99504,99527,99555,99555,99555,99555,99626,99652,99685,99708,99708,99708,99770,99800,99840,99875,99907,99907,99907,99966,100025,100072,100106,100152,100152,100152,100286,100398,100465,100554,100657,100657,100657,100986,101155,101277,101505,101662,101662,101662,102117,102205,102353,102659,102901,102901,102901,103462,103733,103989,104263,104571,104571,104571,105302,105589,105883,106205,106525,106525,106525,107474,107689,108021,108319,108713,108713,108713,108713,109716,110256,110779,111111,111111,111111,112326,112747,113291,113903,114322,114322,114322,115401,115612,115957,116710,117454,117454,117454,117454,119068,119720,120268,120763,120763,120763,122054,122450,122934,123562,124208,124208,124208,124845,126229,126773,127421,128047,128047,128047,129663,130040,130615,131255,131790,131790,131790,131790,131790,132441,132441,132441,132441,132441,136775,137156,137778,138511,139324,139324,139324,141317,141707,142469,142469,144626,144626,144626,146834,147652,148718,149827,150813,150813,150813,153934,154579,155711,155711,155711,155711,155711,160287,161244,162583,163961,165574,165574,165574,167612,170080,171538,173089,174456,174456,174456,178099,178967,180238,181660,183056,183056,183056,186678,187340,188644,189987,189987,189987,189987,194470,195004,196656,198667,198667,198667,198667,203749,204897,208073,211952,214572,214572,214572,223599,226132,229373,233508,235898,235898,235898,235898,250616,251441,254715,257795,257795,257795,265140,266000,267800,270063,272492,272492,272492,276856,277355,278691,279842,281300,281300,281300,284180,284567,285863,287020,288191,288191,288191,288191,291083,291540,292187,293697,293697,293697,293697,293697,295701,296870,297729,297729,297729,298362,298626,298808,298993,299213,299213,299213,299651,299749,299873,299999,299999,299999,300185,300511,300550,300692,300799,300941,300941,300941,301308,301385,301385,301687,301777,301777,301777,302181,302253,302383,302541,302541,302541,302541,302541,302541,302541,302541,303755,303755,303755,304365,304503,304793,305119,305411,305411,305411,306193,306369,306724,307103,307528,307528,307528,308446,308653,309193,309552,309982,309982,309982,311144,311625,312161,312679,313288,313288,313288,314533,314860,315447,316127,316691,316691,316691,316691,319179,319901,320445,320445,320445,320445,322511,322904,323326,323897,324373,324373,324373,324373,325569,325833,325833,326610,326610,326610,327358,327592,327814,328064,328319,328319,328319,328834,329008,329230,329492,329685,329685,329685,330117,330286,330482,330629,330829,330829,330829,331497,331620,331883,332120,332364,332364,332364,332364,333081,333251,333251,333789,333789,333789,334373,334576,334845,335149
15,North Carolina,0,0,0,0,0,0,0,0,0,0,0,0,0,0,0,0,0,0,0,0,0,0,0,0,0,0,0,0,0,0,0,0,0,0,0,0,0,1,1,1,1,2,2,2,7,7,9,17,22,32,33,39,62,104,152,208,287,325,423,544,661,791,963,1105,1234,1426,1578,1855,2093,2380,2635,2891,3153,3453,3700,3993,4230,4535,4839,5024,5195,5484,5877,6171,6524,6818,7033,7331,7728,8200,8634,8929,9339,9782,10144,10711,11120,11585,11929,12167,12483,12928,13541,14051,14516,15002,15274,15601,16025,16733,17527,18269,18754,19161,19684,20189,21014,21802,22750,23323,23876,24337,24952,25613,26749,27826,28736,29514,30153,30966,32198,33454,34771,35721,36834,37664,38528,39805,41435,42932,44295,45386,46348,47216,48595,50214,51710,53009,54129,55157,56442,57817,59437,61207,62736,64069,65331,67226,68830,70905,72368,73779,75216,76609,78207,80209,82222,84493,86492,88316,90397,92334,94365,96331,98698,100494,101815,103730,105565,108017,110269,112320,114127,115718,117767,119375,121739,123690,125678,127080,128450,130030,131257,133210,135076,136862,138227,139040,140375,141736,143513,145082,146679,148020,148906,150163,151542,153591,155580,157370,158889,160106,161601,162995,165156,167143,168682,170377,171487,172879,174221,176173,177877,179534,180695,181517,182334,183399,184649,186339,187841,188945,189768,191028,192394,194062,195610,197128,198266,199085,200287,201411,203166,204875,206549,207774,208566,209718,210543,210632,212898,214684,216886,217496,219754,221258,222969,225397,227431,229752,231471,232747,234481,236407,238939,241623,243725,246028,247172,248750,250592,252992,255708,258292,260099,261742,263883,266136,269021,271830,274635,276692,278028,280377,282802,285661,288569,291245,293339,294860,297442,300561,303454,305233,309118,312235,314207,317495,320862,325158,328846,332261,336775,339194,342294,346506,346506,354514,357958,361778,364512,367395,371594,377231,382534,388552,394990,399362,404032,410527,416083,423623,429776,436595,441365,446601,451874,457660,466104,472268,479168,483647,488902,494511,494511,494511,513930,516828,520716,524279,532830,539545,539545,558437,564924,570111,575396,582348,592746,602774,614355,623188,629124,635975,641073,650926,659840,667826,674637,674637,684497,690912,698099,705535,712716,718812,723445,727423,733010,739500,746459,752627,757526,761302,764228,776307,781802,787349,791521,796195,799279,802065,805898,810466,814594,818724,821894,824352,826340,829507,833423,836650,840096,842637,844770,846284,849630,852981,855905,858548,858548,862170,863409,865554,868056,870149,872176,872176,874906,875903,877764,879825,881823,882715,882715,886218,887311,889310,891314,893229,895263,895263,898102,899164,901262,903374,905528,905528,905528,910833,912203,914132,916159,916159,916159,916159,922560,923430,924810,926897,929406,929406,929406,935061,936425,938784,941218,943693,943693,943693,949366,950566,952529,954765,956932,956932,956932,962623,963771,965536,967521,969752,969752,969752,974319,975300,976768,978566,980498,980498,980498,984251,984950,986443,987837,989338,989338,989338,991956,992578,993547,994734,995754,995754,995754,998176,998701,999567,1000416,1001154,1001154,1001154,1001154,1003243,1003508,1003989,1004669,1004669,1004669,1005966,1006265,1006809,1007273,1007698,1007698,1007698,1008926,1009198,1009531,1009893,1010113,1010113,1010113,1010889,1011100,1011561,1011955,1012343,1012343,1012343,1013207,1013481,1013689,1013985,1014359,1014359,1014359,1014359,1015847,1016262,1016892,1017435,1017435,1017435,1019298,1019838,1020833,1021853,1022876,1022876,1022876,1025826,1026697,1028131,1029931,1031929,1031929,1031929,1037373,1038976,1041609,1044877,1048076,1048076,1048076,1056699,1058887,1062300,1066631,1071137,1071137,1071137,1086938,1089923,1094886,1100786,1107414,1107414,1107414,1122412,1125987,1131243,1138263,1144894,1144894,1144894,1161818,1166441,1172571,1181191,1189296,1189296,1189296,1208303,1213654,1220902,1228803,1237393,1237393,1237393,1237393,1262581,1267333,1273623,1279500,1279500,1279500,1303390,1308150,1315427,1322587,1330492,1330492,1330492,1346316,1350697,1356985,1362938,1368743,1368743,1368743,1382231,1385700,1390489,1395254,1400217,1400217,1400217,1410902,1413586,1417203,1420984,1425062,1425062,1425062,1434551,1436699,1439938,1443699,1446881,1446881,1446881,1453814,1455188,1457798,1460801,1463410,1463410,1463410,1469155,1470495,1472655,1475148,1477514,1477514,1477514,1482464,1483678,1485455,1487656,1489653,1489653,1489653,1494278,1495521,1497677,1497677,1501801,1501801,1501801,1506576,1507915,1510086,1512478,1514879,1514879,1514879,1520471,1521760,1524078,1524078,1524078,1524078,1524078,1532250,1534005,1537044,1540824,1544544,1544544,1544544,1553112,1555216,1558510,1562663,1566269,1566269,1566269,1575222,1577154,1580909,1585074,1589054,1589054,1589054,1599595,1602489,1607378,1607378,1607378,1607378,1607378,1607378,1639545,1648922,1667493,1686667,1686667,1686667,1732568,1742844,1763614,1787906,1816380,1816380,1816380,1887560,1905265,1930710,1975543,2011302,2011302,2011302,2011302,2130403,2147777,2177357,2212752,2212752,2212752,2290179,2303196,2323482,2352235,2374866,2374866,2374866,2421799,2430556,2442891,2457857,2470242,2470242,2470242,2494309,2498957,2509470,2518195,2525734,2525734,2525734,2540372,2543260,2549339,2554922,2559793,2559793,2559793,2569681,2571397,2574867,2578517,2583404,2583404,2583404,2589517,2590748,2592991,2595368,2598014,2598014,2598014,2602244,2603138,2604971,2606754,2608603,2608603,2608603,2611733,2612382,2612382,2615124,2616864,2616864,2616864,2619372,2620191,2621793,2623081,2624305,2624305,2624305,2626596,2627220,2628287,2629362,2630506,2630506,2630506,2632557,2633131,2634007,2634007,2634007,2634007,2634007,2634007,2634007,2639241,2639241,2639241,2639241,2639241,2639241,2639241,2647650,2647650,2647650,2647650,2647650,2647650,2647650,2659255,2659255,2659255,2659255,2659255,2659255,2659255,2673326,2673326,2673326,2673326,2673326,2673326,2673326,2691805,2691805,2691805,2691805,2691805,2691805,2691805,2715798,2715798,2715798,2715798,2715798,2715798,2715798,2744935,2744935,2744935,2744935,2744935,2744935,2744935,2772730,2772730,2772730,2772730,2772730,2772730,2772730,2799515,2799515,2799515,2799515,2799515,2799515,2799515,2823979,2823979,2823979,2823979,2823979,2823979,2823979,2843077,2843077,2843077,2843077,2843077,2843077,2843077,2867218,2867218,2867218,2867218,2867218,2867218,2867218,2892680,2892680,2892680,2892680,2892680,2892680,2892680,2919068,2919068
16,New Jersey,0,0,0,0,0,0,0,0,0,0,0,0,0,0,0,0,0,0,0,0,0,0,0,0,0,0,0,0,0,0,0,0,0,0,0,0,0,0,0,0,2,2,4,5,5,15,23,29,49,69,72,176,250,397,741,890,1327,1914,2844,3675,4402,6876,8825,11124,13386,16636,18696,22255,25590,29895,34124,37505,41090,44416,47437,51027,54588,58151,61850,64584,68824,71030,75317,78467,81420,85301,88722,92387,95914,100025,102196,105498,109038,111188,113856,116365,118652,121203,123735,126763,128296,130628,131928,134037,135899,137464,138823,140289,141016,141673,142834,144124,145233,146653,148401,149533,150976,151802,152818,153383,154402,155343,156030,156909,157485,159152,159922,160760,161246,161904,162445,162923,163748,164314,164593,164941,165257,165823,166318,166685,167141,167425,167669,168022,168323,168748,169167,169522,169843,170148,170506,170683,171018,171430,171741,172066,172199,172633,172934,173411,173829,174132,174524,174766,175089,175288,175567,175964,176332,176708,176995,177450,177863,178137,178234,178523,178515,178755,179106,179549,179834,180332,180881,181415,181910,182457,182797,183205,183953,184358,184709,185017,185410,185810,186233,186640,187033,187399,187705,188184,188703,189397,190016,190332,190372,190732,191113,191483,191624,191955,192510,192691,192970,193315,193652,194002,194407,194782,195098,195500,195879,196225,196651,197163,197531,197871,198237,198588,198984,199455,199985,200464,200795,201183,201675,202129,202762,203302,203798,204291,204770,205279,205771,206076,207038,207854,208617,209278,209848,210661,211378,212213,213239,213934,214540,215282,215907,217322,218312,219274,220111,220744,221935,223083,224246,225290,226378,227470,229277,230543,231862,233296,234640,236829,238243,239900,241901,243995,245970,248338,250090,252263,254211,256657,259709,262290,265051,268738,271246,273968,278419,282233,286354,290377,295230,300283,303215,307958,312701,317589,321821,326964,331394,335675,340671,345398,350285,355116,358855,364047,368086,373556,378624,384193,390586,396519,403128,407569,413745,418861,424679,428977,435771,440464,446000,450614,456938,461744,466320,471084,476776,480661,485914,491341,496638,502069,506724,509765,513429,517845,523295,529027,535043,541202,545450,547247,554400,560057,566761,572692,579250,584828,590162,594749,602629,609721,616032,622089,627221,631074,635702,641140,646189,650389,657536,662808,666951,671781,676537,681283,687269,692543,696829,700346,703496,705807,709096,713324,717835,722167,724728,728304,732674,736330,740062,743819,745987,747432,751065,755174,758451,761498,764375,766405,769109,772267,775386,778963,782833,786967,789356,792496,795785,799476,802669,806370,810090,812609,814916,819042,822817,826632,830681,834547,837861,840685,844398,848727,853188,857739,862648,865886,869037,873840,877936,881882,887481,892143,896652,900273,905144,908816,914422,918951,923396,927195,930026,933736,937979,942311,946504,950103,953490,955958,959921,963484,967442,971782,975704,978853,981036,983875,987350,990580,993414,996197,997891,988886,991010,993123,995365,997223,998812,1000010,1000993,1001997,1004525,1005938,1007776,1007555,1007894,1008046,1008607,1009093,1009521,1009844,1010490,1010759,1011106,1011752,1012196,1012757,1013409,1013787,1014088,1014190,1014579,1014974,1015368,1015634,1015889,1016135,1016332,1016490,1016763,1017044,1017118,1017695,1017904,1018112,1018307,1018491,1018833,1019107,1019107,1019563,1019794,1020043,1020326,1020564,1020830,1021038,1021182,1021308,1021554,1021822,1022094,1022443,1022680,1022830,1022977,1023200,1023395,1023613,1023923,1024113,1024225,1024311,1024465,1024748,1025079,1025477,1025788,1026071,1026286,1026649,1027014,1027460,1027954,1028503,1028931,1029243,1029901,1030600,1031346,1032255,1033116,1033712,1034233,1035027,1035975,1037052,1038171,1039353,1040281,1041159,1042472,1043702,1045168,1046514,1048053,1049222,1050083,1051712,1053398,1055252,1057096,1059660,1060934,1062238,1064059,1065736,1067758,1070698,1072856,1074306,1075930,1077787,1079900,1081954,1084546,1086480,1088330,1089838,1091966,1094249,1096791,1098526,1100774,1102488,1104439,1104793,1108291,1110501,1113165,1115659,1117506,1119051,1121089,1123364,1126322,1128696,1131319,1133228,1134851,1137016,1139367,1141619,1143855,1146089,1147199,1148358,1150246,1152243,1154570,1156243,1158178,1159632,1160878,1162526,1164378,1166443,1168312,1170140,1171573,1172527,1174169,1175915,1177553,1178936,1180388,1181284,1182051,1183289,1184395,1185863,1187569,1188709,1189496,1190439,1191912,1193201,1195166,1196472,1197702,1198917,1199738,1200953,1202251,1203755,1205140,1206543,1207469,1208321,1209785,1211423,1213246,1215067,1216705,1218406,1219768,1221507,1223455,1225928,1228167,1230366,1231968,1233511,1236151,1238359,1241210,1243354,1245344,1247213,1249454,1252705,1255893,1260355,1264818,1269232,1272728,1275717,1279667,1283925,1289542,1295005,1299601,1303443,1306722,1311119,1316108,1323331,1330728,1338372,1345717,1352812,1361306,1373212,1391334,1410275,1429756,1443915,1453647,1468881,1495354,1530529,1564253,1596644,1623096,1644839,1674453,1711738,1744002,1782463,1815163,1843677,1866735,1892142,1915417,1939089,1962198,1979057,1994502,2003455,2014702,2025616,2037690,2049573,2058497,2067692,2072536,2078258,2085385,2092109,2102227,2107606,2109783,2111856,2115305,2119298,2123207,2126230,2129191,2131015,2132154,2134058,2136387,2139579,2142157,2144050,2145147,2146285,2147857,2150351,2153093,2155400,2155400,2155400,2158820,2160023,2161190,2161190,2164368,2165484,2166758,2167515,2168631,2170061,2171339,2172771,2173813,2174473,2175439,2176633,2177598,2178976,2180216,2180930,2181398,2181828,2182557,2184240,2185323,2186846,2187715,2188228,2188780,2189639,2190743,2192294,2193470,2194379,2195320,2195963,2196970,2198339,2199807,2201324,2202817,2202817,2204645,2206255,2208118,2210227,2212245,2213874,2215685,2216804,2218786,2221058,2223788,2226164,2228327,2229976,2229976,2232789,2235034,2237831,2240701,2243233,2244918,2246233,2248959,2252044,2255205,2258440,2261694,2263991,2267006,2269649,2273050,2277389,2281655,2285641,2288950,2291089,2295482,2300407,2306574,2313062,2318229,2322204,2325525,2330144,2335255,2341250,2347382,2352650,2356577,2359532,2365656,2370508,2375979,2381173,2385951,2385951,2392171,2394595,2398157,2402892,2407649,2412005,2415000,2417401,2421092,2424606,2428347,2432023,2435303,2437531,2438510,2441637,2444707,2447904,2451377,2453982,2456359,2457797,2460655,2464207,2467432,2470738,2473956,2476558,2478067,2481696,2484840,2488751,2492366,2495905,2495905,2500418,2502617,2505692,2509617,2514115,2517834,2520736,2522649,2527086,2530796,2535067
17,Colorado,0,0,0,0,0,0,0,0,0,0,0,0,0,0,0,0,0,0,0,0,0,0,0,0,0,0,0,0,0,0,0,0,0,0,0,0,0,0,0,0,2,8,8,8,12,17,34,49,78,103,136,161,183,216,278,364,475,595,723,912,1087,1430,1738,2061,2308,2627,2966,3342,3728,4173,4565,4950,5183,5429,5655,6202,6513,6893,7307,7696,7950,8280,8675,9047,9440,9730,10112,10473,10891,11278,12256,12968,13441,13879,14316,14758,15284,15793,16225,16635,16918,17367,17832,18370,18827,19375,19703,19879,20157,20475,20838,21232,21633,21938,22202,22482,22797,23191,23487,23964,24174,24269,24565,24767,25121,25612,26098,26378,26577,26788,27060,27360,27615,27848,28001,28183,28347,28499,28647,28822,29017,29130,29299,29442,29671,29901,30187,30348,30539,30705,30893,31155,31479,31796,32022,32307,32511,32715,33029,33352,33612,33866,34065,34257,34664,35116,35525,36191,36591,36913,37236,37686,38155,38726,39344,39788,40142,40566,41059,41698,42313,42980,43789,44336,44565,45314,45796,46204,46809,47267,47727,47968,48394,48988,49436,49893,50324,50660,51038,51441,51756,52219,52538,52838,53176,53370,53631,53901,54230,54230,54883,55143,55341,55800,55993,56343,56773,57040,57223,57424,57775,58019,58287,58287,58986,59271,59484,59671,59911,60175,60482,60896,61313,61687,62099,62686,63145,63750,64356,64857,65399,66053,66669,67217,67926,68510,69079,69490,70025,70536,71218,71898,72555,73076,73537,74191,74922,75785,76619,77642,78461,79037,80085,80777,81918,83230,84369,85302,86374,87582,88849,90222,91572,93400,95089,97300,98733,100208,102014,104426,107350,109910,112147,114709,117637,121006,124469,127967,130984,134537,138427,142402,147599,154038,159234,163417,167713,172044,176694,182801,188566,194679,198600,202289,206439,210630,216683,220953,225283,228772,232905,237310,241172,247209,252222,257347,260581,264618,268589,272346,276995,281673,285634,288193,291104,293382,296716,300414,304107,306598,308890,311036,313552,316500,319530,322189,323619,325018,326668,328408,330859,334097,337161,339172,341250,343435,346893,349450,352923,356110,358947,361148,362825,364336,366774,369177,371458,373483,374981,376171,377856,379227,381210,383008,384966,386285,387500,388620,390296,391737,393459,395019,396185,397101,398037,399267,400851,402754,404256,405330,406276,407210,407961,409683,411774,412983,413836,414369,415037,416174,417415,418695,419812,420614,421294,422390,423558,424677,426198,427462,428303,429839,430615,431670,433021,434654,435762,436612,437187,438025,439265,440220,441511,442753,443968,444390,444712,445338,446580,448362,449828,450630,450934,452304,453520,454893,456302,457597,458554,459361,460318,462081,463685,465330,466901,468121,468988,470254,472168,474053,475989,477443,478678,479590,481494,483820,485318,487578,489028,490289,491066,493029,494521,496882,498758,500675,502242,503254,505268,506405,509194,510966,512804,513765,514721,516240,517851,519414,520816,522382,523309,524190,525474,526687,528533,530098,531070,531700,532389,533119,534364,535316,536128,536969,537401,537858,539261,540092,540924,541726,542405,542889,543174,543581,544157,545002,545769,546500,546874,547191,547791,548488,549084,550014,550618,551091,551328,551719,552183,552726,553200,553596,553868,554090,554473,554977,555569,555971,556542,556775,557004,557347,557791,558321,558820,559272,559534,559704,559921,560419,560860,561912,562401,562763,563086,563642,564164,564686,565294,565829,566289,566670,567215,567838,568597,569289,569289,569289,571087,571958,572854,573907,575082,575082,575082,577285,578276,579366,580610,581692,581692,581692,584462,585352,586562,588230,589526,589526,589526,592372,593562,595585,597281,598940,598940,598940,603266,604516,606236,608047,610127,610127,610127,613730,615878,618072,620268,622344,622344,622344,627415,629259,630799,632699,634888,634888,634888,640380,642360,644419,646605,648642,648642,648642,653465,655244,656850,658906,660884,660884,660884,665469,667366,668958,671363,673517,673517,673517,678655,680930,682773,685554,688465,688465,688465,694349,696349,698810,701989,704814,704839,704839,710142,712125,714377,717774,720620,720620,720620,727506,729958,733343,737166,740461,740461,740461,747855,750251,752998,757147,760455,760453,760453,768646,771061,774997,778909,781960,781960,781960,789430,792498,796412,801018,804734,804734,804734,811813,814468,817376,820431,821859,821859,821859,826815,829437,832625,835738,838587,838587,838587,843851,846892,849269,851785,854084,854084,854084,858382,860004,861940,864039,866477,866482,866482,870432,873784,877507,881118,886250,886250,886250,896403,902783,910128,919112,929275,929275,929275,954499,962777,971525,979437,989409,989409,989409,1040510,1062568,1075115,1089494,1103698,1103720,1103720,1133675,1146740,1156371,1171789,1185862,1185867,1185867,1208072,1215931,1222893,1233278,1240361,1240361,1240361,1253042,1256557,1260954,1266443,1270138,1270138,1270138,1276978,1279858,1282919,1285987,1288600,1288600,1288600,1293094,1295177,1297330,1299468,1301611,1301611,1301611,1305623,1306684,1308351,1309778,1311061,1311061,1311061,1313779,1314678,1315727,1316450,1317447,1317447,1317447,1320644,1321502,1322637,1323874,1325063,1325063,1325063,1326391,1327685,1329345,1330851,1330851,1330851,1330851,1332055,1335776,1337108,1338331,1340626,1340626,1340626,1342303,1343645,1345099,1346626,1348081,1348081,1348081,1349718,1350848,1352256,1353641,1355882,1355882,1355882,1358825,1359944,1361600,1363400,1365231,1365231,1365231,1368070,1369614,1371521,1373545,1375540,1375540,1375540,1378503,1379646,1380892,1382091,1383024,1383024,1383024,1385179,1386228,1387147,1388702,1389827,1389827,1389827,1392887,1394203,1395208,1405526,1407405,1407405,1407405,1411558,1412889,1414790,1416633,1418901,1418901,1418901,1422590,1424350,1426298,1438905,1441472,1441472,1441472,1441472,1447882,1449140,1451557,1454881,1454881,1454881,1461127,1463689,1466732,1480663,1484356,1484356,1484356,1489787,1491904,1493940,1496446,1498847,1498847,1498847,1502011,1504908,1507052,1520093,1522515,1522515,1522515,1528939,1530707,1533201,1535804,1538051,1538051,1538051,1543241,1544235,1546422,1551926,1554788,1554788,1554788,1559633,1561859,1563803,1566096
18,Maryland,0,0,0,0,0,0,0,0,0,0,0,0,0,0,0,0,0,0,0,0,0,0,0,0,0,0,0,0,0,0,0,0,0,0,0,0,0,0,0,0,0,3,3,5,5,8,9,12,18,27,24,42,60,85,107,149,193,244,290,349,425,583,775,995,1239,1413,1660,1986,2331,2758,3125,3617,4045,4371,5529,6185,6968,7694,8225,8936,9472,10032,10784,11572,12326,12847,13684,14193,14775,15737,16616,17766,18581,19487,20113,20849,21742,23472,24473,25462,26408,27117,28163,29374,30485,31534,32587,33373,34061,34812,35903,36986,37968,38804,39762,41546,42323,43531,44424,45495,46313,47152,47687,48423,49709,50988,52015,52778,53327,54175,54982,55858,56770,57482,57973,58404,58904,59465,60197,60613,61305,61701,62032,62409,62969,63229,63548,63956,64306,64603,65007,65337,65777,66115,66450,66777,67254,67559,67918,68423,68961,69341,69632,69904,70396,70861,71447,71910,72467,73109,73527,74260,75016,75664,76371,77206,78131,78685,79545,80172,80836,81766,83054,83748,84876,85524,86285,87177,88346,89365,90274,91144,91854,92426,93005,93806,94581,95503,96258,96843,97384,98160,98875,99693,100212,100715,101235,101649,102229,102899,103523,104102,104669,105046,105486,106063,106664,107294,107791,108249,108863,109319,110012,110831,111607,112119,112883,113239,113575,114078,114724,115533,116110,116646,117245,117888,118519,119062,119744,120156,120568,120912,121297,121800,122359,122972,123403,123880,124311,124725,125510,126222,126819,127290,127791,128204,128664,129425,130159,130795,131357,131861,132343,132918,133548,134329,135127,135657,136154,136744,137236,137979,138691,139487,140279,140844,141741,142425,143387,144314,145281,146145,146995,147766,148766,149964,151505,152915,153996,155371,156709,158423,159900,161769,164090,165930,167656,169805,171823,174733,177086,179971,182139,183797,185464,188161,190480,192858,194448,196447,198370,201135,203355,205399,209191,212384,215027,217329,219961,222653,225855,228471,232009,234647,236961,239362,241767,243984,246553,248754,250808,253073,255397,257862,260728,263160,265440,267198,269183,271061,273689,276662,280219,283171,285319,287802,289758,292904,295874,299606,303364,306674,309686,312351,314867,317815,320739,324031,326445,328214,330186,332353,334519,336915,339307,341452,343138,344620,346559,348749,350629,352726,354473,355636,356541,357483,359037,360584,362084,363650,364553,365529,366666,367865,368977,370136,370983,371705,372221,372980,373966,374974,375737,376355,376966,377628,378490,379466,380436,381272,382099,382702,383170,383956,384765,385678,386610,387319,388035,388666,389566,390490,391480,392581,393441,394058,394716,395633,396746,397898,399016,400023,400705,401427,402600,403982,405343,406709,408044,409075,409978,411344,412928,414385,415660,417329,418188,419055,420526,421823,423663,425247,426730,427715,428799,430351,431795,433359,434859,436028,436659,437584,438789,439992,441155,442351,443257,443814,444491,445493,446459,447401,448340,448989,449509,450010,450689,451267,452035,452691,453125,453401,453800,454271,454745,455257,455635,456004,456216,456428,456765,457084,457527,458048,458292,458520,458680,458878,459095,459343,459528,459777,459894,459995,460060,460194,460339,460471,460575,460659,460737,460863,460984,461097,461183,461265,461325,461392,461470,461549,461635,461697,461739,461779,461828,461887,461953,462017,462078,462144,462181,462217,462279,462354,462439,462535,462596,462634,462681,462736,462835,462980,463107,463186,463265,463383,463487,463665,463848,464031,464197,464336,464491,464735,465038,465326,465643,465949,466205,466514,466930,467435,467961,468548,469095,469542,469910,470605,471334,472224,473116,473969,474555,475184,476070,477117,478067,479083,479952,480718,481569,482581,483641,484847,485978,486968,487893,488740,489930,491174,492547,493915,494982,495924,497002,498376,499648,501035,502229,503034,504061,504856,505557,506464,508017,509393,510543,511646,512740,513929,515259,516784,518061,519097,520236,521210,522355,523760,525123,526690,527804,528764,529736,530861,532340,533870,535157,536249,537327,537976,539053,540451,541627,542886,544219,545028,545439,546552,547675,548743,549679,550550,551264,551807,552524,553593,554456,555366,556083,556595,557192,557923,558852,559763,560634,561270,561718,562200,562896,563696,564564,565355,566082,566637,567085,567929,568914,569823,570806,571625,572342,573044,573835,574914,575996,577013,578019,578851,579591,580496,580496,580496,583299,584137,584899,586143,587285,589113,590813,592679,593676,594655,595844,597051,598571,600316,601556,602917,604367,606083,608274,611419,614952,618303,620775,621959,628397,633016,640535,651165,661093,667287,673071,680351,692261,707707,720814,735723,747005,761924,777171,788384,802102,814891,828656,846528,856680,866993,878679,889906,900395,910753,918967,925755,929187,933540,942772,947784,952852,956638,959426,962001,965101,968540,971713,974240,976245,977370,978952,980426,982598,984291,985982,987147,987942,988738,989532,990631,991569,992510,993228,993653,994096,994577,995328,996182,997047,998136,998136,998888,999229,999890,1000562,1001509,1001890,1002279,1002634,1003039,1003510,1003908,1004290,1004539,1004762,1005056,1005333,1005716,1006062,1006432,1006636,1006782,1007040,1007372,1007748,1008178,1008536,1008740,1008915,1009097,1009343,1009705,1010096,1010497,1010722,1010934,1011211,1011498,1011919,1012357,1012357,1012357,1013396,1013696,1014223,1014714,1015358,1015358,1015358,1016971,1017470,1017926,1018701,1019487,1019487,1019487,1020351,1022225,1022861,1023905,1024920,1024920,1024920,1025925,1028026,1028752,1030144,1031533,1031533,1031533,1032775,1035008,1036338,1037863,1039776,1039776,1039776,1041621,1045721,1047261,1049471,1051938,1051938,1051938,1054547,1060243,1062235,1065005,1068021,1068021,1068021,1070205,1076139,1078122,1080747,1083424,1083424,1083424,1083424,1085628,1093441,1093414,1095903,1095903,1095903,1098271,1102725,1104084,1105840,1107391,1107391,1107391,1109279,1112705,1113849,1115482,1117397,1117397,1117397,1117397,1118785,1122792,1124390,1126088,1126088,1126088,1127722,1131371,1132805,1134521,1136317,1136317,1136317,1136317,1137909,1142366,1143571,1145444,1145444,1145444,1147362,1151423,1153203,1154979
19,Nevada,0,0,0,0,0,0,0,0,0,0,0,0,0,0,0,0,0,0,0,0,0,0,0,0,0,0,0,0,0,0,0,0,0,0,0,0,0,0,0,0,1,2,2,4,4,4,7,10,18,20,20,45,55,55,95,161,161,190,245,278,323,420,536,626,920,1012,1114,1279,1463,1514,1742,1855,1953,2124,2259,2456,2722,2702,2836,2990,3134,3211,3214,3524,3626,3728,3830,3937,4081,4208,4398,4539,4734,4700,4821,4934,5053,5248,5389,5472,5630,5660,5741,5855,5920,6171,6120,6152,6313,6476,6504,6733,6813,6949,7061,7096,7388,7400,7525,7526,7881,7956,8057,8150,8248,8376,8517,8628,8702,8858,8951,9129,9309,9491,9669,9816,10045,10218,10473,10704,10997,11201,11315,11683,11854,12169,12524,12976,13240,13528,13997,14362,14859,15240,16339,17160,17894,18456,19101,19733,20718,21575,22418,22909,23785,24301,24904,25908,26838,27683,28515,29619,30468,31915,33295,34477,35765,36713,37528,38657,39919,40885,41816,42843,43831,44936,45806,46824,48088,49074,50205,51199,52179,52828,53557,54533,55419,56230,56972,57520,58048,58650,59749,60608,61305,61967,62639,63028,63584,64433,65069,65601,66010,66413,66666,67220,67852,68461,68908,69228,69633,69872,70223,70712,71102,71610,71967,72104,72258,72546,72806,73220,73537,73814,74040,74248,74595,75096,75419,75804,76036,76298,76807,77197,77753,78355,78728,79191,79595,79980,80410,81182,81708,82100,82437,82916,83347,83827,84593,85399,85779,86348,86835,87314,87969,88685,89652,90261,90843,91499,92064,92853,93665,94812,95703,96178,96908,97479,98552,99784,100761,101477,102114,103025,104093,105360,106922,108746,110022,110982,112304,113411,114880,116737,119006,120183,122099,123795,125459,127876,129714,131733,133888,136227,139098,142240,144781,146317,149229,150527,152171,154842,156997,159532,162434,165628,168140,170587,173284,176334,178527,181310,183949,186833,189413,191732,194098,196379,199257,201858,203945,205884,206974,209962,212211,214064,215653,217509,218377,220124,222595,224731,227046,228871,231614,233032,235455,237393,240796,243661,246309,248569,250249,252842,253985,256172,258050,260090,261573,262794,263972,265143,266343,268212,269713,270907,271897,272853,273873,274951,276279,277349,278308,279146,279957,280707,281596,282493,283391,284042,284590,285136,285795,286387,287023,287836,288348,288739,289029,289392,289880,290300,290671,290972,291145,291543,292059,292630,293029,293488,293754,293980,294289,294684,295069,295460,295960,296190,296393,296822,297147,297765,298623,299065,299287,299471,299817,300118,300415,300680,300951,301178,301334,301481,301727,302171,302616,302918,303061,303273,303494,303762,304112,304454,304916,305176,305357,305652,305929,306315,306952,307704,308024,308343,308755,309150,309699,310235,310235,310235,310933,311314,311750,312278,312840,312840,312840,313680,314085,314475,314928,315438,315438,315438,316239,316715,317088,317482,317980,317980,317980,318780,319250,319714,320150,320539,320539,320539,321081,321368,321716,322018,322352,322352,322352,322757,323022,323249,323481,323748,323748,323748,323748,324262,324681,325031,325392,325392,325392,326019,326366,326583,326878,327140,327140,327140,327579,327831,328194,328490,328875,328875,328875,329515,329915,330362,330810,331614,331614,331614,332529,333154,333712,334255,334763,334763,334763,334763,336109,336562,337259,338072,338072,338072,339745,340600,341292,342230,343096,343096,343096,345163,346167,347098,348040,349043,349043,349043,351443,352567,353746,355091,356401,356401,356401,358932,360147,361140,362275,363574,363574,363574,366584,367709,368625,369846,371126,371126,371126,373649,374651,376080,377493,378700,378700,378700,381766,382773,384135,385272,386559,386559,386559,389358,390600,392052,393188,394595,394595,394595,394595,397788,399234,400349,401901,401901,401901,404740,406212,407258,408733,410104,410104,410104,412317,413547,414371,415424,416496,416496,416496,418477,419379,420179,421319,422329,422329,422329,424200,424326,424995,424995,426407,426407,426407,428043,428934,429555,430170,430665,430665,430665,431999,432861,433510,434163,434898,434898,434898,436276,436900,437569,438216,438216,438216,438216,440251,441146,441916,442845,443641,443641,443641,445142,445879,446461,446461,447746,447746,447746,449331,450186,450846,451547,452173,452173,452173,453771,454351,454980,454980,454980,454980,454980,456803,457643,458369,459249,459957,459957,459957,461479,462159,462811,463803,464385,464385,464385,465906,466583,467205,468023,468953,468953,468953,470600,471739,472739,474023,474023,474023,474023,477677,479231,481714,484641,484641,484641,484641,497084,499613,502392,504729,509472,509472,509472,525511,530344,536257,543102,549198,549198,549198,572769,570616,601682,607857,614505,614505,614505,630343,633955,638931,643695,648088,648088,648088,656898,659036,661168,663107,665211,665211,665211,668042,669748,671322,672296,673322,673322,673322,675186,675640,676364,676687,677345,677345,677345,677345,678401,678684,679715,681387,681387,681387,683766,684031,684441,684821,685346,685346,685346,685865,686236,686806,687506,688054,688054,688054,688054,688054,704466,704466,704466,704466,704466,704466,704466,705614,705614,705614,705614,705614,705614,705614,706772,706772,706772,706772,706772,706772,706772,707980,707980,707980,707980,707980,707980,707980,709120,709120,709120,709120,709120,709120,709120,710350,710350,710350,710350,710350,710350,710350,712287,712287,712287,712287,712287,712287,712287,714715,714715,714715,714715,714715,714715,714715,717898,717898,717898,717898,717898,717898,717898,722262,722262,722262,722262,722262,722262,722262,728449,728449,728449,728449,728449,728449,728449,735631,735631,735631,735631,735631,735631,735631,742375,742375,742375,742375,742375,742375,742375,751504,751504,751504,751504,751504,751504,751504,758577,758577,758577,758577,758577,758577,758577,766702,766702,766702,766702,766702,766702,766702,774845,774845,774845,774845,774845,774845,774845,782548,782548
20,Tennessee,0,0,0,0,0,0,0,0,0,0,0,0,0,0,0,0,0,0,0,0,0,0,0,0,0,0,0,0,0,0,0,0,0,0,0,0,0,0,0,0,1,1,1,3,3,3,9,18,26,32,32,52,74,100,154,223,304,393,614,772,916,1097,1318,1511,1720,1917,2391,2625,2895,3147,3348,3660,3888,4194,4399,4678,4873,5165,5390,5606,5788,6051,6341,6661,6834,7111,7361,7649,8148,8600,9068,9369,9667,9964,10237,10805,11807,12576,12813,13183,13493,13682,13941,14333,14528,14772,15019,15571,16267,16587,16848,17041,17301,17772,18113,18447,18706,19089,19474,19892,20223,20817,21171,21385,21981,22211,22667,23274,23877,24521,24874,25101,25611,26079,26505,26992,27577,28004,28616,29160,29697,30300,31006,31617,32022,33116,33852,34256,34846,35471,36484,37323,38389,39362,39625,40279,42053,43696,45114,47028,48368,49821,51157,52039,54182,55821,57620,59584,60758,63073,64889,66992,68912,71858,73978,76088,77657,78849,81986,83965,86477,88317,91390,93690,95586,98073,99246,102797,104540,106690,107761,109549,111283,112622,115346,117121,119217,120784,121678,123475,124717,127218,128587,130507,131904,132743,134498,135832,138258,138783,141206,142016,142660,144357,145666,147991,149114,150639,152099,153336,155019,156200,157851,158961,161511,162333,163112,163927,165062,167056,168057,169378,170768,172364,174254,175308,177123,178624,180748,181770,182434,184069,184983,186377,187714,189828,191184,191854,193040,194464,195606,196802,198150,199952,202153,204146,205979,207970,209376,211247,214177,215400,216935,219232,220643,222349,225010,227628,229801,231744,233467,236633,239272,242849,245921,247411,249846,252508,254866,257249,257397,259867,261752,264751,267382,268784,272355,276511,281860,284233,287238,291144,294283,298619,303470,309893,314523,318025,322040,325025,329039,332451,337959,340166,342215,344413,349650,355033,359670,365136,371073,377706,380198,384985,390343,393404,397431,404541,412603,418381,427234,433256,442141,453327,461230,473017,482312,492449,500704,507765,517734,523547,530445,536525,543163,549780,554663,558040,561580,569648,576336,585505,592174,599367,602872,606913,615309,622658,629987,636038,643238,648606,652379,657113,661222,667377,670128,677038,679612,681227,686010,689108,693793,696422,700893,702487,704300,707429,710149,714097,715858,719371,721539,723227,724539,727882,730776,732966,736621,737971,739208,741894,744030,746445,748366,750036,751289,752066,753290,754219,755699,756693,758058,758929,759985,761827,763739,765417,766540,767981,768818,769384,770928,772226,773823,775046,776281,777032,778114,779458,781055,782411,783517,784999,785660,786561,788491,789560,790974,792916,793666,794423,795690,796861,798469,799611,800606,801421,802235,803426,804617,806482,807732,808793,809686,810239,811129,812465,814042,815186,816525,817398,818050,819284,820412,822207,823585,827785,828489,829049,829887,830980,832359,834202,835149,835899,836452,837545,838699,839890,840915,841985,842593,843092,843749,844600,845805,846591,847620,848179,848555,849180,850024,850921,851629,852432,852834,853108,853760,854329,854959,855504,856020,856329,856580,857030,857450,857947,858339,858656,858844,859024,859211,859631,859993,860310,860604,860768,860869,861129,861400,861615,861851,862140,862288,862373,862587,862894,863161,863330,863512,863639,863723,863878,864113,864343,864564,864780,864909,865005,865115,865527,865828,866131,866449,866716,866894,867085,867513,868014,868572,869136,869544,869774,870357,871163,871873,872664,873448,874071,874548,875521,876801,878247,879788,881344,882611,883475,885613,887880,890544,892851,895943,897974,899663,902356,906102,909343,913255,917783,920373,922532,926171,930259,935859,940452,945989,950847,953623,957323,962722,969228,976353,982730,992527,996577,1001720,1006294,1012862,1020324,1028162,1034338,1040745,1050598,1060010,1063287,1069837,1074628,1083684,1095060,1108096,1113435,1117906,1123070,1138138,1149426,1152868,1158469,1165831,1170355,1176674,1183429,1187405,1189070,1193682,1198385,1202462,1208021,1211899,1213768,1215892,1219226,1222807,1226932,1230233,1233681,1235320,1236487,1239598,1242684,1245133,1247649,1250016,1251407,1252203,1254809,1257057,1259140,1261195,1262971,1263813,1264391,1265991,1267884,1269520,1271215,1272551,1273343,1273931,1274958,1276199,1277620,1278705,1279826,1280460,1280898,1282165,1283281,1284549,1285501,1286609,1287267,1287815,1288962,1290898,1292372,1293566,1294753,1295492,1296204,1297520,1299157,1300961,1302567,1304124,1304965,1305546,1307040,1308686,1310239,1311038,1311558,1312257,1312961,1315123,1317254,1319681,1321834,1324091,1325136,1326081,1328092,1330247,1332772,1334873,1336714,1337691,1338699,1340497,1342639,1344892,1347317,1349660,1351582,1353007,1355873,1359476,1365352,1370528,1375182,1379076,1380495,1386824,1398256,1410932,1425553,1436830,1444524,1452061,1461252,1476365,1493813,1513245,1526500,1538070,1547226,1561043,1577954,1594933,1616007,1636136,1651010,1662544,1673546,1689763,1711838,1733389,1751442,1768538,1777492,1793769,1809694,1824132,1841945,1854773,1864558,1869848,1879501,1891769,1902999,1924708,1932303,1936138,1939097,1945570,1951761,1957921,1963587,1968579,1970900,1972224,1977427,1981369,1985226,1988793,1991567,1992872,1993717,1995202,1997862,2000103,2002077,2003741,2004404,2004482,2006363,2008039,2009256,2010040,2010789,2011126,2011404,2012003,2012704,2013335,2013769,2014239,2014378,2014551,2014917,2015309,2015671,2015979,2016311,2016475,2016631,2016926,2017264,2017582,2017831,2018045,2018184,2018262,2018575,2018835,2019147,2019427,2019691,2019870,2019960,2020203,2020523,2020905,2021379,2021668,2021837,2021966,2022266,2022579,2023052,2023478,2023800,2024009,2024181,2024596,2025088,2025583,2026039,2026528,2026809,2027059,2027555,2028159,2028848,2029486,2030070,2030399,2030604,2031237,2031994,2032912,2033741,2034671,2035229,2035634,2036530,2037711,2038819,2039976,2041207,2041751,2042484,2043584,2045270,2046468,2048130,2049742,2050743,2051466,2052651,2054788,2056516,2058328,2060106,2061216,2062204,2062985,2064643,2066985,2068999,2071243,2072478,2073565,2075357,2077789,2079884,2082137,2084259,2085439,2086490,2088225,2090968,2093196,2095360,2097489,2098788,2099981,2102116,2104850,2107494,2110191,2112834,2114383,2115769,2117949,2121013,2124159,2127007,2129518,2131098,2132714,2133933,2136311,2139755,2143171,2146293,2148220,2139625,2143052,2149540,2152858,2156443
21,Hawaii,0,0,0,0,0,0,0,0,0,0,0,0,0,0,0,0,0,0,0,0,0,0,0,0,0,0,0,0,0,0,0,0,0,0,0,0,0,0,0,0,0,0,1,1,1,3,2,2,2,4,6,8,10,15,25,36,36,53,56,90,91,95,106,149,149,175,204,224,256,319,351,371,387,410,410,442,442,465,499,504,511,524,530,541,574,580,584,586,592,596,601,605,606,607,609,613,618,619,620,620,621,625,626,629,629,631,632,634,635,638,637,638,639,640,640,641,643,647,642,643,643,643,643,644,647,649,651,652,652,653,653,655,664,673,675,676,682,685,692,706,723,728,736,736,744,762,789,789,814,816,819,835,851,866,872,899,900,917,926,946,975,999,1023,1030,1071,1094,1130,1158,1200,1220,1243,1264,1292,1311,1334,1354,1381,1393,1418,1435,1490,1549,1620,1683,1711,1757,1865,1989,2111,2197,2242,2448,2591,2763,2914,3115,3346,3498,3638,3756,3958,4312,4543,4825,5042,5215,5349,5609,5844,6072,6356,6600,6769,6984,7260,7566,7830,8139,8339,8472,8653,8991,9202,9473,9693,9855,9959,10025,10123,10292,10593,10722,10834,10913,10978,11080,11239,11376,11485,11562,11618,11681,11848,11938,12078,12205,12303,12390,12477,12597,12702,12788,12921,12991,13041,13124,13232,13333,13494,13565,13666,13708,13769,13868,13958,14047,14143,14225,14262,14350,14427,14529,14669,14758,14877,14914,14978,15039,15116,15216,15284,15367,15444,15531,15686,15785,15923,16051,16179,16242,16320,16437,16534,16652,16759,16759,16853,16905,16974,17081,17199,17361,17483,17596,17656,17764,17881,18006,18082,18138,18223,18266,18342,18484,18605,18738,18842,18923,18976,19056,19179,19315,19708,19676,19975,19896,20058,20231,20413,20565,20817,20881,20879,21015,21173,21358,21432,21512,21508,21609,21748,22007,22397,22448,22560,22602,22757,22917,23400,23704,23897,24045,24201,24261,24352,24598,24789,24969,25064,25187,25195,25278,25441,25658,25758,25925,26019,26030,26164,26263,26460,26545,26596,26692,26734,26814,26953,27101,27192,27236,27225,27254,27330,27454,27541,27584,27616,27637,27639,27679,27777,27834,27886,27968,28002,28044,28093,28124,28239,28369,28380,28381,28423,28424,28521,28650,28727,28746,28784,28827,28831,28943,29213,29180,29219,29259,29307,29397,29505,29763,29765,29830,29915,29916,29974,30095,30265,30377,30479,30579,30654,30754,30867,31129,31241,31337,31430,31489,31565,31687,31862,31975,32067,32137,32200,32271,32366,32548,32647,32758,32823,32867,32938,33035,33178,33229,33351,33418,33468,33537,33659,33851,33970,34082,34156,34234,34296,34424,34469,34667,34748,34808,34870,34917,34991,35131,35235,35359,35432,35487,35585,35665,35726,35819,35867,35901,35924,35974,36032,36076,36124,36246,36276,36332,36357,36402,36471,36535,36616,36649,36685,36731,36793,36871,36975,37011,37067,37104,37134,37170,37214,37284,37353,37367,37387,37429,37484,37532,37596,37647,37669,37702,37758,37807,37886,37933,37995,38043,38082,38121,38196,38265,38379,38481,38544,38605,38653,38819,38966,39090,39254,39386,39486,39649,39892,40125,40383,40659,40822,40984,41069,41303,41925,42410,42862,43227,43616,43962,44617,45245,45860,46503,46940,47376,47848,48397,49564,50355,51200,51739,52199,52846,53598,54443,55206,56099,56670,57235,57747,58578,59613,60551,62229,62949,63502,63957,65025,65890,66778,67509,68265,68764,69144,69573,70320,71156,71891,72352,72775,73268,73856,74437,75006,75480,75911,76191,76521,76966,77369,77777,78149,78404,78644,78874,79206,79572,79851,80128,80323,80414,80582,80886,81087,81283,81501,81614,81663,81790,81954,82110,82250,82394,82511,82591,82730,82886,83020,83188,83351,83448,83522,83706,83832,83987,84143,84295,84364,84402,84578,84690,84814,84911,85045,85139,85218,85360,85490,85628,85709,85790,85885,85948,86090,86316,86522,86740,86847,86939,86991,87106,87183,87210,87345,87514,87585,87664,87772,87898,88023,88147,88295,88385,88440,88512,88655,88825,89014,89229,89379,89593,89875,90270,91067,91774,92746,93586,94293,95254,96765,98593,100184,100184,102389,104597,106158,109642,112932,115642,118820,121864,123456,126067,130856,134442,138646,143224,147099,150028,153540,156932,160031,166008,169886,174586,180838,184767,190678,195151,199106,202273,204933,206837,208887,211267,213174,215034,217775,219288,220356,221533,223065,224257,225535,226451,227284,227817,228336,229531,230238,230978,231510,232008,232302,232505,233155,233640,234015,234345,234551,234701,234835,235124,235435,235780,235789,236151,236269,236435,236749,236983,237167,237363,237455,237518,237672,237672,237672,237672,237672,237672,237672,238764,238764,238764,238764,238764,238764,238764,239591,239591,239591,239591,239591,239591,239591,240778,240778,240778,240778,240778,240778,240778,241972,241972,241972,241972,241972,241972,241972,243299,243299,243299,243299,243299,243299,243299,245035,245035,245035,245035,245035,245035,245035,248405,248405,248405,248405,248405,248405,248405,252654,252654,252654,252654,252654,252654,252654,258422,258422,258422,258422,258422,258422,258422,265571,265571,265571,265571,265571,265571,265571,274495,274495,274495,274495,274495,274495,274495,282619,282619,282619,282619,282619,282619,282619,290652,290652,290652,290652,290652,290652,290652,297851,297851,297851,297851,297851,297851,297851,303333,303333,303333,303333,303333,303333,303333,308695,308695,308695,308695,308695,308695,308695,313076,313076,313076,313076,313076,313076,313076,317540,317540
22,Indiana,0,0,0,0,0,0,0,0,0,0,0,0,0,0,0,0,0,0,0,0,0,0,0,0,0,0,0,0,0,0,0,0,0,0,0,0,0,0,0,0,0,1,1,2,3,6,11,13,13,16,20,25,30,38,60,86,128,204,270,368,477,645,979,1233,1513,1786,2158,2564,3038,3437,3953,4411,4956,5510,5943,6351,6907,7435,7928,8359,8527,8960,9542,10154,10641,11211,11688,12097,12438,13039,13681,14399,15012,15961,16588,17182,17835,18630,19295,19933,20507,21033,21870,22503,23146,23732,24126,24627,25127,25473,26053,26656,27280,27778,28255,28705,29274,29936,30409,30901,31376,31715,32078,32437,33068,33558,34211,34574,34830,35237,35712,36096,36578,36997,37397,37623,38033,38337,38748,39146,39543,39909,40430,40786,41013,41438,41746,42061,42423,42633,42871,43140,43655,44140,44575,44930,45228,45594,45952,46387,46915,47432,48201,48524,48626,49063,49575,50300,51079,51612,52037,52685,53370,54080,54813,55654,56571,57206,57916,58673,59602,60598,61520,62372,62907,63678,64299,65253,66154,67122,67857,68433,69255,69975,71015,72254,73287,74328,74992,75862,76522,77565,78632,79676,80415,81006,81847,82336,83277,84317,85317,85932,87592,88421,89359,90504,91313,92434,93313,94196,94891,95750,96854,97884,98961,99804,100394,100780,101485,102243,103505,104561,105804,106540,107229,107809,108646,109683,110759,111505,112027,112626,113337,114236,115407,116549,117450,118322,119066,120019,121176,122640,124059,125146,125976,126946,128227,129677,131493,133411,134981,136555,138104,139269,141212,143495,145977,147582,149166,150664,152396,155246,157713,160454,162607,164581,166564,169112,172730,175893,179358,182108,185185,188066,191764,196176,200823,205722,210374,214509,219338,224374,230965,236565,244887,251597,256744,262207,268222,275503,282311,289183,295357,300913,306538,312521,318894,324537,329008,333312,338977,344373,350970,359430,367329,375019,381617,387278,392663,398417,404935,412135,419536,425434,430401,434642,440850,447190,453139,457871,464354,468219,471876,476538,482734,488180,492021,493841,496306,500282,505017,511485,517773,523090,526071,529688,533083,539229,546499,552594,558560,563653,567338,570477,574119,578494,583160,587049,590211,592709,595436,598313,601937,605426,608519,611039,613228,614946,617176,619995,622625,624959,626682,628391,629903,631331,633667,635171,637987,639711,640744,641874,643305,645006,646425,647657,648875,649652,650530,651453,652210,653245,654660,655541,656358,657037,658043,659127,660071,660942,661673,662213,662750,663511,664446,665285,666516,667262,667736,668308,669164,670074,671023,671859,672554,672967,673528,674430,675388,676247,677135,677905,678416,679079,680046,680998,682099,683076,684020,684733,685453,686497,687713,688916,689965,690910,691625,692240,693452,694836,696175,697533,698692,699823,700775,701971,703345,704632,707111,708067,708779,709455,710607,711787,712858,713959,714786,715468,716306,717564,718948,720425,721577,722646,723443,724214,725353,726600,727764,728811,729716,730306,730969,731810,732692,733591,734736,735462,735999,736480,737282,738173,738961,739626,740189,740564,741053,741697,742353,742910,743338,743696,743696,744213,744474,745690,746135,746554,746554,747083,747447,747799,748259,748654,749097,749097,749532,749835,750170,750432,750702,751242,751242,751526,751826,752108,752395,752699,752699,752699,753260,753528,753927,754317,754724,754724,754724,754724,755700,756070,756625,757062,757062,757062,757904,758479,759062,759618,760163,760163,760163,761472,762127,762837,763688,764448,764448,764448,766351,767409,768624,769875,771299,771299,771299,774097,775686,777417,779317,781326,781326,781326,786272,788468,790926,794077,796733,796733,796733,803403,806094,809545,813046,817149,817149,817149,825549,829010,833968,838869,843700,843700,843700,855031,858566,862935,868129,873219,877475,880856,883443,886255,889249,894520,900020,904160,907951,910275,913930,918690,922853,927327,930861,933513,935419,938169,942129,945832,949172,952188,953877,955576,958066,961004,964447,967682,970111,972098,973906,976083,978751,981075,984701,987091,988425,989521,991150,993998,996671,999007,1000951,1002159,1002850,1004453,1006504,1008708,1010589,1012193,1013295,1014206,1015688,1017792,1019847,1021817,1023571,1024782,1025834,1027298,1029339,1031416,1033803,1036059,1037589,1038745,1040761,1043598,1046499,1049307,1052287,1054180,1055549,1058379,1061791,1065717,1069450,1069450,1069450,1077372,1080505,1084488,1084488,1084488,1084488,1084488,1097128,1101185,1107189,1112735,1118335,1118335,1118335,1130719,1134898,1140151,1145633,1150899,1150899,1150899,1162284,1166283,1170950,1176411,1181554,1181554,1181554,1192448,1196148,1200926,1200926,1200926,1200926,1200926,1221297,1227005,1234919,1246854,1246854,1246854,1246854,1278285,1286590,1299480,1314688,1329423,1329423,1329423,1366754,1378562,1393574,1410021,1425877,1425877,1425877,1462456,1474289,1490496,1506866,1524527,1524527,1524527,1560117,1569850,1574807,1587005,1604072,1604072,1604072,1623439,1629098,1636011,1642625,1646937,1646937,1646937,1651981,1655125,1655125,1661563,1664353,1664353,1664353,1668404,1669872,1671299,1672761,1674269,1674269,1674269,1676797,1677710,1678628,1679591,1680331,1680331,1680331,1681685,1682222,1682667,1683176,1683739,1683739,1683739,1685176,1685532,1685997,1686379,1686671,1686671,1686671,1687268,1687591,1687920,1688240,1688770,1688770,1688770,1689142,1689360,1689663,1689919,1690144,1690144,1690144,1690578,1690823,1690823,1690823,1691470,1691470,1691470,1691874,1691874,1692248,1692248,1692700,1692700,1692700,1693078,1693078,1693565,1693565,1693565,1693565,1693565,1694955,1694955,1695736,1695736,1696759,1696759,1696759,1699213,1699213,1700774,1700774,1702292,1702292,1702292,1703579,1703579,1705394,1705394,1707085,1707085,1707085,1709350,1709350,1711268,1711268,1713834,1713834,1713834,1716327,1716327,1718494,1718494,1721977,1721977,1721977,1724829,1724829,1727818,1727818,1730761,1730761,1730761,1730761,1730761,1735581,1735581,1738843,1738843,1738843,1742261,1742261,1745120,1745120,1747486,1747486,1747486,1750973,1750973,1753119,1753119,1755959,1755959,1755959,1758650,1758650,1762056,1762056,1764876,1764876,1764876,1769015,1769015,1772183,1772183,1775886,1775886,1775886,1775886,1775886,1782265,1782265,1787059,1787059,1787059,1790544,1790544,1794605,1794605
23,Kentucky,0,0,0,0,0,0,0,0,0,0,0,0,0,0,0,0,0,0,0,0,0,0,0,0,0,0,0,0,0,0,0,0,0,0,0,0,0,0,0,0,0,1,1,1,4,5,8,10,14,16,18,21,26,28,50,64,87,103,123,162,197,247,301,380,438,479,628,632,770,770,917,955,955,1149,1149,1341,1693,1693,1963,2018,2048,2210,2435,2522,2707,2960,3050,3204,3378,3479,3779,3915,4085,4156,4375,4537,4708,4882,4879,5130,5245,5822,5934,6129,6288,6440,6440,6677,6853,6853,7225,7444,7688,7688,7935,8069,8167,8286,8426,8571,8571,8571,8951,9077,9185,9464,9704,9704,10046,10185,10410,10705,10977,11287,11287,11476,11707,11883,11945,12166,12445,12445,12647,12647,12995,13197,13454,13630,13750,13839,14141,14363,14617,14859,15167,15232,15347,15624,15842,16079,16376,16376,16376,17152,17519,17919,18245,18672,19121,19389,19653,20223,20677,21083,21605,22184,23161,23414,24060,24540,25147,25932,26764,27082,27586,28111,28727,29386,30151,30723,31185,31508,32197,32741,33254,33796,34578,34982,35254,35793,36945,37686,38298,38930,38930,39691,40299,40926,41626,42265,43066,43066,43898,44568,45230,45978,46757,47577,48031,48396,49185,49991,50885,51677,52464,52774,53064,53319,53977,54772,55704,56415,56945,57282,58000,58764,59370,60128,61106,61542,61917,62731,63515,64158,65066,66036,66491,66939,67856,68840,69728,70727,72001,72617,73158,74194,76587,77455,78456,79445,80292,80930,81691,83013,84195,85506,86797,87607,88247,89544,90996,92299,93748,95480,96942,97866,99637,101494,103305,105242,107219,108642,109670,111379,113009,115277,117505,119661,120838,122567,124646,127344,129680,132844,136137,137586,139097,142008,144753,148390,152206,155908,158100,160232,162838,166139,166139,171755,174182,176925,179041,183164,186765,190600,194192,198064,200631,202591,205667,209135,213449,217119,220659,223103,224889,227817,230692,234020,237189,240563,242320,244296,247343,250279,250279,250279,255562,257062,258516,261491,265261,265261,265261,273970,276825,279142,280835,286540,291429,296166,300397,303624,305706,308728,313281,317344,321269,324324,326674,328667,330906,334320,338033,340778,344567,346138,347827,350519,352934,355868,358469,361115,362881,364498,366929,369510,372003,374259,376253,377790,378793,381121,383032,384903,386326,387090,388798,389521,390762,391772,392729,394687,396018,396997,397526,399013,400307,401750,402926,403947,404622,405126,406201,407373,408440,409345,410184,410709,411040,411917,412924,414131,415091,415770,416215,416610,417412,418372,419149,419872,420512,420828,421121,421999,422694,423414,424055,424666,425024,425333,426073,426876,427842,428527,429106,429401,429511,429841,430860,431487,432220,432720,433085,433352,434148,434922,435743,436445,437037,437312,437543,438147,438927,439551,440149,440631,440955,441166,441880,442618,443408,444127,444771,445139,445449,446221,446929,447582,448215,448757,448952,449107,449864,450541,451213,451766,452250,452537,452821,453460,454044,454609,455150,455575,455790,456053,456626,457062,457482,457892,458275,458479,458575,458712,459124,459540,460049,460412,460485,460520,461119,461446,461717,461947,462220,462303,462432,462700,462922,463154,463337,463510,463593,463692,463873,464033,464199,464388,464547,464617,464686,464893,465167,465330,465490,465676,465752,465826,465913,466244,466545,466884,467246,467448,467612,468044,468680,469214,469710,470220,470440,470680,471669,472605,473503,474444,475374,475878,476650,477882,479431,481001,482599,484160,485063,486115,487871,490399,492556,495132,497524,498966,500267,502712,505632,508310,512224,514621,516901,518987,522209,525746,530573,534430,537817,540447,543031,547657,552501,557835,562623,566667,569903,572517,577051,581982,587414,592489,597211,600583,603121,605468,609924,615168,620356,624777,627884,630299,634298,639687,644563,649691,653492,656173,658231,661586,665994,670084,674015,677174,678733,680454,684989,688861,691344,695474,697970,699170,700393,702951,705626,708236,710364,712757,714184,714904,717245,719611,721895,723889,725630,726449,727125,728860,730739,732518,734137,735402,736198,736724,738190,739863,741544,743156,744094,744801,745353,746588,748202,749596,750985,752141,752720,753338,755121,757016,758660,759935,761487,762226,762940,764686,766830,768656,769732,771772,772790,773602,775728,777858,779911,780681,781433,782476,783409,785926,789225,792015,794816,797157,798351,799695,802417,805426,808148,810910,813214,814203,815283,817818,820715,823213,825692,828260,829791,831003,833547,836441,836441,836441,836441,836441,846379,850632,856145,856145,856145,856145,856145,879057,885673,895370,904916,915881,915881,915881,932552,941986,952956,962007,975346,975346,975346,975346,1014703,1027069,1040420,1056284,1056284,1056284,1085051,1100097,1112651,1125181,1140887,1140887,1140887,1160558,1169097,1176470,1185431,1193783,1193783,1193783,1206071,1212686,1220703,1227638,1232297,1232297,1232297,1240115,1244139,1249266,1254101,1258447,1258447,1258447,1264329,1267592,1270258,1270258,1274681,1274681,1274681,1277352,1280109,1282416,1284658,1286697,1286697,1286697,1286697,1286697,1286697,1288706,1288706,1288706,1288706,1288706,1288706,1288706,1298238,1298238,1298238,1298238,1306877,1306877,1306877,1306877,1306877,1306877,1306877,1312407,1312407,1312407,1312407,1315185,1315673,1315673,1316355,1316355,1317215,1317886,1318465,1318950,1318950,1319472,1319708,1320483,1321054,1321574,1322124,1322124,1322729,1322983,1323526,1324103,1324542,1325064,1325064,1325805,1326030,1326646,1327173,1327173,1328111,1328111,1329120,1329439,1330084,1330946,1331403,1332165,1332165,1333077,1333476,1334370,1335247,1336858,1337573,1337573,1339520,1340122,1341465,1343042,1344366,1346098,1346098,1347647,1348277,1349478,1350891,1352114,1352114,1352114,1352114,1354787,1356443,1358173,1359979,1361744,1361744,1364548,1365683,1367834,1370550,1372985,1375419,1375419,1378045,1378730,1380447,1382483,1384338,1384338,1384338,1388211,1389271,1390467,1392468,1395370,1397276,1397276,1398705,1398705,1401664,1403534,1405062,1405062,1405062,1405062,1408913,1410616,1412623,1414766,1414766,1414766,1419862,1421037,1422927,1424714
24,Minnesota,0,0,0,0,0,0,0,0,0,0,0,0,0,0,0,0,0,0,0,0,0,0,0,0,0,0,0,0,0,0,0,0,0,0,0,0,0,0,0,0,0,1,1,1,2,2,5,9,14,21,21,53,59,77,89,113,134,167,234,261,286,344,396,441,503,576,629,689,742,788,865,935,986,1069,1154,1240,1336,1427,1621,1621,1695,1809,1809,2070,2209,2356,2470,2567,2722,2942,3185,3446,3602,3811,4181,4644,5136,5730,6232,6663,7234,7851,8579,9365,10088,10790,11271,11799,12494,12917,13435,14240,14969,15668,16372,17029,17670,18200,19005,19845,20573,21315,21960,22464,22947,23531,24190,24850,25208,25508,25870,26273,26980,27501,27886,28224,28523,28869,29316,29795,30172,30471,30693,30882,31296,31675,32031,32467,32920,33227,33469,33763,34123,34616,35033,35549,35861,36303,36716,37210,37624,37624,38136,38569,39133,39589,40163,40767,41571,42281,42772,43170,43742,44347,45013,45470,46204,47107,47457,47961,48721,49488,50291,51153,51803,52281,52947,53692,54463,55188,55947,56560,57162,57779,58640,59185,60101,60898,61516,61839,62303,62993,63723,64413,65152,65716,66092,66618,67308,68133,68867,69584,70298,70707,71236,72390,73240,74257,75189,75864,76355,77085,78123,78966,79880,80587,81225,81608,81868,82249,82716,83588,84311,84949,85351,85813,86722,87807,88721,90017,90942,91422,92100,93012,94189,95659,96734,97638,98447,99134,100200,101366,102787,103826,104799,105740,106651,107922,109312,110828,112268,113439,114574,115943,117106,119396,121090,122812,124439,125531,126591,128152,129863,132122,133802,135372,137536,139444,142311,145465,148472,150672,153620,157096,160923,164865,170307,174954,180862,184788,189681,194570,201795,207339,216028,223581,231018,236949,242043,249906,256700,262952,270157,276500,282916,289303,289303,295001,304023,312969,318763,322312,327477,333626,338973,345281,350862,356152,359203,363719,367218,370968,375398,378823,381841,384164,386412,389171,391889,394635,397319,399311,401011,402519,404403,404403,406545,409061,410138,411110,413107,415302,415302,417832,420544,423688,425261,427587,429570,431944,434413,436572,437552,438867,440354,441935,443562,445047,446380,447349,448268,449492,450762,452268,453808,454989,455783,456490,457317,458633,459747,460819,461807,462528,463132,463766,465176,466224,467217,468118,468682,469254,469905,470803,471851,472791,473567,474169,474621,475379,476292,477287,478157,479036,479591,480091,480845,481831,482978,483790,484594,485230,485655,486434,487374,488170,489116,490011,490483,492108,493013,494106,495208,496395,497392,498218,498926,499962,501458,502893,504273,505224,506376,507231,508541,510398,512097,513833,515058,516608,517881,519529,521667,524203,526267,526267,527650,530662,532658,535182,537828,540277,542053,544046,545404,547101,549830,552117,554536,556381,557665,558850,560450,562420,564584,566687,568243,569440,570518,572025,573938,575812,577524,579235,580340,581335,582576,584227,585677,586959,587762,588952,589527,590436,591445,592750,593622,594427,595016,595532,596186,597052,597731,598327,598766,599234,599477,599909,600408,600767,601105,601384,601384,601517,601645,601881,602134,602428,602686,602880,603005,603144,603305,603466,603614,603760,603876,603966,604052,604184,604291,604406,604509,604608,604687,604758,604879,604971,605040,605137,605218,605297,605365,605448,605549,605660,605660,605660,605803,606034,606158,606297,606297,606297,606484,606870,607069,607278,607524,607524,607524,607784,608405,608678,609016,609387,609387,609387,609810,610839,611458,612001,612701,612701,612701,613325,614990,615923,616784,617788,617788,617788,618906,620591,622216,623527,624851,624851,624851,626310,629354,630512,631858,633556,633556,633556,635222,639059,640459,642288,644190,644190,644190,646094,649964,651388,653288,655418,655418,655418,655418,657492,663248,664459,666496,666496,666496,669176,673774,676505,678978,681613,681613,681613,684070,690391,692029,694320,697182,697182,697182,699966,706158,708220,711094,714790,714790,714790,718327,725451,729334,732001,735646,735646,735646,738843,746768,749144,752060,755401,755401,755401,758252,763915,765761,768112,770246,770246,770246,773227,779749,781548,784233,787550,787550,787550,797984,805015,807956,811654,815008,815008,815008,819239,826404,831669,836787,841625,841625,841625,846887,857791,861235,866055,871203,871203,871203,875917,887368,891099,891099,895229,895229,895229,899739,912370,915942,921249,926931,926931,926931,933025,945445,948490,952232,956779,956779,956779,960425,969450,971667,975447,979283,979283,979283,982664,990047,992851,996224,996224,996224,996224,1000361,1010225,1015435,1022212,1022212,1022212,1022212,1028986,1045170,1049310,1056236,1064065,1064065,1064065,1075028,1104494,1115198,1126697,1138246,1138246,1138246,1138246,1148888,1193504,1204929,1216734,1216734,1216734,1229444,1264935,1280500,1295117,1309665,1309665,1309665,1321753,1343090,1347000,1352448,1359058,1359058,1359058,1364884,1375279,1379102,1383555,1388401,1388401,1388401,1392731,1399164,1400624,1402439,1404662,1404662,1404662,1404662,1406654,1410583,1411593,1412497,1412497,1412497,1413576,1415652,1416191,1417015,1417811,1417811,1417811,1418694,1420149,1420720,1421312,1421869,1421869,1421869,1422344,1422815,1423683,1424107,1424613,1424613,1424613,1425032,1426056,1426326,1426787,1427270,1427270,1427270,1427734,1428704,1429051,1429550,1430089,1430089,1430089,1430556,1431643,1432002,1432617,1433225,1433225,1433225,1433898,1435232,1435914,1436766,1437638,1437638,1437638,1438566,1440303,1441279,1442396,1443859,1443859,1443859,1445017,1447575,1448939,1450575,1452547,1452547,1452547,1454278,1456778,1459345,1461622,1463955,1463955,1463955,1466615,1471731,1473521,1476133,1479047,1479047,1479047,1481627,1486208,1488325,1490445,1492863,1492863,1492863,1495009,1499038,1500556,1502718,1504982,1504982,1504982,1504982,1507168,1508948,1513760,1515724,1515724,1515724,1517876,1521933,1523307,1525118,1527145,1527145,1527145,1528694,1532528,1533884,1535427,1537314,1537314,1537314,1537314,1538845,1540417,1545001,1546698,1546698,1546698,1548208,1551559,1552840,1552840,1552840,1552840,1552840,1552840,1552840,1552840,1561487,1561487,1561487,1561487,1561487,1561487,1561487,1571008
25,Oklahoma,0,0,0,0,0,0,0,0,0,0,0,0,0,0,0,0,0,0,0,0,0,0,0,0,0,0,0,0,0,0,0,0,0,0,0,0,0,0,0,0,0,0,1,1,1,2,2,3,3,4,4,10,17,17,44,49,53,67,81,106,164,248,322,377,429,481,568,721,881,990,1161,1254,1329,1474,1526,1686,1794,1868,1970,2069,2184,2263,2357,2465,2465,2567,2680,2807,2894,3017,3121,3194,3254,3281,3410,3473,3618,3748,3851,3972,4044,4127,4202,4330,4424,4490,4589,4613,4732,4858,4963,5087,5237,5310,5398,5489,5532,5680,5849,5960,6037,6090,6138,6229,6273,6338,6418,6418,6573,6692,6805,6907,7007,7059,7150,7205,7363,7483,7626,7849,8073,8231,8417,8645,8904,9355,9707,10038,10516,10734,11031,11510,11948,12347,12646,12947,13175,13757,14119,14531,15069,15648,15931,16362,17220,17894,18497,19092,19779,20235,20746,21740,22814,23440,24140,25057,25266,25436,26326,27298,27969,29116,30081,31285,32685,33775,34623,35740,36487,37731,38225,38602,39463,40564,41401,42255,43080,43566,43963,44728,45398,46103,46897,47798,48342,48711,49312,49923,50669,51746,52599,53165,53522,54172,54838,55550,56260,57353,58119,58733,59398,60118,61027,62040,63187,63607,64220,65053,65929,66700,67642,68659,69354,70223,71314,72284,73318,74567,75804,76807,77908,79072,80161,81244,82520,83510,84333,85194,86219,87199,88369,89559,90748,90748,91982,93346,94352,95564,97088,98621,99387,100184,101493,102615,103836,105308,106468,107299,108073,109548,110855,112483,113856,115685,116736,117399,118409,119152,120193,121495,122762,124111,125195,126526,127772,129873,131751,131751,136258,138455,140157,142334,144691,147358,150205,154128,156857,158408,161425,164340,167261,170924,174330,177874,180610,184342,184342,187567,193824,195545,197745,199482,202341,204048,208875,213245,216486,218389,220686,222993,225453,229357,233343,237682,239790,242028,245272,248255,251821,255941,260934,263546,265747,269417,272705,272705,276680,279325,282803,284018,287292,291209,291209,296343,304375,307091,308600,311924,315730,320974,325277,331775,335679,337900,341820,344969,348513,352145,355478,357333,358909,360913,363614,366576,370751,373703,375487,377079,379789,382120,384921,387307,390197,391611,392923,395062,397858,400527,402590,404782,405839,406920,408592,410288,411727,413201,414478,415210,415726,416805,417442,418319,419298,420345,420856,421223,422038,423191,424062,424843,425557,425946,426065,426821,427722,428645,429635,430103,430286,430565,431397,432103,432532,433168,433669,433996,434239,434745,435317,435742,435747,435755,436730,436929,437439,437821,438295,438306,438319,439210,439340,439740,440164,440545,440547,440547,441436,440142,441906,442389,442805,442805,442805,443773,443882,444228,444590,444863,444863,444863,445650,445725,445963,446246,446550,446550,446550,447278,447393,447642,447931,448305,448305,448305,448872,449041,449266,449414,449648,449648,449648,450315,450400,450543,450696,450847,450847,450847,451278,451349,451473,451645,451830,451830,451830,452288,452377,452496,452633,452777,452777,452777,452777,453243,453285,453400,453552,453552,453552,453890,453970,454094,454216,454394,454394,454394,454884,454929,455145,455354,455535,455535,455535,455986,456148,456413,456686,456910,456910,456910,457490,457575,457851,458180,458483,458483,458483,458483,459524,459675,460131,460682,460682,460682,461893,461893,463152,463857,464607,464607,464607,466733,467198,468401,469982,471176,471176,471176,474845,475578,477052,478858,480635,480635,480635,486232,487178,489338,491680,493983,493983,493983,500311,501353,503552,506020,508834,508834,508834,515801,516663,519023,521525,524376,524376,524376,530594,532388,534922,539074,542412,542412,542412,550239,551958,554496,557770,560850,560850,560850,560850,570923,572223,574685,577312,577312,577312,584962,585721,587687,589950,592074,592074,592074,598072,598556,600800,603161,604391,604391,604391,609737,610385,611885,613765,615217,615217,615217,619056,619738,620834,622335,622780,622780,622780,627699,628294,629512,630693,631872,631872,631872,635443,635865,636760,637908,638957,638957,638957,641051,641497,642362,643058,643978,643978,643978,645352,646132,646763,647633,648209,648209,648209,650004,650269,650689,650689,652731,652731,652731,655512,655857,656574,657630,658600,658600,658600,661289,661675,662220,662220,662220,662220,662220,666040,666927,667512,669132,670420,670420,670420,674758,675733,676890,678343,680054,680054,680054,683719,684340,684579,684579,685906,685906,685906,689236,689800,691282,693199,694210,694210,694210,697590,700033,700798,704964,708938,708938,708938,716851,720961,724875,731155,737593,737593,737593,764651,769662,775169,785671,796986,811389,811389,839143,842996,852997,866403,880342,893913,893913,914063,922873,931033,944461,953116,963655,963655,976914,979349,983937,988190,992932,995546,995546,997783,998769,1000480,1003158,1005388,1006846,1006846,1009129,1009507,1010554,1012168,1013287,1013287,1013287,1013287,1015935,1016945,1018328,1019489,1019489,1019489,1021595,1021849,1022769,1023358,1024471,1024471,1024471,1024471,1024471,1024471,1026650,1026650,1026650,1026650,1026650,1026650,1026650,1029634,1029634,1029634,1029634,1029634,1029634,1029634,1031448,1031448,1031448,1031448,1031448,1031448,1031448,1033258,1033258,1033258,1033258,1033258,1035301,1035301,1035301,1035301,1036133,1036133,1036133,1036495,1036495,1036495,1036495,1037729,1037729,1037729,1038301,1038301,1038801,1038801,1039415,1039415,1039415,1039952,1039952,1040416,1040416,1040982,1040982,1040982,1041397,1041397,1042136,1042136,1042637,1042637,1042637,1043539,1043539,1044179,1044179,1044868,1044868,1044868,1044868,1044868,1046359,1046359,1047216,1047216,1047216,1048033,1048033,1048988,1048988,1048988,1048988,1048988,1049849,1049849,1052091,1052091,1053558,1053558,1053558,1054966,1054966,1056778,1056778,1058297,1058297,1058297,1059877,1059877,1061792,1061792,1061792,1061792,1061792,1063786,1063786,1068168,1068168,1070735,1070735,1070735,1070735,1070735,1076350,1076350,1076350,1076350,1076350,1079454,1082449,1084914,1084914,1084914,1084914,1084914,1092763,1092763,1096910
26,Pennsylvania,0,0,0,0,0,0,0,0,0,0,0,0,0,0,0,0,0,0,0,0,0,0,0,0,0,0,0,0,0,0,0,0,0,0,0,0,0,0,0,0,0,2,2,6,7,12,16,22,41,47,47,79,112,155,206,311,399,509,698,946,1260,1795,2345,2845,3432,4155,4963,5950,7083,8483,10192,11605,13104,14635,16436,18460,20303,22038,23219,24505,25612,26841,28033,29855,31671,32938,33833,35077,36420,38274,39915,41460,42784,43695,45199,46372,47953,49646,50995,52044,52999,53878,54846,55948,57369,58462,59877,60469,61257,62018,62934,63943,65044,65743,66521,67086,67855,68828,69795,70559,71266,71827,72295,72992,73677,74392,75115,75663,76045,76590,77133,77677,78149,78885,79314,79661,80165,80594,81139,81777,82222,82563,82896,83220,83588,84030,84540,85020,85489,85939,86524,87022,87595,88211,88822,89309,89867,90473,91110,91928,92700,93365,93924,94439,95242,96143,96891,97807,98634,99294,99697,100611,101599,102429,103466,104257,105029,105769,106798,107576,108477,109668,110771,111589,112357,113447,114232,115145,116152,117045,117705,118282,119119,119842,120652,121418,122238,123016,123636,124454,125342,126372,127215,128062,128746,129187,129839,130449,131225,131963,132763,133363,133787,134381,134889,135528,136379,137211,137900,138426,139258,140160,141242,142157,143124,143778,144376,144865,145863,146459,147483,148442,149094,149786,150877,151642,152587,153400,154310,154989,155563,156419,157209,158133,159144,160067,160976,161650,163055,163938,164974,166119,167322,168302,169091,170060,171428,172720,174145,175886,177057,178156,179469,180756,182330,183981,185878,187159,188391,189930,191446,193517,195686,197848,199598,201265,203632,205907,208311,210823,213451,215533,217498,220452,223213,226145,229728,233722,236897,240173,244677,249470,254930,260792,266381,271860,276413,282483,288859,295807,302998,309932,316843,321977,328181,335427,343889,351266,359148,364596,369016,374901,383904,394736,407172,419661,427915,435025,445332,453497,465723,478516,489851,499621,507705,517682,527913,537643,546998,557260,563725,571497,579865,589755,598535,605569,612851,617935,621620,630681,640180,648574,657071,664966,669818,673448,682182,692111,701578,712142,721820,729133,734369,741976,750160,756691,763448,770347,776132,780111,785743,791405,797222,802601,808464,812285,816073,821184,826760,833757,842180,847677,851634,854991,858744,861886,865248,870306,874445,878823,881186,885656,888742,892813,896305,900165,902636,904523,906935,910439,913732,916529,919364,921285,922788,925690,928456,930910,934328,937812,939627,941357,943933,946543,949808,952483,955354,956906,958348,961422,964055,966889,970020,972895,974818,976234,979407,982700,985886,989452,993559,995938,997558,1001113,1006040,1009812,1014897,1019010,1022078,1025019,1030504,1035020,1038949,1043932,1049425,1052683,1055369,1060445,1065047,1069605,1074874,1079663,1083337,1085872,1093029,1099004,1104023,1109707,1114883,1117868,1120049,1125221,1129759,1134321,1138446,1142516,1145419,1147310,1151189,1154559,1158361,1162826,1165926,1168402,1170072,1173383,1176190,1178659,1181736,1184331,1185639,1186648,1189316,1191476,1193603,1195471,1197458,1198528,1199342,1201307,1202582,1204008,1206055,1207439,1208399,1209033,1210274,1211394,1212412,1213478,1214320,1214836,1215257,1215767,1216545,1217181,1218006,1218672,1219067,1219310,1219970,1220418,1221014,1221476,1221847,1222049,1222229,1222699,1222981,1223314,1223619,1223873,1224005,1224122,1224387,1224635,1224861,1225073,1225277,1225415,1225507,1225708,1225900,1226091,1226270,1226504,1226653,1226776,1226882,1227087,1227346,1227591,1227864,1228067,1228204,1228558,1228878,1229309,1229749,1230193,1230534,1230781,1231385,1231954,1232541,1233193,1233860,1234457,1234892,1235964,1236785,1237865,1238917,1240105,1241100,1241990,1243563,1245004,1246853,1248599,1250303,1251575,1252686,1254821,1256704,1259058,1261118,1263392,1265521,1266805,1269402,1271626,1275585,1278084,1280883,1283065,1284887,1287967,1291656,1294898,1298860,1302714,1305298,1307841,1311415,1315343,1319065,1323129,1327787,1330894,1333383,1335702,1340733,1345065,1350252,1355650,1359424,1362552,1367276,1371297,1377558,1383281,1388586,1393105,1395652,1400522,1405113,1410714,1415812,1421181,1425380,1428446,1433780,1438640,1443637,1449092,1453125,1458923,1462892,1467705,1472633,1478911,1484441,1489819,1493884,1496639,1501287,1506062,1511755,1516981,1521747,1525442,1528374,1532237,1536675,1541023,1545668,1550593,1553561,1556060,1559811,1564335,1568749,1573446,1577903,1580934,1583459,1587165,1591266,1596338,1601673,1606553,1610465,1613519,1617553,1622844,1628480,1634953,1640594,1645244,1648285,1654063,1660087,1666724,1674328,1680752,1686169,1691773,1696959,1704528,1710478,1716600,1721743,1725902,1731154,1736920,1744526,1753669,1763796,1773060,1779151,1783118,1791030,1799753,1806671,1818299,1829351,1837742,1843137,1850578,1857879,1865568,1874197,1883028,1890259,1894514,1904121,1913959,1924507,1937793,1947649,1954488,1965567,1979510,1996240,2015367,2036424,2059613,2077224,2101019,2122986,2150286,2179312,2206899,2240549,2265232,2295089,2321087,2351028,2377252,2403053,2425456,2458722,2474466,2490929,2506602,2523956,2542816,2560167,2572500,2581831,2593360,2605439,2622134,2637080,2649247,2656587,2661481,2667166,2674471,2681717,2688808,2697242,2700036,2707891,2703775,2708830,2713459,2717577,2722395,2724802,2726796,2729277,2731855,2735573,2738475,2742752,2744145,2744145,2746745,2749767,2751629,2753361,2755730,2756546,2757425,2758482,2759653,2760952,2762093,2763033,2763589,2764367,2765682,2766523,2767631,2768513,2769336,2769702,2770077,2771090,2772116,2772886,2773762,2774453,2774815,2775183,2775728,2776302,2777260,2777986,2778646,2779049,2779328,2779921,2780481,2781353,2782174,2782827,2782827,2783690,2784487,2785346,2786509,2787687,2788744,2789262,2789749,2791018,2792250,2793978,2795539,2796875,2797607,2798707,2800317,2801534,2803378,2804987,2806984,2808171,2809243,2810781,2812954,2815518,2817766,2820219,2821667,2823133,2825267,2827882,2828639,2829027,2829027,2829027,2829776,2829776,2849865,2850343,2850343,2850343,2850343,2852056,2852056,2877660,2877660,2877660,2877660,2877660,2880025,2880025,2907324,2907324,2907324,2907324,2907324,2907324,2907324,2932186,2932186,2932186,2932186,2932186,2934508,2934508,2954750,2954750,2954750,2954750,2954750,2956361,2956361,2956361,2975031,2975031,2975031,2975031,2975031,2975031,2987357,2987357,2987357,2987357,2987357,2988758,2988758,2988758,3006257,3006257,3006257,3006257,3006257,3007516,3018129,3018129,3018129,3018129,3018129,3018129,3020356,3038076,3038076
27,South Carolina,0,0,0,0,0,0,0,0,0,0,0,0,0,0,0,0,0,0,0,0,0,0,0,0,0,0,0,0,0,0,0,0,0,0,0,0,0,0,0,0,0,0,2,2,3,7,10,7,8,19,19,30,47,60,80,126,174,196,298,342,424,424,542,660,774,925,1083,1293,1554,1700,1917,2049,2232,2417,2417,2793,3067,3211,3320,3391,3553,3656,3931,4099,4248,4377,4446,4439,4761,4917,5070,5253,5498,5613,5735,5882,6095,6258,6489,6626,6757,6841,6936,7142,7367,7531,7653,7792,7927,8030,8189,8407,8661,8816,8942,9056,9175,9381,9638,9895,10096,10178,10416,10623,10788,11131,11394,11861,12148,12419,12470,12526,13458,13538,14302,14800,15228,15759,16441,17170,17955,18795,19378,19990,20556,21533,22608,23756,24661,25666,26572,27897,29022,30335,31939,33320,34644,36399,37919,39701,41532,43386,44847,46380,47352,48909,50691,52419,54699,56648,58168,60389,62245,64083,66060,67612,69986,71445,73337,75042,76606,78607,80008,81199,82417,84109,85846,87572,89016,90599,91788,92951,94190,95472,96797,98219,99460,100435,101159,102130,102974,103909,104841,105882,106497,106953,107672,108411,109320,110378,111295,111988,112551,113488,114093,114598,115951,117249,118324,118992,119846,120503,121696,123325,124289,124952,125607,125908,126213,126592,129046,129978,131864,132680,133470,134122,135446,136318,137240,137708,138124,140789,141686,142707,143902,145273,145887,146455,147634,147942,148323,149185,150891,151582,152159,152970,153705,154755,155676,156621,157406,158055,158883,159809,161106,162253,163214,163990,164609,165493,166357,167485,168549,169341,170678,171501,172579,173491,174591,175594,176612,178023,178917,179952,180870,181639,182872,184742,185688,186391,187738,188995,190490,192101,194014,195507,196617,197900,199447,201160,203161,205018,206295,207552,209230,210905,210905,213120,214911,216129,217487,218912,220835,223063,226013,229235,232099,234652,236954,239444,241686,245226,248798,252206,254776,257320,260119,262774,267076,270537,273406,275733,278055,282230,285028,285028,288892,296179,298050,300602,303475,307507,307507,312718,321669,325472,328073,333235,338112,344176,350084,354525,357654,359357,365378,371180,375967,382422,388184,391464,394318,399843,404492,409188,413789,418325,421417,423667,427231,431169,435633,439785,443386,445916,447904,450794,453878,459974,462981,466373,468403,470311,473140,476287,480157,483140,487293,489018,490453,492369,495044,497937,501277,504149,505589,506912,509044,511546,513295,515072,516823,517976,518823,519996,521563,523258,524457,525865,526716,527348,528473,529392,530880,532549,533421,534188,534869,536100,537498,538801,540390,541582,542203,542912,543925,545254,546670,548114,549199,550068,550669,551630,552681,554031,555274,555274,556469,557803,558631,559597,560762,561773,562691,563427,564128,564931,566018,567277,568258,569279,570032,570606,571369,572248,573225,574226,574985,575515,575956,576639,577550,578659,579556,580273,580794,581221,581835,582506,583373,583996,584517,584932,585219,585601,585957,586585,588110,588593,588939,589098,589488,589846,590314,590645,590981,591365,591525,591862,592243,592651,592912,593092,593262,593262,593526,593628,593727,593948,594130,594225,594345,594574,594659,594805,594805,594877,595201,595285,595310,595361,595448,595448,595448,595750,595813,595901,596032,596144,596144,596144,596616,596712,596840,597021,597261,597261,597261,597961,598093,598229,598511,598918,598918,598918,600027,600283,600607,601232,601803,601803,601803,603641,603973,604650,605590,606833,606833,606833,610477,611594,613033,614912,617148,617148,617148,623947,626038,628202,631037,634310,634310,634310,643621,645859,648508,651787,656313,656313,656313,667352,669638,673172,676431,681659,681659,681659,695489,699197,702894,707435,714265,714265,714265,730685,735287,740634,746157,752378,752378,752378,769402,773185,776342,779898,784052,784052,784052,802328,806597,809779,814254,819204,819204,819204,830260,832466,834880,838079,841600,841600,841600,850188,852006,854874,857386,860369,860369,860369,867315,868574,869838,872011,874013,874013,874013,879012,879985,880984,882455,883982,883982,883982,887535,888189,889096,890003,891072,891072,891072,893626,894221,894924,895738,897152,897152,897152,899481,899912,900464,901314,902329,902329,902329,904293,904689,905182,905182,906945,906945,906945,908839,909288,909905,910690,911624,911624,911624,913950,914384,914968,914946,915684,915684,915684,917833,918321,919184,920311,921722,921722,921722,924958,925629,926454,927649,929077,929077,929077,932206,932938,933754,934880,936207,936207,936207,940135,941029,942359,944574,944574,944574,944574,944574,944574,960195,966259,975320,975320,975320,975320,1011271,1018435,1035256,1048252,1048252,1048252,1094226,1102603,1114781,1132825,1153125,1153125,1153125,1153125,1225570,1236732,1249632,1265710,1265710,1265710,1265710,1265710,1328450,1338384,1355116,1355116,1355116,1355116,1389266,1394651,1400276,1406933,1406933,1406933,1421539,1423919,1427869,1431067,1431067,1431067,1431067,1442546,1443723,1445381,1447557,1449637,1449637,1449637,1449637,1455967,1456990,1458075,1459070,1459070,1459070,1461155,1461426,1461805,1462329,1462846,1462846,1462846,1463842,1463920,1464224,1464590,1465127,1465127,1465127,1465127,1465739,1465739,1465739,1465739,1465739,1465739,1465739,1467115,1467115,1467115,1467115,1467115,1467115,1467115,1468140,1468140,1468140,1468140,1468140,1468140,1468140,1469706,1469706,1469706,1469706,1469706,1469706,1469706,1470597,1470597,1470597,1470597,1470597,1470597,1470597,1472093,1472093,1472093,1472093,1472093,1472093,1472093,1472093,1472093,1474274,1474274,1474274,1474274,1474272,1477345,1477345,1474272,1474272,1477345,1477345,1477460,1477460,1481975,1481975,1481975,1481975,1481975,1481975,1487728,1487728,1487728,1487728,1487728,1487728,1487728,1495762,1495762,1495762,1495762,1495762,1495762,1495762,1495762,1504967,1504967,1504967,1504967,1504967,1504967,1514423,1514423,1514423,1514423,1514423,1514423,1514423,1524771,1524771,1524771,1524771,1524771,1524771,1524771,1535392,1535392,1535392,1535392,1535392,1535392,1535392,1546406,1546406,1546406,1546406,1546406,1546406,1546406,1546406,1560139,1560139,1560139,1560139,1560139,1560139,1573585,1573585,1573585
28,District of Columbia,0,0,0,0,0,0,0,0,0,0,0,0,0,0,0,0,0,0,0,0,0,0,0,0,0,0,0,0,0,0,0,0,0,0,0,0,0,0,0,0,0,0,0,0,0,0,0,0,0,0,0,22,22,31,40,71,98,102,120,141,187,231,271,304,342,401,495,586,653,757,902,1002,1097,1211,1440,1523,1660,1778,1875,1955,2058,2197,2350,2476,2666,2793,2927,3098,3206,3361,3528,3699,3841,3892,3994,4106,4323,4658,4797,5016,5170,5322,5461,5654,5899,6102,6272,6389,6485,6584,6736,6871,7042,7123,7270,7434,7551,7788,7893,7966,8110,8225,8334,8406,8492,8538,8717,8801,8857,8886,9016,9120,9199,9269,9332,9389,9474,9537,9589,9654,9709,9767,9799,9818,9847,9903,9952,9984,10020,10058,10094,10128,10159,10185,10216,10248,10292,10327,10365,10390,10435,10447,10482,10515,10569,10642,10679,10743,10801,10847,10906,10946,11026,11076,11115,11194,11261,11339,11427,11529,11571,11649,11717,11780,11858,11945,11999,12057,12126,12205,12274,12313,12398,12443,12518,12589,12653,12753,12807,12896,12959,13024,13118,13159,13220,13273,13325,13354,13409,13469,13534,13590,13639,13684,13684,13794,13851,13925,13959,13992,14049,14077,14135,14186,14238,14279,14315,14362,14387,14412,14493,14493,14592,14622,14687,14743,14790,14852,14902,14955,14978,15021,15050,15106,15163,15215,15250,15264,15300,15326,15358,15423,15473,15519,15547,15652,15652,15765,15843,15918,15984,16022,16068,16132,16166,16255,16334,16370,16395,16445,16498,16537,16609,16706,16767,16812,16906,16973,17074,17144,17266,17369,17438,17524,17601,17682,17792,17891,18001,18087,18173,18379,18507,18666,18814,18977,19064,19309,19465,19678,19808,19961,20151,20290,20409,20516,20736,20937,21308,21448,21552,21685,21842,22164,22480,22872,23136,23319,23589,23854,24098,24357,24643,24874,25038,25339,25602,25830,26104,26342,26601,26740,26900,27226,27436,27436,27710,28202,28342,28535,28758,28983,29252,29509,29764,29904,30166,30482,30750,31107,31457,31791,31993,32423,32600,32820,33140,33537,33851,34033,34259,34403,34612,34905,35077,35301,35505,35700,35865,36132,36414,36662,36872,37008,37008,37199,37365,37634,37877,38035,38136,38281,38348,38533,38670,38796,38918,39001,39131,39180,39301,39461,39553,39648,39755,39844,39943,40122,40284,40478,40598,40684,40767,40818,41014,41122,41273,41419,41579,41910,42006,42128,42282,42432,42511,42623,42730,42811,42892,43034,43175,43229,43383,43488,43595,43669,43825,44051,44175,44248,44413,44513,44656,44807,44932,45037,45112,45234,45328,45498,45634,45762,45830,45903,46016,46209,46315,46449,46579,46662,46740,46869,46941,47040,47141,47219,47323,47378,47471,47533,47614,47697,47697,47800,47903,47986,48041,48080,48136,48164,48180,48195,48282,48336,48404,48424,48530,48545,48590,48616,48634,48662,48689,48727,48748,48762,48803,48822,48844,48898,48898,48898,48898,49000,49011,49041,49068,49068,49068,49110,49119,49127,49151,49158,49179,49179,49200,49213,49223,49232,49243,49243,49243,49262,49275,49284,49297,49305,49305,49305,49333,49347,49355,49362,49378,49378,49378,49378,49417,49423,49434,49455,49455,49455,49526,49536,49574,49615,49652,49652,49652,49793,49827,49858,49930,49973,49973,49973,50160,50228,50268,50329,50398,50398,50398,50718,50800,50858,50975,51103,51103,51103,51589,51589,51853,52005,52201,52201,52201,52777,52843,53024,53162,53342,53342,53342,53898,54031,54156,54366,54556,54556,54556,55253,55431,55570,55718,55918,55918,55918,55918,56569,56694,56859,56966,56966,56966,57771,58146,58440,58649,58851,58851,58851,59563,59712,59849,60018,60205,60205,60205,60772,60898,60996,61153,61331,61331,61331,61791,61863,61978,62098,62266,62702,62702,62702,62702,62750,62852,62976,62976,62976,63305,63345,63400,63474,63588,63588,63588,63879,63919,63990,64108,64240,64240,64240,64470,64541,64602,64708,64799,64799,64799,65050,65094,65159,65159,65371,65371,65371,65623,65707,65793,65889,66028,66028,66028,66347,66433,66510,66510,66510,66510,66510,66857,66912,67047,67173,67430,67430,67430,67998,68134,68262,68460,68702,68702,68702,68702,69540,69867,70375,71219,71219,71219,71219,76137,77661,79565,79565,79565,79565,88765,90633,92045,94286,94286,94286,94286,103487,105493,106819,106819,108112,110040,110040,116278,117586,118802,120327,121871,121871,121871,121871,125707,126187,126187,127200,127200,127200,128550,128739,129108,129479,129817,129817,129817,129817,130949,131093,131284,131543,131543,131543,132170,132257,132884,132628,132820,132820,132820,133295,133339,133459,133587,133697,133697,133697,133697,134066,134114,134326,134326,134326,134326,134564,134678,134678,134678,134678,134678,134678,134678,135086,135086,135223,135223,135223,135223,135223,135223,135575,135681,135752,135752,135752,135884,135955,136062,136213,136322,136322,136322,136506,136598,136598,136886,136886,136886,136886,136886,136886,137603,137603,137603,137603,137603,137603,138939,139160,139160,139772,139772,139772,139772,139772,140674,140845,140845,141355,141355,141355,141355,141943,141943,141943,141943,141943,141943,141943,141943,141943,141943,141943,141943,141943,143005,143005,143943,144675,145187,145187,145187,145846,146163,146520,146904,147210,147210,147210,147819,148270,148843,149271,149271,149271,149271,149638,150303,150495,150783,151005,151005,151005,151652,151978,152252,152553,152799,152799,152799,153244,153436,153661,153903,153903,153903,153903,154165,155026,155268,155268,155817,155817,155817,155817,156557,156802,157041,157041,157041,157041,157303,157303,158073,158281,158281,158281,158548,159055,159289,159494
29,Kansas,0,0,0,0,0,0,0,0,0,0,0,0,0,0,0,0,0,0,0,0,0,0,0,0,0,0,0,0,0,0,0,0,0,0,0,0,0,0,0,0,0,0,0,1,1,1,1,4,6,8,8,11,18,22,35,48,57,65,84,100,134,172,206,266,330,372,434,485,553,629,698,751,849,912,1046,1116,1117,1275,1344,1390,1441,1504,1615,1730,1821,1905,2048,2164,2331,2721,2959,3135,3277,3473,3652,3839,4413,4634,4885,5156,5383,5648,5993,6332,6667,6829,6951,7159,7240,7518,7705,7886,7939,7953,8303,8353,8507,8625,8909,8946,9004,9125,9199,9291,9371,9662,9690,9700,9920,9965,10092,10167,10306,10361,10406,10544,10609,10750,10823,10973,11020,11101,11319,11411,11644,11753,12021,12097,12136,12428,12537,12930,13107,13462,13617,13847,14209,14370,14830,15002,15659,15911,16081,16638,16860,17332,17785,18303,18687,18981,19645,19887,20349,20817,21388,21693,21996,22656,22929,23480,23955,24553,25008,25289,25805,26055,26588,26881,27362,27590,27869,28432,28782,29251,29612,30132,30445,30644,31169,31454,32086,32462,33015,33885,33885,34599,34859,35403,35890,36884,37371,37641,38523,38836,39859,40334,41027,41570,41736,42579,42940,43823,44364,45334,45624,45794,46313,46976,47387,47757,48333,48621,48721,49612,49936,50670,51106,52067,52428,54841,55170,56186,56546,57653,58061,58065,59528,59902,60844,61122,62292,62537,62569,63726,63979,65159,65274,66879,67216,67299,68886,69231,70413,70690,72187,72404,72512,73998,74619,75920,76310,77732,78222,78294,80104,80451,83159,83535,86270,86805,86845,90172,90619,93286,93762,98509,99407,99619,104462,105007,105462,110840,111112,117374,117389,117430,124585,125170,130598,131032,136763,136936,136955,144632,144956,150138,150493,155307,155396,155396,159697,160005,164588,164878,170902,171113,171114,176597,177026,182331,182589,188086,188228,188228,192746,193017,197429,197696,203361,203425,203430,207542,207819,212612,212749,212749,212749,212749,218795,219169,225206,225212,230108,230119,230119,234069,233901,239197,239311,244583,244583,244583,249712,249803,254104,254410,258354,258354,258354,261825,262003,265522,265709,268908,268908,268908,271503,271578,274746,274823,276956,276956,276956,279008,279155,281322,281363,283926,283926,283926,285338,285341,287213,287276,288475,288475,288475,289828,289843,291093,291124,293215,293215,293215,294080,294091,295189,295215,295997,295997,295997,296644,296654,297444,297474,297989,298188,298188,298788,298806,299536,299562,299995,299995,299995,300434,300441,301063,301085,301519,301519,301519,301898,301927,302497,302549,302988,302988,302988,303418,303443,303940,303962,304429,304429,304429,304784,304793,305323,305345,305773,305773,305773,306262,306263,306886,306888,307407,307407,307407,307816,307816,308399,308405,308883,308883,308883,309371,309371,310011,310014,310600,310600,310600,311108,311108,311602,311605,312050,312050,312050,312401,312401,312801,312839,313192,313192,313192,313557,313559,314058,314086,314482,314482,314482,314757,314757,315109,315110,315331,315331,315331,315331,315334,315767,315767,316059,316059,316059,316268,316272,316657,316657,316886,316886,316886,317119,317119,317438,317440,317610,317610,317610,317756,317756,318097,318097,318352,318352,318352,318689,318690,319125,319149,319541,319541,319541,319541,319552,320581,320601,321413,321413,321413,322075,322075,322208,323302,324367,324367,324375,325184,325184,325216,326674,328185,328185,328185,329683,329683,329889,331942,333850,333850,333850,333926,333926,334125,338312,340491,340491,340491,343203,343203,345910,345910,348850,348850,348850,351356,351366,351490,351509,357004,357056,357056,357177,359856,363319,363356,366668,366746,366746,369890,369916,374122,374148,378080,378080,378080,378080,378117,383795,383830,388019,388019,388019,390869,390880,394612,394633,397842,397842,397842,400293,400314,402810,402844,405330,405330,405330,407305,407311,409754,409829,412162,412162,412162,413982,413998,416323,416338,418403,418403,418403,420156,420203,422240,422262,424081,424081,424081,425565,425705,427755,427845,429672,429672,429672,431161,431169,433622,433639,435512,435512,435512,436794,436800,439057,439068,441137,441137,441137,443055,443075,445858,445902,448652,448652,448652,450646,450666,453701,453856,456624,456624,456624,459085,459085,461163,462057,462057,462057,462057,466125,466125,470545,470678,475180,475304,475304,478615,478636,483059,483098,486895,486895,486895,490101,490151,494223,494380,498614,498614,498614,501226,501252,506359,506379,506379,506379,506379,512933,512968,520316,520388,520388,520388,520388,535014,535051,550176,550220,566192,566192,566192,579682,579744,581874,582043,621692,621692,621692,621692,621795,660599,660929,681029,681048,681048,694970,695272,710326,710381,723110,723110,723110,730853,730880,739640,740255,744987,744987,744987,748922,748927,749660,749678,749850,749850,749850,749985,758924,761453,761458,762868,762868,762868,763830,763839,764957,764957,766179,766179,766179,766664,766669,767732,767736,768243,768243,768243,768562,768593,769119,769120,769425,769425,769425,769511,769512,769776,769776,769945,769945,769945,770054,770054,770314,770314,770391,770410,770410,770556,770556,770775,770776,770957,770957,770957,770971,770971,770983,770983,771652,771652,771652,771652,771652,771652,771652,772666,772666,772666,772667,772667,772667,772667,774061,774061,774061,774490,774750,774750,774898,776481,776481,776481,776482,776735,776735,776851,778729,778729,778729,778734,778935,778935,779070,781592,781592,781592,781596,781770,783498,783600,783600,783600,783600,783600,783607,786485,786485,786663,786663,786663,786663,786663,789859,789859,789859,789859,789859,789868,789868,794533,794533,794533,794533,794533,794533,794533,798466,798466,798466,798466,798466,798513,798513,802604,802604,802604,802604,802604,802604,802692,807628,807628,807628,807628,807628,807628,807702,813020,813020,813020,813020,813020,813087,813087,820375,820375
30,Missouri,0,0,0,0,0,0,0,0,0,0,0,0,0,0,0,0,0,0,0,0,0,0,0,0,0,0,0,0,0,0,0,0,0,0,0,0,0,0,1,1,1,1,1,2,2,2,2,2,6,7,8,13,22,35,58,103,118,165,275,348,446,657,834,977,1067,1415,1674,1924,2140,2277,2629,2718,3147,3443,3625,3852,4249,4456,4564,4759,4932,5070,5376,5596,5784,5920,6083,6312,6516,6787,7022,7186,7348,7516,7657,7862,8091,8407,8620,8790,9070,9278,9533,9724,9860,10016,10115,10229,10357,10552,10717,10928,11090,11197,11342,11473,11662,11814,12028,12173,12400,12529,12707,12869,13077,13236,13400,13560,13785,14060,14314,14591,14754,15039,15132,15332,15539,15735,15940,15991,16218,16257,16607,16872,17092,17405,17711,18122,18553,18745,19209,19557,20047,20576,20935,21141,21696,22214,22576,23133,23691,24147,24410,24870,25643,26402,27195,27885,28434,28726,29192,30173,30995,31831,32734,33668,34462,35104,36222,37510,39057,40662,42034,43207,44506,46214,47986,50103,51580,52598,53157,54226,55468,56618,57709,58814,58964,60307,61325,62445,64019,65517,66902,68088,69261,70337,71209,72476,73597,74896,76224,77035,77891,78738,80159,81696,83194,84706,85971,87176,88331,89861,91391,93023,94966,96287,97233,98063,99546,100863,102480,104531,106244,107601,109105,110436,112179,114111,115587,116984,118491,119776,121418,122841,124836,126910,128440,129733,130194,130485,130729,134887,136540,138005,139354,140477,141729,143404,145513,150213,150493,150759,151103,155678,157637,160027,162266,164151,165680,167257,168791,170873,173034,175732,177752,179621,181494,183955,184675,190249,193152,195735,198802,201296,204353,208458,213061,217726,221745,225315,230139,234519,240030,244877,254411,255260,259949,265904,270868,275806,280857,285862,290197,294194,298606,303596,308081,311520,314184,317567,321958,325759,329267,334224,339049,344367,348317,351752,355713,359397,364374,366833,374633,377820,381470,385240,389118,393536,398000,401345,404014,407876,410960,414769,418383,420263,422423,424218,426639,431137,435420,440756,445019,448387,451605,454015,458230,462063,467936,473282,477617,480558,483211,486456,489319,492899,497037,499866,502063,503740,506104,508632,511631,514216,516474,518742,520479,522677,524857,527523,530002,531550,532747,534394,536176,537804,540007,542198,543392,544197,545150,546253,547692,549076,550158,550972,551526,552180,552960,553915,554986,555909,556700,557278,558218,559438,560327,561281,561987,562624,562920,563489,564139,564834,565588,566213,566841,567217,567734,568406,568441,568918,569758,570508,571005,571405,572074,572844,573559,574201,574847,575253,575562,576071,576914,578148,579058,579654,580080,580417,580980,581680,582380,583131,583691,584228,584555,585131,585906,586698,587476,588146,588626,588962,589626,590452,591207,592054,583562,583941,584326,584983,585701,586510,587348,588133,588517,588801,589372,590175,590973,591637,592687,593474,593831,594380,594984,595629,596224,596758,597097,597344,597754,598292,598931,599402,599861,600153,600350,600778,601228,601794,602362,602900,603174,603380,603849,604298,604987,605601,606075,606319,606489,606670,607158,607774,608463,608970,608578,609329,610053,610677,611352,611997,612552,612956,613266,613848,614710,615471,616390,617006,617498,617928,618713,619554,620792,621683,622472,623096,623538,624471,625796,627082,628255,628484,629742,630744,631510,633169,634834,636976,638573,639668,639881,642168,644423,647237,649571,651966,653331,654368,656484,659414,662692,665483,668721,670252,671390,673931,676766,679845,683802,686547,688472,689673,692340,696700,700748,703914,706578,708412,709631,712083,716187,719820,722668,725923,727584,728930,731097,734184,737531,740269,742751,744484,745930,748235,750929,753831,756615,759065,760234,762397,763799,766882,769986,772726,775256,776752,777915,779030,781592,784110,787268,790011,791678,793070,795287,797899,800584,803132,805334,806720,807762,809769,811880,814004,815974,818075,819195,819985,821584,823600,825608,827390,829082,830103,830859,832066,834018,835520,837084,838344,839117,839855,840853,842203,843676,845088,846107,846806,847219,848234,849415,850689,851743,852895,853451,853966,854982,856229,857420,858474,859556,860293,860753,861943,863242,864461,865607,867070,867812,868480,869952,871631,871730,874960,876614,877578,878314,879913,881560,892648,894355,895936,896793,898167,900102,902115,902208,902208,902907,903119,908715,911403,914524,919712,920185,924958,926450,929647,932120,935956,939245,942871,945163,946931,948493,949201,954483,958606,961779,965181,966955,968560,971357,975089,980542,980823,980823,983061,989879,994969,1004090,1012928,1013458,1013458,1019379,1021433,1047653,1060113,1072775,1085500,1099159,1106833,1114094,1126746,1139906,1155331,1165263,1185468,1185498,1185499,1209665,1224211,1240160,1255363,1265951,1272797,1279926,1289414,1299792,1309385,1318714,1327427,1330584,1334549,1339689,1349306,1353879,1356653,1359332,1361318,1363925,1367130,1371733,1378268,1378959,1379156,1379156,1386214,1388065,1390071,1391960,1392952,1393187,1393187,1393262,1396604,1397882,1399180,1400323,1400387,1400387,1401938,1402690,1403405,1404215,1404846,1404926,1404926,1405954,1406726,1407120,1407716,1408095,1408095,1408095,1409110,1409670,1410021,1410068,1410068,1410068,1410068,1411611,1410068,1412752,1413477,1414075,1414075,1414075,1414886,1415385,1416017,1416599,1416676,1416676,1416676,1416838,1416902,1417103,1420980,1421075,1421075,1421075,1421311,1421450,1421549,1423394,1423564,1423564,1423564,1423896,1424082,1424279,1426637,1426845,1426845,1426845,1427372,1427615,1427907,1431059,1431297,1431297,1431297,1431640,1431989,1432201,1432754,1436286,1436286,1436286,1437140,1437512,1437965,1438389,1442338,1442338,1442338,1443295,1443899,1445472,1445952,1451232,1451232,1451232,1452131,1452608,1453080,1453516,1460272,1460272,1460272,1460272,1461612,1462024,1462931,1469893,1469893,1469893,1470572,1471621,1472261,1472740,1480816,1480816,1480816,1481709,1482243,1482768,1483315,1491762,1491762,1491762,1491762,1493204,1493664,1494216,1503394,1503394,1503394,1504715,1505453,1505967,1506514,1516865,1516865,1516865,1516865,1518157,1518494,1519621,1529886,1529886,1529886,1531216,1531819,1532312,1532882
31,Vermont,0,0,0,0,0,0,0,0,0,0,0,0,0,0,0,0,0,0,0,0,0,0,0,0,0,0,0,0,0,0,0,0,0,0,0,0,0,0,0,0,0,0,0,1,1,1,1,2,2,5,5,12,12,13,22,29,49,52,75,95,125,158,184,211,235,256,293,321,338,389,461,512,543,575,605,628,679,711,727,748,752,759,774,779,803,813,816,818,823,825,827,843,851,855,862,862,866,879,886,897,902,907,908,916,919,921,927,926,927,929,932,933,934,940,940,944,944,950,952,954,956,962,967,971,974,975,977,981,983,988,990,1026,1027,1046,1063,1075,1084,1095,1110,1119,1125,1127,1128,1131,1130,1135,1144,1147,1159,1163,1164,1184,1191,1198,1200,1202,1208,1208,1210,1227,1236,1238,1249,1251,1254,1256,1272,1277,1283,1296,1301,1305,1318,1325,1334,1338,1350,1360,1366,1366,1377,1385,1396,1400,1402,1405,1406,1407,1414,1421,1426,1427,1431,1436,1445,1448,1454,1459,1462,1472,1478,1484,1501,1509,1515,1527,1530,1533,1537,1541,1553,1557,1566,1572,1577,1586,1589,1605,1616,1624,1635,1637,1637,1642,1647,1648,1651,1654,1656,1661,1668,1677,1684,1696,1702,1702,1705,1706,1710,1715,1719,1721,1722,1724,1731,1739,1742,1745,1749,1752,1755,1768,1778,1785,1817,1821,1827,1838,1846,1857,1868,1876,1886,1889,1903,1915,1926,1937,1946,1956,1971,1987,2016,2043,2073,2083,2113,2120,2141,2155,2179,2196,2219,2237,2267,2303,2326,2347,2392,2415,2462,2535,2651,2743,2843,2889,3008,3104,3161,3310,3459,3546,3629,3714,3762,3827,3827,4005,4033,4100,4172,4239,4461,4642,4763,4894,5015,5080,5180,5285,5413,5541,5626,5753,5857,5923,6009,6149,6243,6343,6443,6534,6608,6680,6781,6781,6966,7029,7120,7202,7276,7412,7412,7689,7793,7873,8038,8158,8403,8619,8790,8967,9078,9247,9368,9573,9734,9915,10057,10220,10321,10471,10580,10759,10908,11033,11165,11285,11379,11523,11658,11831,11965,12083,12196,12329,12503,12612,12766,12900,13046,13105,13122,13249,13415,13561,13677,13862,13917,13996,14149,14251,14359,14493,14608,14691,14768,14840,14963,15098,15198,15284,15372,15487,15686,15819,15964,16083,16199,16286,16371,16500,16623,16698,16890,16992,17047,17106,17247,17393,17555,17740,17839,17933,18028,18215,18498,18623,18820,19002,19109,19275,19523,19755,19905,20149,20267,20373,20442,20669,20815,20965,21202,21291,21388,21488,21664,21803,21869,22016,22112,22112,22238,22325,22416,22479,22576,22617,22675,22723,22824,22952,23032,23126,23158,23191,23247,23296,23393,23445,23486,23541,23606,23651,23724,23792,23847,23883,23912,23945,23988,24026,24065,24084,24106,24127,24136,24162,24182,24190,24200,24209,24220,24224,24232,24240,24252,24252,24252,24282,24295,24300,24314,24320,24320,24320,24331,24339,24348,24357,24360,24360,24360,24368,24371,24379,24385,24392,24392,24392,24402,24406,24410,24412,24419,24419,24419,24419,24433,24440,24445,24457,24457,24457,24489,24497,24516,24529,24550,24550,24550,24579,24590,24609,24647,24676,24676,24676,24748,24760,24804,24830,24889,24889,24889,25038,25077,25129,25219,25320,25320,25320,25571,25663,25757,25883,26040,26040,26040,26040,26397,26494,26663,26778,26924,27050,27132,27237,27355,27504,27648,27835,27972,28044,28200,28399,28542,28703,28884,28994,29125,29325,29436,29588,29735,29934,30114,30264,30376,30584,30922,31156,31361,31634,31764,31911,32079,32368,32610,32790,33031,33231,33329,33438,33662,33852,34081,34221,34411,34505,34632,34923,35204,35459,35672,35892,36025,36352,36503,36730,37069,37318,37519,37651,37768,38090,38320,38573,38843,38982,39072,39233,39559,39788,39923,40191,40340,40513,40727,41254,41644,41908,42313,42547,42716,42910,43521,44030,44490,44801,45024,45213,45456,45985,46449,46896,47376,47609,47805,48120,48120,48120,48120,48120,49801,50014,50510,51134,51629,52195,52889,53131,53431,53835,54321,55057,55317,55849,56084,56317,56661,57333,57809,58247,58695,58935,59175,59826,60265,60265,60265,60265,61735,62143,63076,64447,64447,64447,64447,67226,68957,69762,71942,73802,76421,76673,76673,76673,81987,83994,86311,88104,90668,90668,92198,93492,93492,96415,97994,99109,99651,100092,100621,102153,103066,103549,104160,104472,104837,105569,106174,106690,106690,106690,107478,107679,108166,108577,108969,108969,108969,109631,109793,110171,110417,110679,110679,110679,110679,111319,111584,111794,112023,112023,112023,112364,112364,112364,112906,113107,113107,113107,113407,113454,113651,113762,113948,113948,113948,114206,114289,114535,114709,114868,114868,114868,115232,115312,115531,115675,115849,115849,115849,116157,116246,116465,116639,116800,116800,116800,117160,117309,117529,117742,117991,117991,117991,118520,118683,118993,119339,119613,119613,119613,120352,120503,120847,121193,121534,121534,121534,122341,122341,123062,123455,123842,123842,123842,124523,124830,125347,125699,126099,126099,126099,126937,127189,127457,128058,128471,128471,128471,129252,129464,129854,129854,129854,129854,129854,129854,129854,129854,131460,131460,131460,131460,131460,131460,132676,132676,132676,132676,132676,132676,132676,133669,133669,133669,133669,133669,133669,133669,134415,134415,134415,134415,134415,134415,134415,135030,135030,135030,135030,135030,135030,135030,135668,135668,135668,135668,135668,135668,135668,136145,136145,136145,136145,136145,136145,136145,136695,136695
32,Virginia,0,0,0,0,0,0,0,0,0,0,0,0,0,0,0,0,0,0,0,0,0,0,0,0,0,0,0,0,0,0,0,0,0,0,0,0,0,0,0,0,0,0,0,2,2,8,9,12,27,37,37,49,67,79,103,123,157,220,254,293,396,466,607,740,890,1020,1249,1483,1706,2012,2407,2640,2878,3335,3645,4042,4509,5077,5274,5747,6182,6500,6889,7491,8053,8542,8990,9630,10266,10998,11594,12366,12970,13538,14339,14962,15847,16902,17738,18672,19493,20257,20985,21570,22342,23196,24081,25070,25800,26746,27813,28672,29683,30388,31140,32145,32908,34137,34950,35749,36244,37727,39342,40249,41401,42533,43611,44607,45398,46239,46905,47856,48532,49397,50681,51251,51738,52177,52647,53211,53869,54506,54886,55331,55775,56238,56793,57443,57994,58465,58994,59514,59946,60570,61247,61736,62189,62787,63203,63735,64393,65109,65748,66102,66740,67375,67988,68931,69782,70670,71642,72443,73527,74431,75433,76373,77430,78375,79371,80393,81237,82364,83609,84567,86072,86994,87993,88904,89888,90801,91782,93106,94251,95049,95867,97882,99189,100086,100749,101745,102521,103622,104838,105750,106687,107421,108282,109019,109879,110857,112072,112960,113623,114626,115448,116569,117592,118809,119747,120594,121615,122518,123637,124738,125727,126926,127571,128407,129289,130525,131640,132868,133814,134571,135514,136359,137460,138702,139655,140511,141138,142010,142590,143492,144433,145408,146144,146593,147516,148271,148721,149687,150803,151870,152557,153182,153691,155535,156649,157905,158716,159570,160805,161610,162941,164124,165238,166138,166828,167754,168772,170104,171284,172372,173371,174275,175409,176754,178183,179639,181190,182392,183418,184679,185836,187202,188770,190873,192175,193477,194912,196506,198027,199262,200799,201960,204637,206762,208833,210787,213331,215679,217796,221038,223582,226300,228900,230444,233617,235942,237835,240063,242480,244503,247380,251173,255053,258870,262730,267128,271043,274438,278615,281909,285149,288309,292240,296093,299388,302972,306848,310890,314481,319133,323915,327993,329577,333576,336175,340297,344345,349584,354766,358755,363765,367536,371913,377300,382679,387917,393715,398856,403386,407947,412545,417839,422634,429391,439305,446550,451076,455591,459604,463751,468655,472447,478619,483326,488553,493674,497912,502221,504779,507640,510380,513339,516398,521467,526176,529125,530825,534116,537319,541018,544209,547424,549999,551538,553308,555592,557896,559930,561812,564115,565270,567039,568946,570982,572639,574314,576050,577174,578559,580108,581408,583060,584537,585700,586592,588129,589375,590625,592214,593562,594735,595865,597141,598468,600550,602182,603745,604904,605967,607234,608704,610263,612062,613974,615366,616509,617941,618976,620801,622339,623881,625148,626171,627605,629155,631083,632625,634325,635552,636862,638910,640211,641626,643220,644828,646133,647111,648347,649608,650981,652321,653326,654210,654929,656020,657154,658341,659590,660553,661314,661925,662696,663538,664394,665332,666111,666650,666986,667586,668147,668726,669219,669904,670184,670456,670834,671325,671916,672312,672793,673029,673105,673759,674082,674439,674843,675165,675392,675538,675597,675783,676041,676300,676586,676741,676831,677013,677210,677425,677530,677671,677744,677812,677949,678226,678392,678506,678595,678649,678765,678909,679137,679391,679762,680060,679828,679917,680065,680340,680564,680744,680904,681072,681194,681326,681599,681890,682147,682433,682673,682856,683202,683614,684054,684499,684499,684499,685485,686206,686884,687550,688300,688300,688300,690183,691018,692105,693206,694384,694384,694384,697939,699342,701059,702819,704664,704664,704664,709319,711078,713195,715556,717826,717826,717826,723727,725971,728523,731287,734079,734079,734079,741160,744187,747641,751132,754652,754652,754652,762948,766435,769842,774097,778167,778167,778167,786910,788917,793396,797348,801827,801827,801827,811079,814738,818804,822985,827197,827197,827197,836140,839475,843212,846979,850037,849865,849865,857852,860493,863644,866776,869328,869328,869328,877090,878518,882437,885323,888159,888159,888159,888159,895619,897978,900581,902938,902938,902938,907882,909499,911321,913100,914755,914755,914755,918700,919999,921630,923125,924771,924771,924771,927999,929244,930679,932173,933542,933542,933542,936928,938376,939783,941371,942837,942837,942837,946061,947271,949803,951698,953460,953460,953460,957570,959156,960691,962472,963739,963739,963739,967209,969116,971529,974001,976599,976599,976599,983055,985297,988147,991221,994069,994069,994069,1000694,1003110,1006245,1009933,1013390,1013390,1013390,1023698,1028135,1034107,1040580,1049336,1049336,1049336,1067849,1075288,1087400,1100900,1118518,1118518,1118518,1158764,1176159,1186887,1202727,1221036,1221036,1221036,1278739,1295420,1315256,1334198,1351417,1351417,1351417,1397155,1407403,1419883,1434686,1451713,1451713,1451713,1481294,1491993,1503119,1514862,1525603,1525603,1525603,1545650,1551705,1558383,1565522,1572022,1572022,1572022,1584248,1588937,1593675,1598402,1602677,1602677,1602677,1610726,1613719,1616749,1619839,1622685,1622685,1622685,1628593,1630682,1632675,1634851,1636510,1636510,1636510,1639942,1641438,1643050,1644694,1645791,1645791,1645791,1648179,1649266,1649266,1651940,1653212,1653212,1653212,1654893,1656187,1657409,1658568,1659710,1659710,1659710,1661484,1661484,1663035,1664080,1665082,1665082,1665082,1666422,1667289,1668087,1668891,1669750,1669750,1669750,1671423,1672450,1673486,1674560,1675845,1675845,1675845,1678215,1679418,1680635,1681729,1683267,1683267,1683267,1685887,1686861,1688068,1689563,1691268,1691268,1691268,1694570,1695897,1697577,1699596,1701458,1701458,1701458,1705650,1707085,1710272,1712801,1715478,1715478,1715478,1721501,1723985,1726749,1729893,1733188,1733188,1733188,1740753,1744401,1747607,1751443,1755290,1755290,1755290,1763908,1767132,1770620,1774185,1777813,1777813,1777813,1777813,1787756,1790726,1793644,1797700,1797700,1797700,1805781,1808408,1811366,1814665,1817814,1817814,1817814,1824660,1827418,1830122,1832648,1835591,1835591,1835591,1841786,1844313,1846905,1849990,1852970,1852970,1852970,1859589,1862659,1865917,1869231,1872624,1872624,1872624,1879306,1881525,1884246,1887431,1890973,1890973,1890973,1898849,1902133,1905474,1908742
33,Connecticut,0,0,0,0,0,0,0,0,0,0,0,0,0,0,0,0,0,0,0,0,0,0,0,0,0,0,0,0,0,0,0,0,0,0,0,0,0,0,0,0,0,0,0,0,0,1,3,5,11,23,24,41,68,96,159,194,194,327,415,618,875,1012,1291,1524,1993,2571,3128,3557,3824,4914,5276,5675,6906,7781,7781,9784,10538,11510,12035,13381,13989,14755,15884,16809,17550,17962,19815,20360,22469,23100,23936,24583,25269,25997,26312,26767,27700,28764,29287,29287,29973,30621,30995,31784,32411,32984,33554,33765,34333,34855,35464,36085,36703,37419,38116,38430,39017,39208,39640,40022,40468,40873,41303,41288,41559,41762,42022,42201,42740,42979,43091,43239,43460,43818,43968,44092,44179,44347,44461,44689,44994,45088,45235,45349,45429,45440,45557,45715,45755,45782,45899,45913,45994,46059,46206,46303,46362,46514,46572,46646,46717,46717,46717,46976,47033,47108,47209,47287,47287,47287,47510,47530,47636,47750,47893,47893,47893,48055,48096,48223,48232,48776,48776,48776,48983,49077,49540,49670,49810,49810,49810,50062,50110,50225,50245,50320,50320,50320,50567,50684,50706,50782,50897,50897,50897,51267,51255,51314,51432,51519,51519,51519,52011,52040,52220,52350,52495,52495,52495,52879,53006,53108,53209,53365,53365,53365,53365,53782,53871,54093,54326,54326,54326,54895,55031,55166,55386,55527,55527,55527,56024,56160,56315,56472,56587,56587,56587,57147,57329,57550,57742,58297,58297,58297,59120,59241,59364,59748,60038,60038,60038,61377,61697,61861,62028,62830,62830,62830,64021,64455,64871,65373,66052,66052,66052,68099,68637,69127,70446,71207,71207,71207,73858,74843,75373,77060,78125,78125,78125,81432,82953,84741,85899,88645,88645,88645,93284,94986,97028,99381,101469,101469,101469,106740,107280,109152,109152,112581,112581,112581,117295,118754,121426,126177,127715,127715,127715,135844,138258,140548,142979,146761,146761,146761,153992,155462,157781,160102,162782,162782,162782,167377,168960,170705,172743,172743,172743,172743,181200,181967,183663,185708,185708,190120,190120,194636,196968,199454,202758,205994,205994,205994,213358,217047,220576,221544,223422,223422,223422,230125,232219,234134,235796,237815,237815,237815,243632,244899,247339,248765,250023,250023,250023,253954,256522,257004,257941,259372,259372,259372,263739,264608,265496,266499,267337,267337,267337,270242,270822,271356,271903,273101,273101,273101,275334,276691,278184,279159,279946,279946,279946,282626,283128,283622,284500,285330,285330,285330,287396,288145,288657,289392,290577,290577,290577,293102,293955,294328,295484,296691,296691,296691,299667,300565,302022,303510,305210,305210,305210,308439,310056,310624,312468,313956,313956,313956,316655,317729,318767,319779,321586,321586,321586,324571,325689,327298,328000,329062,329062,329062,331401,332139,332995,333732,334766,334766,334766,336933,337340,337961,338447,339233,339233,339233,340545,340962,341571,342282,342718,342718,342718,343545,343954,344141,344612,344977,344977,344977,345639,345720,345948,346154,346325,346325,346325,346711,346892,346980,347137,347341,347341,347341,347341,347563,347678,347748,347891,347891,347891,348088,348154,348262,348319,348350,348350,348350,348465,348521,348560,348595,348665,348665,348665,348757,348802,348840,348993,349120,349120,349120,349261,349301,349352,349387,349476,349476,349476,349476,349651,349743,349798,349969,349969,349969,350039,350245,350386,350536,350675,350675,350675,351084,351302,351530,351825,352037,352037,352037,352626,353114,353505,353844,354335,354335,354335,355580,356164,356701,357345,358076,358076,358076,359363,359638,360552,361294,361836,361836,361836,363417,364298,364891,365425,365856,365856,365856,367410,368481,369132,369920,370708,370708,370708,372069,373072,373784,374470,375135,375135,375135,375135,376747,377682,378308,378933,378933,378933,380281,381331,381732,382798,384342,384342,384342,385788,386182,386672,387263,387733,387733,387733,389177,389730,390180,390345,391066,391066,391066,392163,392574,392951,393499,394008,394008,394008,394008,395481,395721,396629,397123,397123,397123,398270,398979,399363,399773,400226,400226,400226,401125,401379,401716,402159,402583,402583,402583,403415,403827,404218,404649,404969,404969,404969,405910,406219,406752,407292,407750,407750,407750,409929,410473,411311,412058,412918,412918,412918,414978,415732,416573,416573,418473,418473,418473,420785,421692,422785,424412,425275,425275,425275,430756,432675,433464,436143,439423,439423,439423,447316,450315,452038,454123,455566,455566,455566,461775,467775,471141,474557,474557,474557,474557,489211,494964,502484,510188,510188,510188,510188,533866,544468,554812,563635,573711,573711,573711,605116,611867,619185,628789,637572,637572,637572,653416,657680,662425,667230,671674,671674,671674,683731,687555,690350,693386,696070,696070,696070,699400,700640,702426,704871,706140,706140,706140,708278,709621,710669,711695,712884,712884,712884,714408,715692,717520,718064,719327,719327,719327,720618,720956,721496,721954,722377,722377,722377,723389,723559,723812,724401,724833,724833,724833,727542,728733,729063,729354,729697,729697,729697,730506,730811,731128,731532,731868,731868,731868,732471,732932,733328,733767,734196,734196,734196,735210,735575,736033,736033,737276,737276,737276,738544,738976,739454,740203,740894,740894,740894,742730,743361,744052,744459,745652,745652,745652,747612,748773,749783,750660,751810,751810,751810,753836,754924,755971,757227,758281,758281,758281,760370,762097,763149,764569,766172,766172,766172,770762,772709,775101,777064,779460,779460,779460,789933,791690,793615,795492,797616,797616,797616,801078,802106,803748,805329,806467,806467,806467,806467,809194,810190,810849,811932,811932,811932,813676,814328,814985,815660,816356,816356,816356,817973,818718,819531,820026,820870,820870,820870,822319,822898,823625,824295,825075,825732,826174,826779,827615,828263,828968,831880,832572,832913,833260,833551,834561,835385,836466,837269,837751,838159,839167,840071,840892
34,Iowa,0,0,0,0,0,0,0,0,0,0,0,0,0,0,0,0,0,0,0,0,0,0,0,0,0,0,0,0,0,0,0,0,0,0,0,0,0,0,0,0,0,0,0,0,3,8,13,14,17,17,18,23,23,38,44,45,69,90,105,124,146,179,235,298,336,424,497,547,614,699,787,869,946,1046,1145,1270,1388,1510,1587,1710,1899,1995,2141,2332,2513,2902,3159,3641,3748,3924,4445,5092,5476,5868,6376,6843,7145,7884,8643,9175,9703,10111,10404,11059,11457,11671,11959,12373,12912,13289,13675,14049,14328,14651,14955,15296,15620,16170,16492,16898,17251,17557,17703,18369,18586,18957,19244,19552,19699,20019,20300,20806,21154,21478,21712,22007,22237,22626,22973,23350,23717,23926,24082,24179,24460,24861,25274,25496,25963,26146,26469,26601,27373,27717,28073,28520,28845,29074,29514,30259,30463,31061,31517,31758,32153,32624,33254,34172,34658,35410,35631,35866,36536,37350,37903,38313,38813,39343,39721,40208,40796,41434,41886,42357,42696,42928,43623,44285,44753,45293,45723,45905,46231,46836,47559,48040,48535,48919,49165,49521,49973,50373,51247,52065,52447,52829,53201,53523,54533,55331,55996,56446,56909,57606,58807,61488,62828,63612,64599,65139,65847,66463,67691,68744,69690,70215,70537,71019,71595,72458,73399,74205,74676,75064,75721,76652,77204,78839,79804,80410,81007,81618,82871,83991,85031,85908,86624,87257,88235,89247,90428,91482,92301,92744,93260,93805,95093,96657,97881,99042,99943,100453,101422,102904,104056,105746,106698,107334,108060,109202,110250,111733,113376,114836,116238,117198,118563,120635,122950,125722,128510,130974,132516,134326,137214,142491,145866,150254,154778,159910,163827,168453,173404,178888,183555,186314,189597,193198,197518,201572,205917,209203,211664,214792,217784,221286,223323,225056,227179,228690,230631,233062,236159,238724,241531,243385,244691,245984,247954,250280,252553,253612,255009,256249,257311,258253,260774,262210,264707,266959,267329,268736,270294,272112,273661,274266,274793,275299,276649,278310,280064,281712,282980,283895,284715,286356,288298,290776,293189,294762,296171,296682,297774,299255,301161,302560,303926,304748,305151,306083,307302,308787,310440,311695,312622,313137,313909,315002,316114,317124,318319,319110,319408,320187,321274,322308,323216,323797,324306,324590,325219,326150,327061,327432,328565,329039,329258,329726,330318,330906,331505,331747,332182,332760,333080,333964,334665,335244,335855,336282,336465,336890,337520,338041,338613,339148,339529,339672,340128,340891,341378,341838,342343,342705,342886,343303,343851,344267,344860,345304,345642,345785,346217,346984,347592,348498,349057,349554,349714,350219,350756,351402,352137,352714,353207,353362,353829,354557,354829,355454,356073,356823,357019,357197,357739,358395,358873,359260,359765,360054,360345,360784,361423,361900,362334,362729,362924,363162,363530,364036,364486,364844,365229,365524,365754,366131,366570,366959,367300,367564,367717,367912,368192,368566,368822,369057,369232,369370,369494,369693,369984,370194,370363,370519,370628,370719,370873,371031,371143,371253,371331,371382,371424,371478,371640,371765,371862,371956,372024,372064,372156,372248,372331,372438,372523,372580,372650,372751,372836,372910,372985,373047,373098,373142,373223,373315,373371,373450,373532,373583,373636,373739,373861,373960,374054,374120,374180,374207,374284,375328,374381,374627,374627,374627,374627,374627,375278,375278,375278,375278,375278,375278,375278,376673,376673,376673,376673,376673,376673,376673,378831,378831,378831,378831,378831,378831,378831,382401,382401,382401,382401,382401,382401,385556,387273,387273,387273,389223,389223,389223,390978,392970,392970,392970,395167,395167,395167,397522,400082,400082,400082,402725,402725,402725,404747,408390,408390,408390,411577,411577,411577,414784,417152,417152,417152,421168,421168,421168,425194,428517,429078,429078,434239,434239,434239,437872,440680,441183,441183,445668,445668,445668,449038,451492,452057,452057,455579,455579,455579,458908,461352,461352,461352,461352,461352,461352,461352,469519,469519,469519,469519,469519,469519,469519,476426,476426,476426,476426,476426,476426,476426,483409,483736,483736,486132,486132,486132,488885,491052,491463,491463,494407,494407,494407,497648,499279,499279,500474,503564,503564,503564,506538,508513,509761,509761,513637,513637,513637,516907,518859,518859,518859,518859,522858,522858,525458,528221,530060,530060,534623,534623,534623,538738,541033,542433,545804,546287,546287,546287,549642,552898,553407,553407,557029,557029,557029,560351,562463,563955,563955,563955,563955,567997,570470,573032,575501,575501,575501,575501,575501,587386,592028,596296,596296,608000,608000,608000,619061,626336,631301,631301,645410,645410,645410,657146,664910,669705,669705,682363,682363,682363,693914,699859,703366,703366,712288,712288,712288,719703,722589,722589,724912,729700,729700,729700,733153,735422,736703,736703,739566,739566,739566,741648,743285,743773,743773,745530,745530,745530,746825,747702,748057,748057,748849,748849,748849,754073,754511,755022,755022,755547,755547,755547,755968,756257,756359,756359,756778,756778,756778,757017,757265,757334,757334,757551,757551,757551,757807,757985,758064,758064,758294,758294,758294,758463,758463,758463,758463,759048,759048,759048,759175,759393,759475,759475,759721,759721,759721,760025,760293,760377,760377,760781,760781,760781,761116,761356,761487,761487,762036,762036,762036,762557,763072,763188,763188,763782,763782,763782,764451,765186,765490,765490,766593,766593,766593,767422,768358,768869,768869,770128,770128,770128,771256,772205,772205,772205,772205,772205,772205,772205,776165,776165,776165,776165,776165,776165,776165,780019,780019,780019,780019,780019,780019,780019,784302,784302,784302,784302,784302,784302,784302,788289,788289,788289,788289,788289,788289,788289,792208,792208,792208,792208,792208,792208,792208,796196,796611,796611,796611,796611,796611,799184,800176,800648,800648,800648,800648,802455,803961,805363,805836
35,Louisiana,0,0,0,0,0,0,0,0,0,0,0,0,0,0,0,0,0,0,0,0,0,0,0,0,0,0,0,0,0,0,0,0,0,0,0,0,0,0,0,0,0,0,0,0,0,0,5,19,29,77,87,115,196,257,392,537,763,837,1172,1388,1795,2304,2744,3315,3540,4025,5237,6424,9149,10297,12496,13010,14867,16284,17030,18283,19253,20014,20595,21016,21518,21951,22532,23118,23580,23928,24523,24854,25258,25739,26140,26512,26773,27068,27286,27660,28001,28711,29140,29340,29673,29996,30399,30652,30855,31417,31600,31815,32050,32662,33489,33837,34117,34432,34709,35038,35316,36504,36925,36925,37169,37809,38054,38497,38802,38802,39577,39916,40341,40746,41133,41562,41989,42486,42816,43050,43612,44030,44472,44995,46283,46619,47172,47706,48634,48634,48515,49385,49778,50239,51595,52477,53415,54769,54769,56236,57081,58095,60178,61561,63289,63289,65226,66327,68263,70151,71994,74636,76803,78122,79827,82042,84131,86411,88590,88590,91706,94892,96583,99354,101650,103734,103734,107574,109917,111038,112773,114481,116280,116280,119747,120846,124461,125943,127246,128746,128746,131399,131961,133125,134304,135439,136737,136737,137918,138485,139125,139903,140821,141720,141720,142943,143566,144116,145661,146338,146944,146944,148568,148894,149583,150724,151537,152359,152359,153754,154063,154319,155890,156354,157109,157109,158390,158882,159253,159865,160343,161322,161322,162258,162501,163253,163869,164446,165152,165152,166075,166315,166848,167458,168009,168826,168826,169719,169937,170469,172625,173149,173406,173406,174587,174647,175329,176209,176952,177726,177726,178869,179070,179769,181132,181904,182603,182603,183575,183802,184724,185822,186216,186649,186649,187720,187995,189148,190164,190845,191715,191715,192981,193372,194702,194702,198531,201981,201981,204513,205057,207685,209914,211966,216709,216709,220192,221160,224403,225638,225638,230602,230602,232245,232414,237740,241335,244078,247177,247177,251123,252136,254562,258914,261329,264191,264191,268613,269643,272276,275545,279321,282434,282434,286145,287261,290960,293934,296499,296499,296499,299722,300539,304485,311229,315275,315275,315275,321058,322181,326648,333524,338054,341431,341431,346829,348234,352939,355835,361148,364853,364853,368980,369951,372089,374582,378318,380255,380255,383862,385942,388562,392416,394909,397276,397276,400626,401591,404194,406235,408995,409861,409861,411812,412989,414354,414687,417415,418585,418585,419891,420394,420394,421018,421846,422287,422287,424176,424644,426048,426925,427689,428592,428592,430100,430504,431271,431771,432527,433045,433045,433785,434289,434926,435514,435935,436482,436482,437393,437565,438557,439002,439543,439737,439737,439737,441066,441771,442221,442620,443069,443069,443069,443905,444414,444933,445469,445469,445469,445469,446737,446955,447655,448104,448838,448838,448838,449827,450279,450673,451476,451955,451955,451955,453351,453711,454377,455000,455541,455541,455541,456432,456884,457326,457896,458581,458581,458581,459340,460337,460803,461210,461773,461773,461773,462868,463517,463997,464412,464833,464833,464833,465946,466440,467055,467475,467815,467815,467815,468402,469445,469864,470331,470685,470685,470685,470685,471663,472304,472617,472981,472981,472981,473777,473879,474653,475126,475354,475354,475354,475908,476467,476792,477127,477453,477453,477453,478139,478464,478946,479311,479521,479521,479521,480463,480876,481467,482035,482560,482560,482560,482560,484577,485803,486589,487558,487558,487558,489951,490904,492840,494340,495945,495945,495945,499932,501494,506882,509716,512843,512843,512843,520435,527253,531952,536366,541679,541679,541679,552787,557540,562319,567787,573903,573903,573903,590446,596534,601941,607228,614776,614776,614776,628146,631837,638443,643993,649915,649915,649915,660804,664618,671237,676368,679796,679796,679796,679796,679796,692176,694275,696900,696900,696900,696900,702432,705498,710401,712574,712574,712574,712574,717224,721795,723458,725637,725637,725637,728831,730099,732005,733522,734524,734524,734524,737582,738613,739661,740533,741906,741906,741906,743631,744651,745571,746542,747329,747329,747329,748793,749922,750473,751315,751874,751874,751874,752951,753532,754027,754950,755631,755631,755631,756509,756969,757739,758230,758471,758471,758471,760000,760246,760691,761311,761849,761849,761849,762659,763133,763628,763628,764354,764354,764354,765296,765766,766391,766849,767330,767330,767330,768041,768714,769051,769051,769051,769051,769051,770305,770894,771837,772310,772789,772789,772789,773621,774181,774913,775368,775935,775935,775935,777106,777106,778542,779567,780668,780668,780668,783604,785333,787538,790373,790373,790373,790373,802537,806850,816228,828695,828695,828695,828695,859856,869146,879549,893626,908428,908428,908428,937447,949941,949941,949941,995724,996623,996623,996623,1025748,1037249,1050080,1060022,1060022,1060022,1076385,1084448,1145245,1152818,1160130,1160130,1160130,1170212,1174941,1179814,1185174,1192375,1192375,1192375,1199682,1202265,1204688,1207405,1210398,1210398,1210398,1213437,1214994,1216390,1218262,1219464,1219464,1219464,1221493,1223067,1224028,1224969,1225637,1225637,1225637,1225637,1225637,1227106,1227713,1228045,1228045,1228045,1228580,1228925,1229337,1229511,1229653,1229653,1229653,1230190,1230419,1230609,1230793,1230998,1230998,1230998,1231246,1231393,1231556,1231676,1231846,1231846,1231846,1232044,1232128,1232257,1232422,1232513,1232513,1232513,1232762,1233008,1233225,1233356,1233479,1233479,1233479,1233673,1233871,1234146,1234650,1234650,1234650,1234650,1235193,1235421,1235683,1235893,1236111,1236111,1236111,1236731,1236996,1237321,1237639,1238011,1238011,1238011,1238557,1239063,1239469,1239993,1240538,1240538,1240538,1241504,1242101,1242809,1243693,1244423,1244423,1244423,1245776,1246665,1247925,1249292,1250429,1250429,1250429,1251966,1253093,1254640,1255869,1257148,1257148,1257148,1257148,1259730,1261832,1263204,1265225,1265225,1265225,1267633,1269501,1271058,1272817,1274798,1274798,1274798,1277101,1279458,1281002,1282968,1282968,1282968,1282968,1287429,1290291,1292655,1294720,1296861,1296861,1296861,1300125,1302530,1305552,1308592,1310829,1310829,1310829,1310829,1315361,1318114,1323550,1326364,1326364,1326364,1332012,1335684,1339245,1342740
36,Ohio,0,0,0,0,0,0,0,0,0,0,0,0,0,0,0,0,0,0,0,0,0,0,0,0,0,0,0,0,0,0,0,0,0,0,0,0,0,0,0,0,0,0,0,0,0,3,4,5,12,26,30,50,67,89,119,173,247,356,443,567,704,868,1137,1406,1653,1933,2199,2547,2901,3312,3739,4043,4453,4782,5148,5512,5878,6250,6604,6975,7285,7794,8414,9107,10222,11602,12919,13725,14117,14694,15169,15587,15972,16325,16769,17303,18027,18743,19335,19914,20474,20969,21576,22131,23016,23697,24081,24777,25250,25721,26357,26954,27474,27923,28454,28952,29436,30167,30794,31408,31911,32477,33006,33439,33915,34566,35033,35513,35984,36350,36792,37282,37758,38111,38476,38837,39162,39575,40004,40424,40851,41148,41576,42010,42422,43122,43731,44261,44808,45537,46127,46759,47651,48638,49455,50309,51046,51789,52865,54166,55257,56183,57150,57956,58904,60181,61331,62856,64214,65592,66853,67995,69311,70601,72280,73821,74932,76168,77215,78742,80186,81746,83184,84073,85177,86497,87893,89626,91159,92087,93031,93963,95106,96305,97471,98675,99969,100848,101731,102826,104248,105426,106557,107674,108287,109062,109910,110881,112003,113046,114165,114802,115651,116495,117584,118828,120124,121320,122260,123155,124606,125767,127112,128444,129785,130558,131336,131992,132965,134086,135326,136568,137405,138484,139485,140518,141585,142596,143547,144309,145165,145850,146753,147744,148894,150009,150809,151802,152907,153987,155314,156809,157966,158907,159964,161299,162723,164262,166102,167458,168749,170179,171626,173665,175843,177991,180225,181787,183624,185639,188005,190430,192948,195806,198115,200231,202740,205347,208937,212782,215697,219000,221909,226138,230209,235170,240178,245727,250268,254974,261482,267356,274457,282528,290243,298096,305364,312443,318828,326615,335423,343286,351419,363304,371840,382743,382743,399808,406703,414432,421063,430093,437928,446849,456963,467432,475024,484297,510018,520112,531850,542209,553461,562727,570602,579357,584766,596178,605862,614429,622806,629354,637032,644822,653650,653650,664668,670525,675044,682570,690748,700380,700380,714673,721481,727423,735003,742817,753068,762603,770977,777065,784957,792938,799639,807293,814442,821507,826754,831066,836049,842433,849704,853982,859841,864322,868656,872918,878284,883716,888590,892781,895792,899079,902736,906727,910847,914530,918079,920217,922143,925350,928631,931437,934742,937541,939350,941265,943291,945107,947389,949695,952306,953767,955378,958153,959995,962404,964380,966154,967422,968874,970583,972605,974480,976230,977736,978471,979725,981618,983486,984934,986740,988298,989191,990340,992223,993681,995785,997336,998819,999750,1001194,1002822,1004670,1006171,1008913,1010603,1011622,1013119,1015577,1017566,1020041,1021718,1024011,1024011,1026929,1028800,1030864,1033606,1035552,1037600,1039455,1041389,1043729,1045945,1048109,1050112,1052099,1053175,1054807,1056606,1058395,1060119,1061907,1063433,1064306,1065702,1067262,1068985,1070771,1072312,1074019,1075004,1075999,1077284,1078734,1080121,1081518,1082815,1083609,1084322,1085733,1087182,1088343,1089357,1090276,1090894,1091623,1092616,1093534,1094742,1095746,1096617,1097300,1097867,1098594,1099580,1100312,1100972,1101557,1101934,1101934,1102556,1102890,1103380,1104001,1104380,1104648,1104903,1105329,1105720,1106064,1106411,1106796,1107047,1107225,1107521,1107902,1108146,1108528,1108736,1108902,1109025,1109374,1109697,1110000,1110292,1110546,1110700,1110847,1111124,1111324,1111903,1112088,1112289,1112289,1112499,1112689,1113006,1113383,1113737,1114036,1114267,1114491,1114835,1115242,1115789,1116322,1116808,1117109,1117769,1118513,1119298,1120120,1120922,1121609,1122104,1122647,1123964,1125420,1126625,1127808,1129277,1130134,1131029,1132798,1134965,1136934,1138600,1140917,1142330,1143599,1145925,1149318,1152590,1155322,1157782,1159759,1161573,1164808,1168111,1171557,1175340,1178792,1180986,1183761,1187878,1192478,1197873,1202728,1207932,1211895,1214986,1220900,1228002,1235089,1241268,1247637,1253198,1257142,1262018,1268841,1276738,1285757,1294162,1298625,1304193,1311518,1319265,1327614,1336061,1342777,1347205,1352104,1358918,1365800,1373275,1380370,1385749,1390015,1393696,1400979,1407442,1413972,1420206,1426300,1429745,1433957,1439490,1445785,1452096,1458747,1461932,1467331,1470267,1474723,1480371,1485514,1490451,1494160,1496675,1499485,1503102,1507676,1511760,1515838,1519304,1521844,1524169,1527976,1531815,1536005,1539490,1542911,1545327,1547788,1551705,1556208,1560695,1565043,1567834,1572197,1575319,1580271,1585798,1590792,1596171,1600860,1604488,1608415,1614054,1620436,1627051,1633480,1639070,1642867,1647237,1653380,1660131,1660131,1669274,1673496,1677741,1683472,1690217,1699161,1708292,1717876,1725669,1731003,1735925,1743801,1752508,1761008,1768367,1776439,1781411,1787029,1796951,1807539,1819342,1829367,1839501,1847140,1855222,1867724,1880588,1896577,1910991,1910991,1931908,1940000,1955403,1975723,1995497,2016082,2016095,2053721,2072663,2093074,2112824,2132266,2151829,2170139,2189228,2207270,2226881,2246974,2266236,2307691,2357990,2384107,2403645,2418722,2439205,2460869,2480566,2496243,2506175,2515949,2520112,2540864,2552972,2562412,2571021,2576245,2580405,2586903,2595504,2601241,2605245,2608055,2610125,2612719,2617104,2621375,2625551,2628814,2630846,2632336,2633648,2635769,2638202,2640201,2642330,2643929,2644828,2645679,2647048,2648371,2649692,2651304,2652634,2653211,2653940,2654991,2656162,2657358,2658276,2659138,2659498,2659929,2660728,2661557,2662425,2663019,2663518,2663835,2663835,2663835,2663835,2666030,2666030,2666030,2666030,2666030,2666030,2666030,2669698,2669698,2669698,2669698,2669698,2669698,2669698,2672801,2672801,2672801,2672801,2672801,2672801,2672801,2676629,2676629,2676629,2676629,2676629,2676629,2676629,2681437,2681437,2681437,2681437,2681437,2681437,2681437,2688327,2688327,2688327,2688327,2688327,2688327,2688327,2697058,2697058,2697058,2697058,2697058,2697058,2697058,2708071,2708071,2708071,2708071,2708071,2708071,2708071,2724041,2724041,2724041,2724041,2724041,2724041,2724041,2743577,2743577,2743577,2743577,2743577,2743577,2743577,2763123,2763123,2763123,2763123,2763123,2763123,2763123,2780653,2780653,2780653,2780653,2780653,2780653,2780653,2798900,2798900,2798900,2798900,2798900,2798900,2798900,2815069,2815069,2815069,2815069,2815069,2815069,2815069,2831228,2831228,2831228,2831228,2831228,2831228,2831228,2848453,2848453,2848453,2848453,2848453,2848453,2848453,2867291,2867291,2867291,2867291,2867291,2867291,2867291,2891756
37,Michigan,0,0,0,0,0,0,0,0,0,0,0,0,0,0,0,0,0,0,0,0,0,0,0,0,0,0,0,0,0,0,0,0,0,0,0,0,0,0,0,0,0,0,0,0,0,0,2,3,24,36,45,76,90,159,314,471,625,1131,1454,1942,2468,3032,3848,4890,5753,6803,7951,9717,11230,13221,14735,16268,17820,19644,21076,22297,23279,24500,25183,26622,28042,29144,29966,31225,32031,32688,33324,34048,35404,36845,38330,38789,39540,40034,41166,42379,43478,44524,45424,46047,46348,46914,47738,48412,49170,49676,50086,50631,51263,51819,53167,53810,54315,54963,55855,56465,57322,57988,58543,59046,59395,59621,59974,60592,61116,61833,62225,62711,62928,63240,63657,63979,64821,64914,64969,65104,65167,65182,65449,65672,65836,66054,66085,66269,66497,66798,67097,67545,67711,67957,68197,68555,68989,69329,69679,69946,70223,70728,71089,71678,72175,72581,72941,73267,73900,74551,75063,75685,76370,76776,77198,77864,78913,79839,80593,81338,81868,82395,83059,83730,84431,85072,85622,86661,87173,87958,88974,89781,90574,91332,91758,92374,93175,93893,94656,95470,96191,96726,97306,98213,98689,99856,100724,101782,102259,102749,103402,104091,104618,104618,106044,106808,107686,108637,109480,110343,111136,111136,112526,113025,113820,114468,115242,116295,117191,117191,118403,118902,119872,120846,122251,123058,123058,124287,124976,125742,126722,127500,128087,128087,129662,130357,131259,132337,133377,134373,134373,135702,136820,138014,139012,139996,141271,141271,142726,143877,145092,146493,147816,149453,149453,151396,152862,154455,156913,159119,161105,161105,164123,165994,167872,170076,172122,175612,175612,179669,182344,185934,190043,193388,197406,197406,204326,207763,212160,218263,222509,229073,229073,238308,245252,251872,259183,268362,275792,275792,288954,296840,303058,311041,321181,329021,329021,340964,347746,352433,352433,369801,378152,378152,388942,395453,402886,410843,420268,426576,426576,436400,443076,448418,454720,460346,465159,465159,472780,478171,482815,487356,491875,496056,496056,501115,504629,508449,508449,508449,516326,516326,519876,523839,528621,528621,528621,538121,538121,543611,546642,551498,555747,559655,562553,562553,567682,570150,573278,576573,579574,581785,581785,585128,586673,589869,592382,594920,596746,596746,600093,602168,604233,606488,608627,610138,610138,612710,614143,615860,617745,619499,620685,620685,622813,623731,624970,626477,628012,628956,628956,630408,631532,632772,633973,635446,636269,636269,637928,639712,641270,642868,644125,645550,645550,647415,649057,650762,652589,654380,656072,656072,658355,659890,662572,665141,668085,670088,670088,673916,676494,680279,683398,687815,691070,691070,696838,701378,706550,712393,718455,723700,723700,732938,739244,746351,753449,759600,768892,768892,779974,786123,795492,804031,812865,820404,820404,830957,841234,850583,857774,867624,873700,873700,882871,889472,895445,900956,906596,911800,911800,918880,923464,928407,932604,936467,940175,940175,945732,948852,951899,956012,959379,961956,961956,964943,967611,970376,972746,974848,976339,976339,978915,980450,982400,983970,985229,986435,986435,987974,988947,990002,990638,991372,991941,991941,991941,992925,993422,993952,994506,994935,994935,995397,995759,996065,996427,996756,996986,996986,997375,997595,997816,997993,998149,998149,998149,998507,998641,998877,999052,999119,999119,999119,999471,999711,1000019,1000241,1000375,1000375,1000375,1000375,1000908,1000908,1000908,1001745,1001745,1001745,1001745,1002488,1002488,1002488,1003432,1003432,1003432,1003432,1004630,1004630,1004630,1006360,1006360,1006360,1006360,1008429,1008429,1008429,1011106,1011106,1011106,1011106,1014087,1014087,1014087,1018601,1018601,1018601,1021681,1021681,1025003,1025003,1028630,1028630,1028630,1032520,1032520,1035827,1035827,1040673,1040673,1040673,1044958,1044958,1050153,1050153,1054709,1054709,1054709,1060343,1060343,1065671,1065671,1070963,1070963,1070963,1070963,1077871,1081179,1081179,1088201,1088201,1088201,1095200,1095200,1102957,1102957,1109643,1109643,1109643,1117846,1117846,1125564,1125564,1132651,1132651,1132651,1141370,1141370,1150064,1150064,1159419,1159419,1159419,1169238,1169238,1178908,1178908,1189030,1189030,1189030,1198850,1198850,1209726,1209726,1219715,1219715,1219715,1229056,1229056,1237845,1237845,1247023,1247023,1247023,1255595,1255595,1265381,1265381,1275103,1275103,1275103,1285518,1285518,1297496,1297496,1309655,1309655,1309655,1319724,1319724,1329089,1329089,1346868,1346868,1346868,1370035,1370035,1387938,1387938,1408419,1408419,1408419,1427191,1427191,1447230,1447230,1447230,1447230,1447230,1475053,1475053,1494953,1494953,1517325,1517325,1517325,1535147,1535147,1553790,1553790,1567578,1567578,1567578,1585297,1585297,1599679,1599679,1614141,1614141,1614141,1629362,1629362,1645578,1645578,1645578,1645578,1645578,1681046,1681046,1710325,1710325,1710325,1710325,1710325,1775882,1775882,1808738,1808738,1855658,1855658,1855658,1904949,1904949,1940708,1940708,1984056,1984056,1984056,1984056,1984056,2082983,2082983,2124186,2124225,2124225,2168367,2168367,2203646,2203646,2235180,2235180,2235180,2258465,2258465,2283010,2283010,2295050,2295050,2295050,2306153,2306153,2316871,2316871,2324854,2324854,2324854,2331102,2331102,2337406,2337406,2343175,2343162,2343162,2343162,2343162,2350468,2350468,2357955,2357955,2357955,2360399,2360399,2363519,2363519,2365827,2365827,2365827,2367688,2367688,2369853,2369853,2371788,2371788,2371788,2373336,2373336,2375430,2375430,2378439,2378439,2378439,2380155,2380155,2382197,2382197,2384088,2384088,2384088,2385536,2385536,2387521,2387521,2389506,2389506,2389506,2389506,2389506,2393265,2393265,2393265,2393265,2393265,2393265,2393265,2400990,2400990,2400990,2400990,2400990,2400990,2400990,2411464,2411464,2411464,2411464,2411464,2411464,2411464,2425946,2425946,2425946,2425946,2425946,2425946,2425946,2444891,2444891,2444891,2444891,2444891,2444891,2444891,2472596,2472596,2472596,2472596,2472596,2472596,2472596,2501863,2501863,2501863,2501863,2501863,2501863,2501863,2527831,2527831,2527831,2527831,2527831,2527831,2527831,2547366,2547366,2547366,2547366,2547366,2547366,2547366,2565819,2565819,2565819,2565819,2565819,2565819,2565819,2581397,2581397,2581397,2581397,2581397,2581397,2581397,2592078,2592078,2592078,2592078,2592078,2592078,2606431,2606431,2606431,2606431,2606431,2606431,2606431,2619533,2619533,2619533,2619533,2619533,2619533,2619533,2636214,2636214,2636214
38,South Dakota,0,0,0,0,0,0,0,0,0,0,0,0,0,0,0,0,0,0,0,0,0,0,0,0,0,0,0,0,0,0,0,0,0,0,0,0,0,0,0,0,0,0,0,0,0,0,8,7,8,8,8,10,11,11,14,14,14,21,28,30,41,46,58,68,90,101,108,129,165,187,212,240,288,320,393,447,536,626,730,868,988,1168,1311,1411,1542,1635,1685,1755,1858,1956,2040,2147,2212,2244,2313,2373,2449,2525,2588,2631,2668,2721,2780,2906,3145,3393,3517,3614,3663,3732,3792,3887,3959,3987,4027,4085,4177,4177,4356,4464,4563,4586,4653,4710,4793,4866,4960,4993,5034,5067,5162,5247,5277,5367,5438,5471,5523,5604,5665,5742,5833,5898,5928,5966,6050,6109,6158,6225,6297,6326,6353,6419,6479,6535,6626,6681,6716,6764,6826,6893,6978,7028,7063,7105,7163,7242,7336,7401,7454,7499,7524,7572,7652,7694,7789,7862,7906,7943,8019,8077,8143,8200,8305,8395,8444,8492,8641,8685,8764,8867,8955,9020,9079,9168,9273,9371,9477,9605,9663,9713,9815,9897,10024,10118,10274,10360,10441,10566,10691,10884,11135,11276,11425,11505,11571,12194,12517,12942,13322,13509,13749,14003,14337,14596,14889,15109,15300,15403,15571,15834,16117,16437,16638,16801,16994,17291,17686,18075,18444,18696,18869,19189,19634,20097,20554,21133,21541,21738,21997,22389,23136,23522,23986,24418,24598,24876,25906,26441,27215,27947,28564,28925,29339,30215,31012,31805,32611,33269,33836,34457,35044,36017,37202,38141,39203,39741,40730,42000,43000,44559,45992,47324,47850,48854,49791,51151,52639,53976,55404,56311,57334,58696,60716,62327,64182,65381,66278,67284,68671,69742,71070,72214,73065,73848,74859,76142,76142,78280,79099,79900,80464,80912,82203,83348,84398,85304,85991,86500,87038,88023,88727,89672,90407,91038,91354,91699,92603,93197,93772,94336,94727,95074,95509,96040,96546,96546,96963,97390,97657,98158,98720,99164,99164,99829,100532,100643,101076,101684,102132,102580,102901,103318,103499,103743,104195,104512,104937,105278,105544,105659,105786,106063,106400,106716,106963,107148,107180,107380,107608,107795,107955,108070,108250,108315,108431,108639,108813,108944,109132,109229,109283,109405,109580,109859,110068,110205,110315,110376,110593,110685,110871,111018,111165,111304,111334,111546,111808,111964,112107,112293,112427,112470,112652,112833,113065,113229,113378,113589,113596,113753,113962,114163,114347,114493,114623,114649,114791,114966,115203,115518,115723,115867,115972,116100,116370,116624,116833,117081,117244,117336,117495,117759,117989,118186,118361,118361,118517,118680,118975,119197,119467,119705,119705,119892,120154,120379,120613,120856,121056,121056,121189,121360,121517,121651,121850,121986,121986,122080,122228,122398,122532,122660,122660,122660,122745,122974,123073,123157,123233,123233,123233,123310,123435,123518,123599,123644,123644,123644,123686,123784,123822,123877,123911,123911,123911,123942,124023,124071,124105,124162,124162,124162,124191,124191,124227,124242,124261,124261,124261,124273,124302,124314,124335,124343,124343,124360,124356,124377,124382,124393,124393,124393,124393,124411,124446,124471,124482,124496,124496,124496,124515,124526,124546,124570,124592,124592,124592,124592,124592,124652,124652,124652,124652,124652,124652,124652,124750,124764,124764,124764,124764,124764,124764,124960,124960,124960,124960,124960,124960,124960,125225,125225,125225,125225,125225,125225,125225,125599,125599,125599,125599,125599,125599,125599,126458,126611,126749,126749,126749,126927,127322,127698,127993,128297,128297,128297,128626,129411,129866,130337,130776,130776,130776,131239,132259,132837,133372,133855,133855,133855,133855,134308,135538,136157,136772,136772,136772,137300,138292,138860,139412,139956,139956,139956,140402,141141,141745,142330,142800,142800,142800,143183,143995,144546,145018,145474,145474,145474,145839,146594,146995,147469,147820,147820,147820,147820,148249,149337,149678,149996,149996,149996,149996,149996,151554,151971,152308,152308,152308,152603,153321,153774,154086,154482,154482,154482,154885,155603,156123,156564,156995,156995,156995,157396,158267,158822,158822,159343,159343,159343,160088,160992,161474,161960,162375,162375,162375,162790,163721,164292,164292,164292,164292,164292,164867,166208,167144,167759,168271,168271,168271,168763,169789,170416,170800,171248,171248,171248,171583,172300,172744,173257,173655,173655,173655,174021,174783,175249,175677,175677,175677,175677,176186,177451,178395,179204,179204,179204,179204,179983,183030,185284,187467,189411,189411,189411,191094,195204,197912,200496,203137,203137,203137,203137,203137,211885,214473,216656,216656,216656,218543,221372,222880,224238,225383,225383,225383,226413,228169,228938,229671,230240,230240,230240,230834,231379,232046,232046,232725,232725,232725,233008,233441,233692,234084,234961,234961,234961,234961,235116,235541,235654,235787,235787,235787,235882,236056,236132,236221,236276,236276,236276,236351,236432,236503,236552,236602,236602,236602,236648,236715,236750,236797,236845,236845,236845,236845,236845,236955,236955,236955,236955,236955,236955,236955,237109,237109,237109,237109,237109,237109,237109,237246,237246,237246,237246,237246,237246,237246,237370,237370,237370,237370,237370,237370,237370,237535,237535,237535,237535,237535,237535,237535,237812,237812,237812,237812,237812,237812,237812,238185,238185,238185,238185,238185,238185,238185,238635,238635,238635,238635,238635,238635,238635,239110,239110,239110,239110,239110,239110,239110,239704,239704,239704,239704,239704,239704,239704,240357,240357,240357,240357,240357,240357,240357,241326,241326,241326,241326,241326,241326,241326,242298,242298,242298,242298,242298,242298,242298,243269,243269,243269,243269,243269,243269,243269,244523,244523,244523,244523,244523,244523,244523,245705,245705,245705,245705,245705,245705,245705,247274,247274
39,Arkansas,0,0,0,0,0,0,0,0,0,0,0,0,0,0,0,0,0,0,0,0,0,0,0,0,0,0,0,0,0,0,0,0,0,0,0,0,0,0,0,0,0,0,0,0,0,0,0,0,9,12,3,3,3,4,62,100,122,165,192,219,280,335,381,409,426,473,523,584,643,704,743,837,875,946,1000,1119,1171,1228,1280,1410,1498,1569,1620,1695,1744,1781,1973,1990,2276,2599,2810,2911,3001,3069,3127,3193,3281,3337,3372,3437,3491,3525,3611,3703,3747,3747,4012,4043,4164,4236,4366,4463,4578,4759,4813,4923,5003,5458,5612,5775,5922,6029,6180,6277,6538,6777,7013,7253,7443,7818,8067,8425,8651,9101,9426,9740,10080,10368,10816,11547,12095,12501,12917,13191,13606,13928,14631,15142,15561,16083,16678,17375,18062,18740,19310,19818,20257,20777,21197,22075,22622,23209,23814,24253,24512,25246,26052,26803,27864,28367,28939,29812,30297,31114,31762,32533,33228,33927,34655,35246,36259,37249,37981,38623,39447,40181,40968,41759,42511,43173,43810,44597,45381,46293,47028,48039,48811,49383,50028,50411,51096,51766,52392,51992,52665,53077,53487,54216,54765,55652,56199,56574,56894,57374,58023,58745,59583,60378,60856,61224,61497,62112,63081,64175,64690,65377,65727,66021,66406,66804,67911,69710,70219,70627,71497,72219,73211,74082,75160,75723,76364,76981,77963,79049,79946,80755,81242,82049,82755,83697,84821,85779,86525,87013,87430,88071,88880,90145,91312,92220,92833,93487,94167,95246,96524,97539,98422,99066,99597,100441,101596,102798,104135,105318,106115,106727,107679,108640,109712,110874,112190,113057,113641,114519,115812,117360,119230,120828,121866,122811,124235,126197,128006,130318,132166,133040,134348,135902,137617,139855,141916,143821,145173,146190,148312,150277,152625,153677,155026,156247,157359,159309,161521,164310,167137,169382,170924,172042,174325,176652,178854,181624,184252,185702,187057,189198,191504,194543,197421,200114,201650,203107,205048,207941,211145,213267,213969,214877,216528,219246,222430,225138,229442,231442,233475,234781,238888,242593,245916,248860,251746,255076,256344,259553,262020,264511,267635,270178,271154,272263,273594,276114,279220,281382,282995,284066,284702,287187,288964,290856,292563,294387,295268,296494,298004,300430,302899,304723,306064,306736,307373,308848,309940,311043,311608,312562,313028,313348,313525,314192,314445,314713,315230,315514,315759,316593,317396,318122,318638,319195,322415,322509,322949,323353,323756,324326,324653,324818,324951,325383,325700,326040,326499,326813,326943,327060,327456,327781,328045,328273,328547,328655,328707,328946,329177,329511,329695,329860,329929,330008,330186,330398,330609,330753,330970,331054,331098,331261,331505,331704,331882,332053,332153,332222,332446,332666,332949,333186,333407,333452,333511,333709,334061,334222,334458,334642,334706,334769,334998,335289,335529,335725,335968,336105,336166,336462,336760,336948,337170,337415,337510,337586,337819,338043,338235,338485,338687,338782,338849,339162,339406,339662,339863,340040,340137,340186,340515,340698,340916,341130,341290,341351,341381,341450,341692,341889,342142,342345,342433,342495,342726,342927,343216,343609,343873,343964,344067,344369,344657,344945,345221,345472,345605,345695,346180,346569,346952,347254,347254,347254,348220,348699,349385,350085,350579,350579,350579,351825,352095,353095,354305,355460,355460,355460,357473,358949,360258,361238,362580,362580,362580,365132,367007,368466,370326,372313,374328,375350,375971,378023,379726,382569,385113,386452,388436,389280,391623,394461,397238,400275,402908,404277,405272,407892,410832,413150,416173,418290,419807,420663,422866,425551,429100,431507,434027,435256,436242,438465,441246,443564,446430,448596,449383,450265,452891,455781,458234,460363,462723,463795,464732,465315,467496,469977,472136,473885,475001,475647,477191,479110,480934,482743,484317,485056,485452,486853,488316,489856,491221,492233,492650,493120,493920,495073,496077,496934,497576,498062,498257,499004,499886,500779,501518,502405,502806,503089,503822,504516,505297,506011,506573,506956,507098,507759,508431,508937,509559,509999,510245,510406,510908,511467,511984,512530,512994,513215,513352,513993,514539,514967,515524,515979,516245,516386,517000,517675,518348,518863,519453,519760,519911,520725,521553,522460,523192,523866,524170,524440,525130,525824,526403,526706,527213,527587,527794,528838,529768,530994,532168,532973,533356,533658,534590,535450,536368,537461,538208,538426,538701,539483,540510,541315,542426,543242,543648,544082,545037,545934,547248,548967,549991,550413,551394,553808,557551,562529,566486,570641,572822,574572,581134,588622,596409,604843,613014,613014,622069,629825,640799,653789,664194,675790,681176,684776,687989,702483,713643,726716,734834,738638,741881,749824,756385,762401,768061,768061,768061,776759,781396,786010,790223,791730,793361,794342,795071,798036,800373,802198,804145,806076,806877,807711,809396,810520,811669,812948,813925,814728,815299,816168,817227,817798,818121,818931,819426,819984,820677,821236,821717,822202,822900,823210,823532,823926,824469,824988,825653,826201,826570,826913,827336,827709,828166,828889,830020,830310,831091,831698,831947,832205,832394,832515,832553,832574,832718,832815,832922,833029,833090,833128,833163,833265,833380,833485,833595,833655,833685,833718,833821,833948,834037,834112,834200,834231,834256,834361,834553,834699,834864,834946,834995,835035,835247,835408,835598,835737,835857,835916,835983,836117,836343,836622,836829,837030,837154,837216,837475,837719,837977,838251,838470,838610,838684,838971,839433,839836,840151,840444,840590,840678,841119,841675,842048,842439,842815,843065,843153,843362,843828,844463,845175,845647,845946,846119,846924,847811,848474,849144,849754,850203,850535,851275,852229,853229,854009,854717,855292,855543,856307,857119,858553,859615,860503,861010,861403,862823,864155,865592,866816,868219,868384,868770,869072,871467,873261,875200,876650,877380,878058,879614,881424,883331
40,Delaware,0,0,0,0,0,0,0,0,0,0,0,0,0,0,0,0,0,0,0,0,0,0,0,0,0,0,0,0,0,0,0,0,0,0,0,0,0,0,0,0,0,0,0,0,0,0,1,1,4,6,6,8,16,19,30,39,45,56,68,104,119,130,163,214,232,264,319,368,393,450,593,673,783,928,1116,1209,1326,1479,1625,1758,1926,2014,2070,2317,2538,2538,2745,2931,3200,3308,3442,3576,4034,4162,4575,4655,4734,4918,5038,5208,5288,5371,5778,5939,6111,6277,6277,6565,6741,6952,7223,7373,7547,7670,7869,8037,8194,8386,8529,8529,8809,8965,9066,9096,9171,9236,9422,9498,9605,9685,9712,9746,9773,9845,9942,9972,10020,10056,10106,10173,10229,10264,10340,10403,10444,10499,10611,10681,10775,10820,10847,10889,10980,11017,11091,11226,11376,11474,11510,11731,11923,11996,12128,12293,12414,12462,12531,12652,12743,12804,12879,12969,13050,13114,13337,13429,13519,13624,13746,13792,13924,14202,14175,14290,14406,14476,14602,14689,14788,14877,14949,15055,15137,15296,15365,15445,15502,15575,15634,15699,15765,15967,16340,16396,16451,16536,16593,16643,16718,16770,16828,16895,16942,16962,16986,16976,17083,17349,17343,17429,17535,17549,17653,17752,17892,18043,18249,18308,18308,18466,18559,18726,18849,18937,19137,19234,19318,19366,19449,19566,19667,19761,19830,19947,20085,20156,20260,20389,20531,20613,20787,20937,21125,21243,21363,21466,21550,21682,21827,21998,22130,22289,22394,22465,22560,22724,22942,23093,23196,23325,23375,23528,23687,23847,23961,24168,24249,24392,24553,24751,24951,25126,25311,25426,25534,25753,26035,26258,26603,26908,27112,27342,27546,28016,28395,28803,29200,29552,29755,30153,30816,31321,31808,32211,32664,32995,33579,34170,34670,35251,35654,36343,36698,37456,38398,39096,39912,40711,41464,42393,43036,43818,44876,45460,46457,47142,47929,48768,49109,50136,50616,51056,51623,52235,53015,53653,54473,55057,55488,56189,56596,57456,58064,58873,59484,60333,61100,61729,62949,63503,64475,65273,65827,66446,67173,68065,68727,69372,70294,70910,71311,71775,72523,73233,73915,74575,75191,75490,75832,76495,76935,77551,78071,78495,78696,78982,79225,79546,79832,80594,80931,81210,81461,81875,82263,82672,83003,83239,83369,83581,83852,84181,84531,84732,85090,85228,85506,85801,86098,86517,86799,87080,87193,87425,87643,87874,88139,88354,88563,88679,88891,89680,89911,90156,90381,90614,90751,91123,91425,91635,91942,92287,92429,92609,92819,93038,93325,93701,94062,94402,94573,94802,95188,95590,96077,96376,96577,96806,97042,97404,97784,98203,98570,98925,99135,99515,99915,100322,100777,101158,101547,101707,101993,102267,102593,102927,103222,103459,103603,103844,104038,104405,104621,104909,105067,105204,105401,105572,105775,105948,106148,106252,106341,106455,106580,106715,106873,107007,107089,107175,107928,108031,108166,108280,108365,108409,108409,108532,108607,108681,108770,108821,108866,108894,108911,108957,109005,109070,109126,109167,109188,109225,109258,109296,109322,109358,109379,109421,109418,109470,109501,109528,109548,109564,109577,109599,109620,109636,109657,109682,109700,109712,109744,109770,109820,109846,109875,109891,109900,109900,109931,109986,110019,110074,110093,110112,110182,110231,110270,110339,110387,110423,110457,110502,110573,110638,110729,110797,110862,110943,111016,111129,111275,111407,111563,111681,111762,111884,112070,112298,112558,112772,112967,113090,113251,113582,113853,114187,114486,114770,114912,115236,115665,116073,116461,116771,117051,117246,117587,118016,118544,118926,119226,119620,119852,120180,120727,121283,121744,122111,122370,122718,122956,123308,123958,124575,125105,125549,125798,126050,126604,127222,127803,128253,128692,128964,129231,129874,130444,131043,131424,131848,132138,132432,132963,133599,134217,134619,134984,135267,135695,136166,136682,137288,137599,137958,138123,138444,138938,139380,139874,139874,140462,140651,140944,141323,141717,142058,142354,142600,142707,142969,143281,143563,143950,144198,144397,144473,144755,145056,145330,145612,145903,146139,146207,146484,146800,147233,147533,147875,148149,148293,148674,149096,149566,150046,150385,150625,150876,151164,151655,152165,152407,152670,152904,153190,153762,154413,155149,155922,156454,156454,157175,157751,158600,159399,160124,160768,161359,161650,162331,163021,164092,164923,165621,166292,166820,167493,168631,170009,171563,172827,173258,173824,174909,176863,180366,183880,186996,189382,191649,192968,195600,198507,202236,205640,208340,210437,213993,218486,221811,225094,227594,229759,230876,232132,233843,236022,238501,240179,241367,242324,243202,244730,246037,246959,247638,248111,248447,248910,249716,250311,250756,251192,251467,251669,252068,252567,253010,253292,253534,253748,253881,254083,254441,254719,254946,255096,255210,255287,255385,256207,256337,256447,256551,256621,256656,256753,256895,257065,257181,257270,257325,257367,257438,257848,258024,258024,258185,258226,258287,258347,258428,258513,258595,258671,258709,258737,258803,259003,259185,259185,259374,259405,259453,259539,259647,259746,259848,259927,259977,260024,260119,260291,259008,259118,259259,259346,259419,259570,259796,260041,260041,260041,260476,260566,260735,260918,261118,261399,261399,261660,261762,261958,262211,262461,262461,262461,263164,263269,263479,263963,264376,264376,264376,265472,265707,265707,266673,267265,267265,267265,268945,269198,269818,270491,271294,271294,271294,272907,273207,273722,274286,274899,274899,274899,276454,276639,276771,277187,277666,277666,277666,278609,278877,278877,278877,280252,280252,280252,280252,280252,281347,281624,281986,281986,281986,282743,282909,283017,283370,283632,283632,283632,284334,284461,284733,285046,285403,285403,285403,286089,286227,286412,286737,287078,287078,287078,288092,288279,288583,288583
41,Mississippi,0,0,0,0,0,0,0,0,0,0,0,0,0,0,0,0,0,0,0,0,0,0,0,0,0,0,0,0,0,0,0,0,0,0,0,0,0,0,0,0,0,0,0,0,0,0,0,1,6,6,6,12,21,34,50,80,140,207,249,320,377,485,579,663,759,847,937,1073,1177,1358,1455,1638,1738,1915,2003,2260,2469,2642,2781,2942,3087,3360,3624,3793,3974,4274,4512,4716,4894,5153,5434,5718,5911,6094,6342,6569,6815,7212,7441,7550,7877,8207,8424,8686,9090,9378,9501,9674,9908,10090,10483,10801,11123,11296,11432,11704,11967,12222,12625,13005,13260,13458,13731,14044,14372,14793,15229,15523,15752,16041,16322,16560,16769,17039,17270,17768,18123,18483,18483,19091,19348,19516,19799,20152,20641,20641,20641,20641,20641,22329,22898,23424,24516,25066,25531,25892,26567,27247,27900,28770,29684,30674,30900,31257,32214,32888,33591,34622,35419,36287,36680,37542,38567,39797,40829,41846,42638,43889,45524,47071,48053,49585,50981,52154,52781,54085,55804,57579,58747,59881,60553,61125,62199,63444,64400,65436,66646,67173,67649,68293,69374,69986,70930,71755,72136,72412,73207,74555,75449,76323,77268,77894,78405,79206,80110,80695,81294,82029,82676,82950,83584,84365,85116,85939,86478,86888,87130,87379,87805,88322,89175,89620,89874,90018,90523,91234,91935,92432,93087,93364,93556,94021,94573,95310,96032,96677,96859,97049,97638,98190,98886,99558,100167,100488,100703,101678,102241,102819,103681,104638,104932,105228,105941,106817,108139,109255,110006,110006,110592,111322,112123,113081,113876,115088,115088,115763,116617,117617,118587,119336,120160,120500,120865,121509,122275,123887,124854,125885,126689,127205,128138,129394,130665,131970,133340,134309,134898,135803,137396,138791,140429,142401,143180,143879,144544,145636,147382,148387,149940,151785,153270,154411,156868,159036,161516,163458,164931,166194,167926,170672,172955,175282,177947,179447,181095,183300,185643,187904,190411,192111,194333,195500,197691,200325,202651,204178,205023,206388,208089,210032,213055,215811,218386,220277,222061,223677,225444,228235,228235,233665,236868,239082,240309,241957,243899,245847,248189,250869,252475,253932,255125,256827,259117,261167,263023,264219,265146,266598,268672,270476,272662,274190,275001,275706,276531,277322,278532,279742,280778,281678,282313,282969,283753,284664,285648,286343,287436,287980,288714,289398,289532,289892,290242,290632,290874,291222,291891,292811,293542,294091,294795,294994,295295,295675,296154,296745,297321,297581,297651,298008,298445,299124,299887,300577,300780,300881,301250,301602,301924,302316,302677,302837,302932,303238,303625,303942,304210,304420,304616,304695,304858,305146,305417,305701,305991,306088,306158,306341,306611,306851,307094,307332,307449,307519,307836,308111,308521,308737,309029,309186,309223,309585,309818,310137,310349,310349,310349,310987,311159,311493,311654,311900,311900,311900,312400,312608,312712,312926,313166,313166,313166,313675,313942,314147,314509,314710,314710,314710,315026,315634,315891,316167,316272,316272,316272,316754,316911,317065,317276,317407,317407,317407,317713,317755,317856,318048,318189,318189,318189,318521,318578,318685,318879,319115,319115,319115,319381,319428,319511,319704,319948,319948,319948,320107,320174,320292,320594,320837,320837,320837,321138,321408,321764,321944,322186,322186,322186,322186,322835,323214,323641,324057,324057,324057,324853,325072,325713,326270,326804,326804,326804,329130,329703,330664,331863,333180,333180,333180,336788,338079,339954,341862,343505,343505,343505,348496,350070,352891,356055,358149,358149,358149,365061,368549,371712,376124,381147,381147,381147,388986,392309,396394,401201,406249,406249,406249,413498,416789,420174,423599,427640,427640,427640,435611,436722,439661,443511,446863,446863,446863,452644,453348,455282,458420,460312,460312,460312,464075,466145,468498,471092,473413,473413,473413,476100,477769,479326,481397,482902,482902,482902,484675,486195,487293,488394,489216,489216,489216,490777,491724,492558,493670,494271,494271,494271,495312,496132,496851,497379,497790,497790,497790,498560,499838,500286,500709,501097,501097,501097,501652,503322,503666,504009,504318,504318,504318,504811,505266,505661,506042,506556,506556,506556,507116,507476,507775,507775,508469,508469,508469,509275,509717,509942,510322,510748,510748,510748,511935,512200,512632,512632,512632,512632,512632,513622,514171,514639,515208,515504,515504,515504,516486,517138,517925,518670,519115,519115,519115,519851,520259,520834,521544,522455,522455,522455,523889,524629,525502,525502,525502,525502,525502,532560,535258,538852,543737,543737,543737,543737,561262,566102,572694,579773,586547,586547,586547,586547,608768,616972,625328,634628,634628,634628,634628,657084,665544,673873,681382,681382,681382,694093,699002,705598,712133,717666,717666,717666,727418,731667,737607,744023,751862,751862,751862,768457,770522,772844,774505,776717,776717,776717,781436,782689,783751,784338,785528,785528,785528,785528,787396,787938,788479,789056,789056,789056,789940,790168,790616,790986,791208,791208,791208,791817,791966,792129,792289,792560,792560,792560,792950,793103,793201,793278,793390,793390,793390,793635,793741,793870,793960,794093,794093,794093,794225,794292,794427,794558,794721,794721,794721,795164,795298,795408,795613,795824,795824,795824,795824,796023,796139,796262,796348,796348,796348,796496,796546,796645,796740,796840,796840,796840,796840,797161,797249,797413,797575,797575,797575,797922,798065,798283,798467,798721,798721,798721,799608,799875,800241,800826,801527,801527,801527,802482,802794,803311,803763,804123,804123,804123,805040,805295,805800,806305,806838,806838,806838,806838,808338,808888,809810,810484,810484,810484,811833,812502,813350,814154,814979,814979,814979,816572,817450,818550,819503,820659,820659,820659,820659,824121,825440,827012,828389,828389,828389,831066,832212,832212,835120,836757,836757,836757,836757,839997,841347,843191,845205,845205,845205,848886,850618,852423,854450
42,New Mexico,0,0,0,0,0,0,0,0,0,0,0,0,0,0,0,0,0,0,0,0,0,0,0,0,0,0,0,0,0,0,0,0,0,0,0,0,0,0,0,0,0,0,0,0,0,0,3,5,10,13,13,21,23,28,35,42,55,57,83,100,113,113,136,208,237,237,315,327,373,490,506,624,686,794,821,865,1081,1091,1245,1262,1345,1484,1484,1597,1798,1845,1971,1971,2210,2379,2521,2660,2726,2825,2974,3213,3411,3513,3732,3850,4031,4138,4291,4493,4673,4778,4863,5069,5212,5364,5503,5662,5847,5938,6096,6192,6317,6472,6625,6625,6943,7026,7130,7252,7364,7493,7624,7689,7800,8024,8140,8353,8672,8800,8940,9062,9105,9250,9367,9526,9621,9723,9845,9933,10065,10153,10260,10430,10565,10694,10838,10990,11192,11408,11619,11809,11982,12147,12276,12520,12776,13063,13256,13507,13727,14017,14251,14549,14773,15028,15291,15514,15841,16138,16456,16736,16971,17215,17517,17828,18163,18475,18788,19042,19502,19791,20136,20388,20600,20796,21016,21130,21340,21566,21773,21965,22115,22315,22444,22643,22816,22987,23160,23302,23408,23500,23579,23749,23951,24095,24302,24396,24542,24606,24732,24920,25042,25178,25283,25352,25460,25612,25812,25902,26048,26107,26144,26181,26268,26429,26563,26661,26761,26842,26923,27041,27199,27350,27512,27579,27683,27790,27987,28224,28487,28692,28844,28985,29157,29435,29661,30000,30296,30477,30632,30947,31372,31756,32241,32722,32983,33362,33713,34290,34958,35770,36343,36788,37302,37896,38715,39377,40168,41040,41863,42586,43169,43826,44904,45909,46490,47232,48104,49240,50251,51110,52394,53671,54881,56289,57547,59034,60776,62006,63171,64201,65454,67559,70451,74116,77098,79440,81896,84148,86247,88102,89796,91852,93982,95417,97095,99419,100963,102862,104935,106856,108088,109947,109947,112950,114731,116565,118358,119800,121299,122557,124357,126045,127500,128930,129993,130808,132075,133242,135166,136622,137226,137968,138659,139875,141186,142864,144142,145379,146394,147315,148499,149984,151819,153456,154954,156157,157087,157974,159119,160543,161805,162893,163637,164263,164954,165835,166823,167731,168579,169205,169696,170296,171047,171719,172798,173539,174064,174550,174982,175652,176211,176793,177214,177556,177867,178280,178790,179323,179724,180289,180571,180761,181060,181332,181739,182050,182475,182789,183023,183335,183781,184080,184736,184888,185132,185297,185542,185898,186156,186460,186742,186922,187040,187238,187487,187720,187984,188167,188311,188488,188664,188907,189158,189374,189560,189731,189893,190064,190275,190491,190716,190887,191048,191230,191377,191652,191945,192152,192152,192152,192595,192773,192989,193247,193368,193368,193368,193987,194164,194378,194605,194868,194868,194868,195478,195615,195783,195990,196221,196221,196221,196844,196997,197218,197447,197733,197733,197733,198372,198576,198781,199054,199333,199333,199333,199901,200037,200232,200432,200650,200650,200650,201186,201336,201489,201695,201868,201868,201868,202186,202405,202570,202698,202821,202821,202821,202821,203151,203222,203330,203472,203472,203472,203686,203747,203823,203919,204044,204044,204044,204271,204392,204472,204577,204698,204698,204698,204961,205058,205134,205215,205290,205290,205290,205438,205484,205542,205629,205715,205715,205715,205715,205915,205996,206128,206252,206252,206252,206551,206666,206846,207002,207189,207189,207189,207566,207701,207972,208243,208487,208487,208487,209118,209356,209684,210085,210416,210416,210416,211492,211970,212577,213247,213793,213793,213793,215098,215781,216494,217773,218569,218569,218569,220340,221086,221960,222927,223796,223796,223796,225994,226868,227636,228558,229509,229509,229509,231785,232614,233487,234475,235390,235390,235390,235390,237889,238430,239006,239886,239886,239886,241663,242399,243085,243962,244720,244720,244720,246229,246639,247353,248075,248788,248788,248788,250774,251384,252017,253024,253815,253815,253815,255577,256116,256947,257970,258943,258943,258943,258943,261370,262078,262954,263755,263755,263755,265632,266148,266777,267909,268891,268891,268891,271212,271898,272855,274155,275209,275209,275209,277835,278509,279670,281282,282742,282742,282742,286086,287221,288557,288557,292078,292078,292078,295767,296790,298313,300101,301937,301937,301937,305579,306743,308091,308091,308091,308091,308091,313139,314264,316089,318135,320520,320520,320520,324311,325272,326713,328332,329778,329778,329778,332238,332975,334324,334324,336790,336790,336790,339894,340604,341509,342649,342649,342649,342649,345663,346461,347831,350043,350043,350043,350043,357480,359116,361629,364861,369113,369113,369113,378363,381295,388125,393736,398939,398939,398939,398939,420192,425920,431887,437927,437934,437934,452616,455947,460062,465244,470513,470513,470513,480087,481852,484454,487604,489701,489701,489701,494368,495769,497570,499392,500516,500516,500516,503623,504287,505359,506348,507323,507323,507323,508863,509178,509710,510330,510783,510783,510783,511434,512120,512550,512938,513311,513311,513311,513994,514170,514511,514901,515164,515164,515164,515531,515625,515818,516026,516171,516171,516171,516512,516628,516858,517060,517206,517206,517206,517521,517608,517742,517858,517951,517951,517951,518470,518557,518705,518820,518941,518941,518941,519262,519342,519510,519681,519833,519833,519833,520288,520402,520591,520828,521018,521018,521018,521432,521583,521823,522094,522329,522329,522329,522857,523023,523268,523621,523940,523940,523940,524644,524895,525249,525751,526137,526137,526137,527161,527534,528146,528699,529336,529336,529336,530772,531309,532240,533074,533867,533867,533867,533867,536017,536571,537552,538629,538629,538629,540931,541646,542746,543882,544867,544867,544867,547351,548119,549246,550337,551614,551614,551614,551614,554671,555592,557008,558259,558259,558259,560929,561665,562791,563848,564678,564678,564678,564678,567816,568434,569619,570866,570866,570866,573339,574117,575279,575862
43,North Dakota,0,0,0,0,0,0,0,0,0,0,0,0,0,0,0,0,0,0,0,0,0,0,0,0,0,0,0,0,0,0,0,0,0,0,0,0,0,0,0,0,0,0,0,0,0,0,0,1,1,1,1,1,3,6,19,26,28,28,30,36,45,51,68,94,98,109,122,159,173,186,207,225,237,251,269,278,293,308,331,341,364,392,438,528,584,626,644,677,709,747,803,867,942,991,1033,1067,1107,1153,1191,1225,1265,1321,1370,1423,1463,1489,1515,1567,1640,1707,1758,1845,1896,1927,1987,2068,2168,2238,2288,2342,2382,2425,2442,2483,2523,2557,2580,2627,2649,2682,2708,2748,2819,2863,2882,2904,2944,2982,3018,3060,3082,3104,3127,3166,3195,3227,3252,3289,3314,3321,3362,3394,3422,3459,3494,3540,3578,3617,3660,3723,3780,3816,3849,3900,3973,4072,4156,4244,4334,4436,4490,4561,4664,4787,4902,5014,5120,5201,5361,5485,5605,5726,5866,5977,6128,6217,6289,6456,6588,6644,6771,6920,7042,7164,7312,7491,7582,7699,7868,7955,8155,8307,8429,8570,8629,8762,8949,9223,9454,9710,9847,9971,10204,10438,10770,11077,11449,11670,11784,11975,12239,12598,12936,13291,13589,13758,13832,14068,14402,14643,15108,15537,15789,16015,16280,16672,17176,17551,17903,18187,18450,18921,19387,19815,20312,20652,20910,21329,21773,22140,22605,23046,23456,23762,24263,24752,25274,25916,26512,27147,27619,28109,28772,29467,30346,31114,31825,32480,33530,34051,35095,35989,36952,37800,38329,39228,40044,41269,42642,44097,45247,46215,47425,48595,50159,51962,53606,54721,55871,56815,57909,59727,61212,63526,64472,65553,66662,67995,69441,70851,72398,73566,74258,75318,76487,77482,78220,79000,79706,80291,80751,81292,82307,83182,83780,84262,84637,85216,85679,86236,86735,87100,87367,87558,87884,88171,88526,89014,89233,89464,89539,89863,90121,90344,90613,90728,90824,90913,91199,91541,91829,92090,92214,92376,92559,92801,93096,93415,93684,93863,93951,94072,94318,94538,94777,95006,95131,95282,95351,95487,95642,95789,95973,96136,96231,96285,96415,96573,96717,96869,96972,97038,97081,97213,97351,97504,97595,97674,97720,97754,97852,97996,98132,98246,98337,98384,98431,98564,98686,98819,98935,99017,99062,99097,99200,99317,99405,99494,99561,99592,99636,99739,99849,99967,100062,100142,100175,100202,100301,100405,100515,100639,100736,100770,100795,100943,101073,101189,101304,101391,101437,101487,101652,101793,101992,102173,102333,102382,102437,102681,102892,103098,103260,103381,103438,103512,103768,103962,104163,104284,104495,104543,104606,104835,105009,105176,105354,105493,105549,105598,105837,106013,106179,106332,106450,106500,106604,106794,106947,107093,107266,107430,107500,107555,107704,107875,108012,108133,108233,108273,108318,108443,108553,108669,108762,108846,108893,108924,109023,109142,109221,109289,109358,109384,109414,109493,109562,109601,109650,109696,109717,109725,109743,109827,109881,109933,109960,109981,109997,110036,110081,110133,110167,110205,110213,110221,110253,110273,110300,110325,110341,110348,110353,110382,110397,110412,110431,110445,110451,110456,110469,110495,110508,110517,110523,110525,110534,110540,110569,110598,110613,110639,110649,110651,110693,110721,110749,110768,110793,110802,110813,110858,110884,110919,110962,111006,111031,111058,111123,111204,111278,111362,111438,111469,111495,111634,111729,111845,111964,112080,112132,112190,112353,112525,112669,112845,113006,113115,113189,113455,113705,113950,114241,114458,114577,114682,115075,115437,115793,116079,116436,116607,116752,117267,117726,118254,118695,119147,119321,119458,119731,120366,120978,121605,122098,122309,122491,122855,123792,124368,124856,125347,125547,125765,126393,127032,127661,128298,128943,129225,129444,130318,131141,131901,132552,133261,133528,133804,134659,135467,136168,136862,137410,137685,137914,138629,139287,139916,140476,140997,141217,141414,142140,142716,143255,143824,144293,144545,144742,145478,146125,146796,147322,147841,148143,148299,148955,149594,150195,150768,151374,151570,151731,152516,153158,153783,154187,154686,154890,155077,155853,156480,157122,157589,158080,158286,158451,159118,159648,160299,160473,160846,161053,161205,162052,162739,163333,163860,164311,164474,164583,165142,165609,165999,166366,166765,166915,167036,167575,168010,168421,168750,169022,169173,169285,169730,170131,170545,170957,171126,171195,171313,171721,172362,173128,173919,174372,174526,174840,176051,177524,178876,180377,181710,182297,182909,185009,187406,190049,192154,194384,195457,196199,199113,202216,205272,208011,210518,211482,212095,214526,216900,219070,221173,222768,223492,223854,225620,226853,228203,229278,230095,230517,230762,231706,232526,233239,233895,234366,234568,234678,235129,235564,235975,236267,236498,236614,236673,236840,237040,237308,237513,237658,237733,237758,237919,238067,238212,238334,238422,238452,238484,238571,238667,238762,238838,238905,238931,238945,239012,239070,239128,239173,239205,239219,239228,239287,239329,239367,239414,239439,239442,239444,239485,239521,239561,239610,239645,239649,239656,239706,239760,239806,239854,239897,239911,239920,239988,240048,240091,240123,240155,240162,240175,240268,240336,240401,240461,240532,240541,240562,240663,240733,240802,240889,240961,240982,241022,241138,241247,241365,241497,241612,241634,241675,241828,241971,242070,242217,242415,242415,242416,242660,242819,242971,243118,243266,243296,243344,243552,243710,243893,244076,244268,244308,244371,244436,244748,245004,245255,245457,245496,245535,245732,245889,246172,246338,246584,246638,246716,246946,247139,247360,247664,247866,247899,247962,248220,248445,248654,248882,249076,249112,249174,249473,249738,250008,250293,250549,250608,250693,250759,251195,251565,251876,251876,251876,251876,251876,252296,252654,253005
44,Wyoming,0,0,0,0,0,0,0,0,0,0,0,0,0,0,0,0,0,0,0,0,0,0,0,0,0,0,0,0,0,0,0,0,0,0,0,0,0,0,0,0,0,0,0,0,0,0,0,1,1,2,2,2,11,16,18,21,23,26,26,29,44,53,70,82,86,94,109,130,150,162,187,197,210,216,221,230,239,261,270,275,282,287,296,305,309,313,317,443,447,453,473,491,502,520,536,545,559,566,579,586,596,604,631,635,644,653,662,669,675,688,701,716,741,754,766,776,787,801,803,813,838,843,850,860,876,891,898,903,910,912,915,921,933,939,947,960,970,980,1009,1027,1050,1060,1079,1089,1114,1144,1173,1179,1197,1230,1254,1282,1326,1368,1392,1417,1450,1487,1514,1550,1582,1606,1634,1675,1709,1740,1769,1790,1839,1862,1903,1950,1985,2026,2069,2108,2126,2187,2238,2288,2347,2405,2446,2475,2520,2589,2628,2686,2726,2769,2808,2848,2884,2923,2953,3000,3015,3050,3042,3073,3086,3119,3183,3227,3286,3331,3360,3431,3457,3524,3543,3578,3603,3632,3680,3733,3803,3795,3829,3850,3874,3911,3941,3990,3990,4032,4032,4105,4152,4199,4264,4297,4346,4394,4440,4566,4652,4747,4781,4872,4944,5016,5169,5305,5420,5465,5633,5754,5821,5948,6083,6214,6365,6504,6629,6770,6899,7092,7335,7455,7611,7802,7964,8177,8375,8665,8816,9025,9311,9526,9848,10119,10545,10805,11041,11477,11806,12146,12507,13028,13298,13723,14167,14621,15044,15409,16405,16597,17310,18010,19242,19374,20479,21341,21881,22494,23193,24453,25275,26169,27129,27410,28169,29431,29959,30761,30761,31773,31928,32489,33305,33805,34507,35078,35737,35941,36317,36985,37475,37885,38223,38785,38907,39360,39775,40064,40310,40593,41359,41488,41662,42118,42379,42664,42664,42664,43146,43200,43704,43923,44133,44409,44409,44573,44875,45257,45569,45890,46168,46647,46719,46832,47395,48072,48289,48701,48909,49068,49363,49708,49922,50124,50424,50583,50583,50898,51062,51152,51368,51430,51690,51704,51912,52057,52128,52288,52468,52576,52618,52627,52784,52830,52874,52979,53086,53086,53136,53136,53351,53450,53531,53683,53683,53795,53900,53944,53988,54202,54350,54350,54394,54471,54527,54616,54685,54764,54764,54764,54903,54972,55014,55112,55163,55163,55163,55327,55352,55449,55479,55581,55581,55581,55730,55799,55887,55920,56046,56046,56046,56190,56236,56310,56389,56447,56447,56447,56529,56619,56700,56802,56873,56873,56873,56988,57070,57127,57203,57267,57267,57267,57378,57456,57518,57613,57696,57696,57696,57818,57883,57999,58069,58142,58142,58142,58290,58367,58438,58527,58623,58623,58623,58764,58835,58893,58996,59079,59079,59079,59222,59321,59376,59590,59661,59661,59661,59797,59870,59961,60048,60144,60144,60144,60144,60374,60447,60549,60628,60628,60628,60779,60849,60941,61012,61114,61114,61114,61234,61303,61359,61425,61490,61490,61490,61630,61704,61776,61847,61951,61951,61951,62099,62195,62290,62353,62445,62445,62445,62445,62642,62737,62865,62966,62966,62966,63138,63235,63331,63455,63523,63523,63523,63709,63840,63988,64141,64251,64251,64251,64451,64623,64623,64955,65127,65127,65127,65467,65704,65953,66200,66453,66453,66453,67026,67326,67582,67957,68272,68272,68272,68944,69356,69844,70150,70671,70671,70671,71562,72069,72528,72995,73467,73467,73467,74756,75136,76007,76602,77206,77206,77206,77206,78495,79297,79830,80643,80643,80643,81825,82463,82897,83643,83958,83958,83958,85499,86052,86594,87351,87866,87866,87866,88935,89430,89965,90602,91169,91169,91169,91979,92415,93083,93764,94303,94303,94303,95137,95620,96059,96664,97137,97137,97137,98165,98567,99007,99662,100174,100174,100174,101083,101424,101912,102403,102926,102926,102926,103622,103926,104403,104940,105318,105318,105318,105990,106287,106698,106698,107483,107483,107483,108103,108413,108658,109083,109318,109318,109318,109802,110051,110264,110264,110264,110264,110264,110824,111089,111275,111560,111812,111812,111812,112199,112368,112551,112731,112862,112862,112862,113077,113233,113359,113478,113584,113584,113584,113762,113906,114062,114242,114242,114242,114242,114624,114917,115242,115638,115638,115638,115638,116643,117389,118098,119093,119857,119857,119857,121519,122754,123743,124986,126468,126468,126468,126468,130553,132145,133495,135369,135369,135369,137873,139461,141090,143129,144526,144526,144526,146505,147305,148382,149126,149842,149842,149842,150722,151159,151803,152206,152581,152581,152581,153095,153335,153663,153850,154082,154082,154082,154082,154549,154662,154797,154909,154909,154909,155101,155184,155277,155349,155426,155426,155426,155492,155558,155629,155686,155744,155744,155744,155744,155815,155815,155815,155907,155907,155907,155907,155988,155988,155988,156056,156056,156056,156056,156112,156112,156112,156167,156167,156167,156167,156264,156264,156264,156281,156281,156281,156281,156258,156258,156258,156258,156258,156258,156258,156392,156392,156392,156392,156392,156392,156392,156550,156550,156550,156550,156550,156550,156550,156745,156745,156745,156745,156745,156745,156745,157031,157031,157031,157031,157031,157031,157031,157409,157409,157409,157409,157409,157409,157409,157861,157861,157861,157861,157861,157861,157861,158472,158472,158472,158472,158472,158472,158472,159907,159907,159907,159907,159907,159907,159907,162160,162160,162160,162160,162160,162160,162160,163340,163340,163340,163340,163340,163340,163340,164456,164456,164456,164456,164456,164456,164456,165619,165619,165619,165619,165619,165619,165619,167386,167386,167386
45,Alaska,0,0,0,0,0,0,0,0,0,0,0,0,0,0,0,0,0,0,0,0,0,0,0,0,0,0,0,0,0,0,0,0,0,0,0,0,0,0,0,0,0,0,0,0,0,0,0,0,1,1,1,1,4,9,12,15,16,26,39,43,50,64,75,92,111,119,129,142,150,161,172,187,193,215,228,238,249,261,276,281,289,297,305,314,319,324,326,334,340,342,344,344,346,350,356,360,360,369,370,373,375,376,378,380,383,385,386,388,390,391,396,398,403,408,411,411,416,416,419,423,423,426,430,431,444,450,455,484,492,512,541,559,572,586,595,614,627,649,676,697,731,743,747,761,786,806,833,856,870,883,915,940,982,1012,1039,1070,1096,1142,1184,1235,1296,1350,1382,1411,1435,1485,1537,1591,1683,1784,1857,1918,1974,2053,2104,2179,2297,2436,2551,2651,2728,2795,2912,3143,3258,3391,3483,3607,3716,3868,4013,4091,4160,4220,4265,4335,4420,4523,4589,4650,4711,4812,4917,5005,5106,5157,5228,5305,5393,5461,5552,5619,5690,5726,5781,5870,5989,6085,6134,6172,6208,6276,6366,6491,6581,6678,6713,6747,6812,6927,7024,7128,7190,7267,7311,7363,7475,7586,7682,7789,7860,7920,7997,8140,8267,8387,8498,8617,8738,8846,8984,9129,9269,9412,9611,9762,9887,10025,10214,10449,10697,10896,11053,11222,11396,11616,11825,12040,12247,12480,12705,12940,13193,13553,14075,14424,14803,15160,15531,15913,16365,16709,17063,17455,17868,18182,18712,19316,19834,20309,20839,21338,21825,22418,23162,23826,24414,25056,25602,26100,26561,27242,27797,28296,28883,29563,30121,30796,31467,32087,32598,33139,33828,34592,35354,36296,37062,37562,38141,38736,39373,40000,40522,41169,41599,41891,42498,42883,43377,43713,43896,44050,44485,44852,45122,45122,45497,45800,45930,46123,46504,47014,47019,47821,48118,48382,48582,48922,49255,49660,49979,50238,50413,50544,50840,51185,51485,51678,51959,52113,52243,52413,52627,52926,53175,53336,53421,53510,53692,53876,54063,54218,54350,54457,54596,54820,55004,55258,55261,55261,55766,55891,56096,56254,56409,56410,56411,56411,56912,56975,57192,57404,57406,57406,57751,57808,57996,58179,58291,58295,58296,58681,58838,59035,59185,59334,59334,59335,59677,59766,59921,60157,60266,60266,60267,60655,60758,60934,61091,61162,61165,61165,61517,61694,61914,62063,62255,62263,62264,62265,62901,62901,63298,63501,63501,63501,64001,64081,64303,64531,64782,64782,64782,65180,65336,65536,65730,65921,65921,65921,66370,66479,66680,66909,67059,67059,67059,67509,67647,67834,68002,68148,68148,68148,68426,68518,68666,68762,68880,68880,68880,69117,69178,69267,69351,69464,69464,69464,69600,69657,69756,69835,69902,69902,69902,69999,70052,70119,70162,70208,70208,70208,70208,70319,70355,70408,70469,70469,70469,70520,70520,70588,70588,70652,70652,70652,70717,70717,70770,70770,70875,70875,70875,70963,70963,71035,71035,71035,71035,71035,71181,71187,71275,71275,71384,71384,71384,71384,71384,71598,71598,71731,71731,71731,71905,71905,72153,72153,72440,72440,72440,72899,72899,73374,73374,73753,73818,73818,74383,74383,74911,74911,75486,75486,75486,76237,76532,76874,77253,77586,77586,77586,78441,78701,78701,79485,79823,79823,79823,80885,81337,82002,82687,83156,83156,83156,84272,84867,85491,86218,86753,86753,86753,87908,88547,89345,90060,90642,90642,90642,90642,92790,93632,94474,95175,95175,95175,96635,97326,98419,99472,100360,100360,100360,102471,103327,104574,105893,107679,107679,107679,111692,112391,113392,114665,115703,115703,115703,117941,118793,119659,120514,121348,121348,121348,124123,124579,125803,126783,127767,127767,127767,127767,130590,131403,132424,133272,133272,133272,134952,135696,136274,137082,137887,137887,137887,139429,139925,140601,141252,142118,142118,142118,143473,143848,144300,144300,145167,145167,145167,146247,146598,147040,147560,148083,148083,148083,148825,148974,149461,149461,150087,150087,150087,150809,150996,151323,151667,151984,151984,151984,152537,152537,152977,152977,153425,153425,153425,153835,153835,154232,154232,154639,154639,154639,155062,155062,155294,155294,155294,155294,155294,156177,156177,157169,157169,157169,157169,157169,160089,160089,161678,161678,165353,165353,165353,168618,168618,173139,173139,178618,178618,178618,178618,178618,188812,188812,195345,195345,195345,201016,201016,206504,206504,212396,212396,212396,216939,216939,221077,221077,224912,224912,224912,227995,227995,230235,230235,232102,232102,232102,233961,233961,234810,234810,235956,235956,235956,235956,235956,237754,237754,238683,238683,238683,239494,239494,240085,240085,240789,240789,240789,241256,241256,242742,242742,243397,243397,243397,243910,243910,244386,244386,244887,244887,244887,245251,245251,245832,245832,245832,245832,245832,246385,246385,247211,247211,247739,247739,247739,247739,247739,248675,248675,248675,248675,248675,248675,248675,249978,249978,249978,249978,249978,249978,249978,251506,251506,251506,251506,251506,251506,251506,253002,253002,253002,253002,253002,253002,253002,254466,254466,254466,254466,254466,254466,254466,256089,256089,256089,256089,256089,256089,256089,258039,258039,258039,258039,258039,258039,258039,260059,260059,260059,260059,260059,260059,260059,262071,262071,262071,262071,262071,262071,262071,264556,264556,264556,264556,264556,264556,264556,266731,266731,266731,266731,266731,266731,266731,269311,269311,269311,269311,269311,269311,269311,272415,272415,272415,272415,272415,272415,272415,275322,275322,275322,275322,275322,275322,275322,278318,278318
46,Maine,0,0,0,0,0,0,0,0,0,0,0,0,0,0,0,0,0,0,0,0,0,0,0,0,0,0,0,0,0,0,0,0,0,0,0,0,0,0,0,0,0,0,0,0,0,0,0,1,3,3,2,17,26,35,52,56,70,89,107,118,142,155,168,211,253,275,303,303,376,432,456,470,499,519,537,560,586,616,633,698,735,770,796,827,847,867,875,888,907,937,965,965,1015,1023,1040,1056,1095,1123,1153,1185,1205,1226,1254,1330,1374,1408,1436,1462,1477,1515,1565,1603,1648,1687,1713,1741,1819,1877,1948,2013,2055,2074,2109,2137,2189,2226,2282,2325,2349,2377,2418,2446,2482,2524,2570,2588,2606,2637,2667,2721,2757,2793,2810,2819,2836,2878,2913,2938,2957,2971,2996,3017,3070,3102,3154,3191,3219,3253,3294,3328,3373,3397,3415,3423,3440,3460,3486,3499,3520,3539,3558,3566,3578,3598,3636,3645,3687,3711,3723,3722,3737,3757,3790,3814,3832,3838,3866,3888,3912,3937,3958,3970,3977,3994,3999,4016,4028,4044,4051,4052,4070,4089,4116,4144,4168,4197,4213,4235,4253,4286,4318,4336,4357,4369,4389,4414,4436,4492,4514,4529,4549,4568,4618,4633,4633,4683,4701,4714,4713,4760,4792,4834,4863,4904,4918,4941,4962,5002,5034,5077,5106,5146,5170,5214,5234,5258,5287,5300,5337,5389,5428,5466,5484,5519,5544,5565,5603,5638,5665,5695,5720,5752,5780,5816,5834,5863,5912,5937,5961,5987,6024,6063,6094,6136,6199,6251,6309,6386,6466,6566,6662,6711,6798,6925,7071,7260,7444,7600,7693,7888,8060,8202,8395,8639,8791,8944,9117,9363,9519,9734,9958,10123,10359,10544,10799,11027,11265,11265,11288,11508,11757,11981,12208,12554,12844,13127,13348,13775,14049,14454,14861,15206,15620,15923,16349,16760,17311,17901,18337,18738,18946,19285,19743,20491,21226,21547,21547,21880,22319,22909,23499,24201,24902,25245,25592,25967,26565,27090,27625,28407,29019,29298,29611,30326,31150,31958,32781,33219,33559,33876,34262,34963,35638,36274,36598,36598,37046,37710,38170,38454,38813,39168,39324,39543,39960,40233,40534,40799,41065,41219,41419,41636,41889,42064,42265,42425,42529,42677,42773,42877,43095,43229,43367,43497,43594,43736,43900,44118,44296,44493,44635,44763,44944,45091,45231,45456,45639,45794,45933,46066,46261,46448,46657,46863,47032,47206,47395,47591,47832,48071,48293,48464,48642,48773,48972,49190,49443,49653,49850,50030,50253,50504,50788,51189,51470,51765,51986,52277,52677,52996,53434,53745,53960,54256,54827,55374,55954,56525,56939,57285,57545,57965,58465,58868,59239,59612,59776,60005,60430,60691,60945,61213,61616,61847,62092,62510,62858,63176,63464,63751,63994,64219,64457,64748,65044,65348,65524,65716,65915,66114,66316,66535,66705,66863,66979,67078,67139,67301,67423,67551,67658,67745,67787,67819,67881,67986,68058,68155,68233,68262,68333,68386,68449,68488,68541,68590,68606,68635,68686,68720,68756,68794,68826,68846,68866,68879,68889,68925,68964,68977,68990,69022,69034,69055,69070,69099,69121,69121,69121,69159,69192,69202,69220,69220,69220,69285,69325,69374,69418,69476,69476,69476,69627,69675,69781,69835,69905,69905,69905,70077,70141,70261,70372,70463,70463,70463,70718,70847,70996,71141,71306,71306,71305,71666,71883,72119,72333,72522,72522,72522,72897,73088,73270,73455,73660,73660,73660,74022,74313,74703,74966,75381,75381,75381,75856,76290,76913,77578,78069,78071,78071,78071,78803,79423,79929,80513,80513,80513,81177,81955,82607,83322,83909,83910,83910,84542,85156,85872,86586,87192,87192,87192,88197,89064,89989,90727,91468,91468,91468,92365,93207,93887,94348,94948,94941,94941,94940,95833,96640,97183,97725,97725,97724,98607,99256,99807,100382,100967,100967,100967,101849,102469,103041,103671,104259,104259,104259,105121,105781,106473,107074,107772,107772,107772,108710,109592,110347,110347,111145,111145,111144,112090,113132,114065,115009,115863,115863,115865,116948,117941,118489,118489,118489,118489,118748,119662,120600,121452,122242,123118,123118,123118,124098,125373,126833,128982,129997,129997,129997,131380,132884,134170,135320,136400,136401,136401,137959,139421,140537,141780,141780,141780,141790,143213,144538,145629,146736,146736,146736,146736,148217,149543,150845,152173,153376,153376,153376,155155,156532,158087,159498,160857,160857,160857,161395,162940,164324,165691,166898,166899,166899,168474,169998,171524,172952,174225,174225,174225,175759,177099,178502,179915,181010,181010,181010,182401,183499,184614,185773,187697,187697,187697,198665,202221,206005,209759,213770,218367,218797,221406,222925,224048,225253,226120,226143,226150,227332,228241,229275,230273,230720,230720,230720,231285,231469,231758,232011,232293,232293,232293,232647,232953,233237,233537,233696,233696,233696,233968,234159,234413,234651,234839,234839,234839,235293,235584,235790,236046,236258,236258,236258,236709,236985,237218,237481,237717,237717,237717,238169,238774,239130,239649,240086,240086,240086,240086,240810,241249,241716,242033,242033,242033,242602,243128,243592,244062,245080,245080,245871,247069,248099,248798,249728,250689,250689,251134,251905,252653,253654,254427,254855,254855,255531,256146,256958,257749,258267,259058,259058,259635,260471,261031,261587,262097,262572,262572,262572,262902,263439,263714,264051,264366,264366,264366,264923,265242,265571,265885,266105,266105,266105,266575,266933,267182,267400,267707,267707,267707,267707,267956,268386,268633,268842,268842,268842,269308,269680,269926,270123,270331,270331,270331,270331,270798,271149,271394,271596,271596,271596,272100,272361,272605
47,Alabama,0,0,0,0,0,0,0,0,0,0,0,0,0,0,0,0,0,0,0,0,0,0,0,0,0,0,0,0,0,0,0,0,0,0,0,0,0,0,0,0,0,0,0,0,0,0,3,4,8,15,28,36,51,61,88,115,149,180,224,298,472,574,684,801,880,1001,1063,1175,1371,1606,1727,1905,2079,2308,2614,2954,3112,3346,3667,3870,4041,4307,4465,4557,4788,4978,5163,5404,5692,5899,6092,6274,6475,6621,6820,6979,7187,7440,7700,7977,8203,8520,8769,9115,9437,9720,9982,10262,10566,10822,11161,11494,11828,12137,12438,12825,13186,13590,13954,14328,14676,15309,15899,16263,16749,17262,17689,18200,18525,18734,18954,19262,19910,20355,20777,21268,21834,22659,23370,24405,25364,26182,26485,27034,27941,28676,29225,29683,30122,30771,31889,32878,33880,34903,35083,36503,37589,38477,39647,41340,42255,43216,44022,44932,46348,48149,49695,51329,52802,54781,56168,58284,60194,62128,64152,66181,67733,69236,70600,72594,74685,76795,78188,79948,81256,82698,84652,86664,88266,90299,91458,92502,93457,95323,97044,98895,99854,101466,102391,103485,104219,104976,106096,106926,107667,109092,110415,111696,112737,114212,114809,115485,116045,118190,119904,121041,122879,124155,124944,126500,127234,128240,129225,130373,130914,131690,132221,133005,134061,135138,136107,137166,137861,138619,139660,140423,141454,142768,143578,144325,145202,145859,146897,149263,150239,150965,151604,152350,153584,154772,155727,157402,158181,158717,159476,160485,161085,162683,163897,164698,165414,166514,167396,168620,169845,171157,172137,173002,174078,175210,176605,180437,182567,183831,184723,185938,187267,188775,190113,191932,193613,194458,195692,197504,198927,200528,202131,203518,204665,206523,206562,208637,210637,213617,215843,217822,219232,220848,223486,225910,228373,230708,232506,234080,236865,239318,241957,242874,244993,247229,249524,252900,256828,260359,264199,267589,269877,272229,276665,280187,284922,288775,292841,295631,297895,301533,305640,310335,315683,319904,322452,324832,329811,334569,338801,342426,343458,345628,347897,351804,356820,361226,365747,369458,371934,374095,379593,384184,389230,394287,399150,401900,404000,407848,410995,414583,417528,420681,422598,424028,426543,429655,432536,436087,439442,441170,443009,445909,449086,452734,455582,455582,459639,460860,462938,465056,467823,469319,471311,472423,473348,474666,476067,477570,478667,479856,480931,481605,482488,483167,484365,485212,485986,486843,487520,488973,490220,491110,491849,492683,493252,493769,494421,497154,498076,498887,499411,499819,500092,500616,501398,502263,502711,503305,503673,508229,508717,509476,510048,510579,511087,511460,511779,511789,512711,513138,513580,514072,514391,514619,514980,515388,515866,516266,516615,516809,516918,517114,517452,517916,518234,518588,518899,519071,520503,520780,521201,521623,522131,522401,522512,523955,524367,525049,525477,525898,526131,526348,526707,527083,527513,527922,528309,528597,528784,528784,529446,530011,530325,530744,530988,531094,531404,531751,532895,537813,539829,540083,540267,540603,540891,541230,541673,541928,542124,542256,542562,542831,543177,543405,543405,543405,543405,544045,544598,545028,545585,545585,545585,546324,546540,546845,547135,547323,547323,547323,547873,548163,548323,548323,548657,548657,548657,549013,549013,549394,549394,549934,549934,549934,550451,550451,550983,550983,551298,551298,551298,551298,551298,552911,552911,554071,554605,554605,555215,555215,556613,557578,558577,559478,560202,560920,562311,563943,565510,567243,569131,570667,572070,574737,577463,577463,577463,585607,587405,589110,592417,595816,599633,603318,607209,607209,612086,615901,619752,623919,627905,627905,634897,637363,641386,645851,649741,653540,659750,663065,665653,665653,665653,676795,681828,688018,691451,694523,699729,704420,709732,714860,719280,722122,724688,727360,732151,736518,741318,745812,747606,750298,754242,757893,761865,764839,768301,770391,772311,775531,778549,781915,784484,787421,789054,790648,792632,794773,796475,798320,799800,800692,801428,802977,804249,805511,806560,807479,808132,808599,809485,810501,811551,812694,813481,814025,814363,815324,815989,817054,818652,819597,820011,820312,821255,828648,830789,831165,831653,832047,832264,833009,833493,834582,835157,835740,836032,836255,837250,837428,838114,838836,839436,839695,839953,840495,840991,841483,841956,842636,842908,843161,843780,844196,844594,844594,844951,845108,845284,845761,846297,847064,847659,848137,848498,848779,849409,850096,850645,851237,851950,852280,852574,854229,854876,855692,856600,857292,857844,858396,859650,861110,863170,865636,868085,868948,870627,874332,880307,888563,896614,896614,909541,913603,921175,932250,944876,957848,966180,978632,984882,993418,1004622,1004622,1004622,1004622,1056478,1064536,1071264,1088370,1104356,1120881,1137387,1147194,1153149,1161929,1153149,1153149,1195557,1206308,1212798,1218257,1223896,1229300,1229300,1240496,1242420,1242420,1245876,1250383,1254032,1256745,1259580,1262018,1263072,1263796,1265932,1267907,1270015,1271455,1272608,1273092,1273484,1274123,1275355,1276580,1277837,1279006,1279364,1279565,1280351,1281610,1282372,1282945,1282945,1282945,1286655,1287286,1287822,1288454,1288999,1288999,1288999,1289510,1289727,1290165,1290692,1291186,1291186,1291186,1291561,1291761,1291946,1292344,1292508,1292508,1292508,1294532,1294816,1295069,1295327,1295353,1295468,1295468,1295892,1296129,1296348,1296558,1296730,1296730,1296730,1297091,1297305,1297461,1297649,1297869,1297869,1297869,1298837,1298473,1298626,1298880,1299137,1299137,1299137,1299816,1300076,1300278,1300511,1300733,1300733,1300733,1301171,1301463,1301805,1302155,1302397,1302397,1302397,1302945,1303441,1303835,1304291,1304710,1304710,1304710,1305665,1306116,1306662,1307291,1307883,1307883,1307883,1309185,1309743,1310513,1311381,1312437,1312437,1312437,1312437,1314963,1315934,1317029,1317029,1317029,1317029,1320708,1321892,1322957,1324178,1325361,1325361,1325361,1328321,1329827,1331452,1333137,1334981,1334981,1334981,1338177,1340110,1342150,1344233,1346268,1346268,1346268,1350735,1352915,1355340,1357266,1359051,1359051,1359051,1362388,1363194,1367570,1370792,1373684,1373684,1373684,1378259,1382137,1384836,1387729
48,Idaho,0,0,0,0,0,0,0,0,0,0,0,0,0,0,0,0,0,0,0,0,0,0,0,0,0,0,0,0,0,0,0,0,0,0,0,0,0,0,0,0,0,0,0,0,0,0,0,0,1,2,4,4,8,9,23,36,42,42,68,81,91,146,205,234,281,340,515,566,776,891,1022,1078,1101,1170,1210,1232,1354,1396,1407,1426,1464,1473,1587,1609,1655,1668,1672,1736,1766,1836,1870,1887,1897,1897,1952,1952,1984,2015,2061,2061,2106,2127,2158,2178,2178,2205,2230,2260,2293,2293,2351,2351,2419,2419,2455,2455,2506,2506,2595,2595,2626,2626,2626,2699,2770,2770,2803,2839,2839,2933,2933,2990,3111,3139,3139,3189,3221,3260,3260,3353,3353,3399,3399,3462,3632,3743,3871,4004,4006,4256,4254,4402,4865,4865,5322,5322,5752,6117,6370,6593,6994,7370,7733,8052,8539,8969,9429,9929,10506,10903,11404,11720,12449,13134,13753,14303,14874,15268,15823,16322,16737,17265,17826,18178,18692,19220,19674,20242,20716,21110,21110,21670,22236,22708,23401,23925,24497,24675,25104,25598,26134,26629,27171,27475,27656,27937,28321,28680,29110,29364,29659,29845,30057,30465,30771,31113,31376,31668,31858,32081,32353,32664,32927,33193,33474,33664,33738,33978,34300,34617,34950,35167,35279,35532,35810,36093,36489,36959,37247,37491,37901,38347,38743,39234,39757,40296,40501,40923,41434,42048,42561,43238,43702,43964,44422,45082,45753,46426,47088,47701,48066,48663,49247,49892,50610,51704,52582,53092,53790,54663,55650,56600,57673,58694,59344,60041,60923,61785,62746,63810,64608,65088,65845,67024,68314,69579,70909,72312,72961,74227,75428,77121,78279,79798,81317,82245,83344,85125,86435,87978,89764,90834,91653,93090,94730,96503,96503,98500,99660,100484,101698,103305,104734,106455,108366,109705,110510,111893,113905,116203,118028,119610,120632,121179,122217,124019,125452,126878,128218,129069,129960,130877,132594,133985,135233,135233,135787,136215,137010,138524,139864,141077,141077,142199,142507,143305,144843,146106,147173,148258,149235,149667,150239,151273,152364,153358,154470,155276,155554,155554,156778,157588,158200,158798,159325,159506,160033,160592,161212,161720,162355,162683,162683,163165,163656,164163,164565,164969,165209,165209,165658,166095,166553,166876,167225,167483,167483,167483,167945,168353,168639,168953,169150,169150,169584,169866,170289,170595,170907,171140,171140,171462,171836,172288,172587,172827,172931,172931,173309,173790,174246,174610,174943,175236,175236,175657,176007,176461,176802,177185,177420,177420,177760,178119,178544,178887,179204,179428,179428,179763,180076,180536,180897,181181,181181,181181,181836,182182,182531,182841,183153,183153,183153,183691,183910,184347,184557,184769,184769,184769,185227,185465,185759,185993,186183,186183,186183,186725,187014,187269,187479,187656,187656,187656,188024,188233,188435,188601,188788,188788,188788,189128,189361,189586,189735,189908,189908,189908,190279,190472,190712,190900,191068,191068,191068,191397,191546,191738,191877,192012,192012,192012,192012,192305,192478,192630,192795,192795,192795,193030,193157,193295,193397,193515,193515,193515,193743,193832,193919,194006,194006,194006,194006,194249,194367,194520,194609,194690,194690,194690,194824,194901,194998,195089,195172,195172,195172,195172,195429,195552,195696,195831,195831,195831,196128,196310,196489,196695,196856,196856,196856,197211,197456,197781,198014,198296,198296,198296,198840,199158,199516,199955,200484,200484,200484,201352,202032,202669,203412,204091,204091,204091,205033,205787,206523,207274,208054,208054,208054,209411,210315,211532,212327,212939,212939,212939,214010,215042,216061,217053,217887,217887,217887,220163,221389,222552,224156,225544,225544,225544,225544,228071,229597,231056,232630,233577,233907,235343,237000,238315,239533,241263,242021,242321,243565,245395,246749,248094,249740,250556,250955,252378,253733,255417,257322,259100,260012,260351,261459,263291,264661,265982,267664,268454,268660,268660,270601,272625,274560,276080,276862,277167,278457,279921,281470,282798,284278,285003,285245,286335,287679,288923,289796,290872,291252,291316,292317,293241,294485,295147,295950,296299,296299,297142,297910,298634,298634,299576,299849,299849,300527,301191,301841,302394,303050,303296,303296,303928,304563,305133,305133,305524,305762,305762,306209,306845,307561,308155,308669,308869,308869,309314,310010,310661,311150,311521,311692,311692,312186,312591,313041,313423,313812,313967,313967,314492,314915,315270,315726,315726,315726,315726,316716,317735,318458,319382,319382,319382,319382,320802,322524,323965,325730,327065,327451,327451,328946,331265,334086,336424,339690,340857,340857,340857,344412,348949,352411,356112,358057,358057,361059,364577,368665,372442,376095,377721,377721,380302,382466,384791,387287,389715,391067,391067,393053,395366,397931,400299,402048,403137,403137,404629,406806,409129,411158,413372,414513,414513,414513,416868,419178,421587,423638,423638,423638,426164,427738,429476,430918,432483,432483,432483,434157,434981,436033,437061,437931,437931,437931,439103,439928,440783,441375,441938,441938,441938,442611,443035,443309,443479,443549,443549,443549,443666,443792,443930,443930,444210,444210,444210,444423,444499,444523,444584,444637,444637,444637,444757,444864,444907,445007,445040,445040,445040,445167,445167,445350,445350,445545,445545,445545,445670,445670,445821,445821,446040,446040,446040,446227,446227,446549,446549,446856,446856,446856,447159,447159,447540,447540,447913,447913,447913,448269,448269,448754,448754,449265,449265,449265,449682,449682,450337,450337,450957,450957,450957,450957,450957,452085,452085,452918,452918,452918,453550,453550,454577,454577,455427,455427,455427,456132,456132,457026,457026,457907,457907,457907,457907,457907,459525,459525,460741,460741,460741,461626,461626,462978,462978,464094,464094,464094,464094,464094,466007,466007,467770,467770,467770,468973,468973,470457,470457
49,Montana,0,0,0,0,0,0,0,0,0,0,0,0,0,0,0,0,0,0,0,0,0,0,0,0,0,0,0,0,0,0,0,0,0,0,0,0,0,0,0,0,0,0,0,0,0,0,0,0,1,5,6,6,8,10,11,20,27,34,34,51,65,90,109,129,154,171,198,208,241,243,265,286,299,319,332,354,365,377,387,394,399,404,415,422,426,433,433,437,439,442,444,445,448,449,451,451,453,453,455,455,457,456,456,456,458,458,458,459,461,462,462,466,468,468,470,471,478,479,479,479,479,479,479,481,485,493,505,515,519,523,525,539,541,540,545,548,554,561,563,573,588,601,609,614,630,655,666,698,717,734,743,766,803,829,852,863,919,967,1016,1083,1128,1167,1212,1249,1327,1371,1466,1593,1677,1758,1843,1952,2096,2231,2366,2471,2533,2620,2711,2812,2909,3038,3259,3341,3380,3474,3676,3814,3965,4081,4193,4233,4314,4429,4602,4757,4889,4952,5017,5104,5268,5407,5541,5659,5750,5792,5846,5956,6072,6216,6376,6429,6489,6624,6785,6929,7063,7251,7340,7421,7509,7691,7871,8019,8164,8264,8316,8381,8468,8663,8785,8925,9021,9107,9244,9431,9647,9871,10163,10299,10429,10700,10912,11242,11564,11907,12107,12413,12724,13071,13500,13855,14356,14635,14847,15347,16063,16677,17399,18117,18702,19125,19611,20210,20933,21595,22225,22821,23390,24093,24712,25640,26503,27142,27880,28501,29346,29966,30853,31916,32801,33495,34252,35159,35955,36968,37947,38948,39679,40053,41151,42070,43031,44244,45886,47158,48027,49398,50582,51818,53293,54542,55680,56381,57504,58565,59682,59796,60845,61801,62198,63205,64340,65122,66436,67069,67875,68591,69346,70133,70892,71870,72644,73303,73303,74040,74644,75483,75992,76619,77170,77324,77947,78522,78929,78929,79433,79780,79999,80426,81300,81555,81555,81944,82381,82664,83378,84060,84750,85568,86102,86324,86653,87077,87653,88110,88635,89056,89393,89576,89864,90255,90649,91049,91410,91652,91816,92160,92531,92934,93246,93762,93949,94070,94384,94810,95111,95458,95717,95790,95914,96288,96595,96842,97063,97297,97401,97539,97666,97900,98100,98377,98641,98779,98810,99040,99242,99445,99613,99837,99954,100003,100158,100351,100531,100656,100656,100914,100959,101093,101243,101424,101556,101726,101760,101933,102344,102484,102616,102768,102966,103060,103098,103452,103666,103830,103980,104097,104128,104163,104321,104552,104725,104853,105035,105142,105142,105333,105526,105750,105974,106142,106183,106253,106426,106631,106823,106941,107089,107145,107202,107379,107537,107718,107873,108048,108097,108111,108287,108489,108663,108817,108985,109030,109092,109315,109455,109588,109737,109889,109924,109935,110107,110317,110429,110560,110644,110685,110723,110861,110992,111025,111161,111168,111203,111224,111377,111454,111623,111718,111785,111809,111829,111844,112002,112129,112260,112260,112260,112381,112518,112591,112690,112761,112761,112761,112850,112949,113021,113092,113167,113167,113167,113225,113341,113403,113471,113529,113529,113529,113577,113690,113755,113821,113873,113873,113873,113873,113951,114102,114189,114240,114240,114240,114325,114415,114508,114576,114663,114663,114663,114742,114899,115002,115143,115255,115255,115255,115406,115665,115888,116143,116366,116366,116366,116634,117033,117328,117610,117882,117882,117882,118270,118754,119123,119519,119864,119864,119864,120325,120946,121382,121877,122318,122318,122318,122964,123674,124278,124910,125616,125616,125616,126338,127227,128098,128835,129487,129487,129487,129487,130705,131752,132750,133715,133715,133715,134935,136175,137389,138493,139712,139712,139712,141339,142513,143826,145000,146035,146035,146035,147287,148490,149824,151033,152005,152005,152005,153479,154704,156079,157372,158680,158680,158680,158680,160896,162240,163527,164669,164669,164669,165941,167268,168513,169489,170567,170567,170567,171981,173104,174087,175070,175847,175847,175847,176976,178114,178980,179770,180452,180452,180452,181350,182468,183213,183213,184394,184394,184394,185176,186207,186802,187530,188013,188013,188013,188505,189187,189678,189678,190071,190071,190071,190424,191012,191593,191925,192236,192236,192236,192590,193005,193277,193543,193718,193718,193718,193905,194108,194397,194562,194764,194764,194764,194929,195171,195417,195669,195669,195669,195669,196044,196453,197061,197724,197724,197724,197724,198520,199455,200558,201720,202863,202863,202863,204788,206295,208132,209900,212078,212078,212078,212078,215988,218047,220090,222093,222093,222093,227094,229966,233056,235967,238801,238801,238801,242180,243133,244555,245606,250029,250029,250029,251920,253204,254231,255411,256630,256630,256630,257852,258765,259701,260603,261722,261722,261722,261722,263358,264277,265177,265797,265797,265797,266579,267231,268100,268950,271030,271030,271030,271191,271336,271464,271590,271641,271641,271641,271774,271875,271948,272036,272105,272105,272105,272183,272258,272311,272356,272397,272397,272397,272454,272509,272543,272555,272621,272621,272621,272679,272727,272796,272826,272849,272849,272849,272919,272979,273022,273057,273114,273114,273114,273204,273287,273371,273413,273489,273489,273489,273569,273680,273788,273904,273982,273982,273982,274134,274265,274388,274481,274598,274598,274598,274598,274598,274598,274598,275113,275113,275113,275113,275113,275113,275113,276192,276192,276192,276192,276192,276192,276192,277497,277497,277497,277497,277497,277497,277497,277497,277497,277497,277497,278993,278993,278993,280965,280965,280965,280965,280965,280965,280965,283054,283054,283054,283054,283054,283054,283054,285017,285017,285017,285017,285017,285017,285017,287145,287145,287145,287145,287145,287145,287145,289345,289345,289345,289345,289345,289345,289345
50,Puerto Rico,0,0,0,0,0,0,0,0,0,0,0,0,0,0,0,0,0,0,0,0,0,0,0,0,0,0,0,0,0,0,0,0,0,0,0,0,0,0,0,0,0,0,0,0,0,0,0,0,0,0,0,5,5,5,5,14,21,23,31,39,51,64,79,100,127,174,239,286,316,316,452,475,513,573,620,683,725,788,897,903,923,974,1043,1068,1118,1213,1252,1298,1252,1230,1276,873,886,890,893,899,949,958,967,982,995,999,999,1006,1022,1027,1033,1047,1055,1057,1066,1080,1106,1139,1187,1199,1198,1205,1213,1221,1221,1231,1232,1250,1270,1283,1290,1288,1294,1295,1303,1312,1320,1350,1353,1362,1375,1390,1391,1443,1460,1471,1477,1479,1486,1496,1499,1531,1533,1540,1550,1577,1579,1583,1602,1624,1638,1693,1729,1767,1791,1817,1846,2071,2147,2171,2235,2351,2435,2583,2811,2904,3043,3119,3272,3461,3791,4011,4255,4330,4574,4794,5042,5236,5416,5585,5700,5920,5997,6543,6835,7113,7413,7684,7824,8230,8573,8934,9319,9605,10169,10279,10730,11069,11251,11723,12371,12452,12576,13014,13282,13477,13922,13992,14010,14469,14726,14986,15229,15476,15584,15942,16069,16101,16243,16269,16692,16788,16789,17248,17357,17598,17769,17977,18206,18252,18634,19113,19807,20069,20311,20399,20439,21156,21868,22164,22697,23357,23801,24000,24176,24505,24804,25034,25397,25635,25658,26010,26326,26558,26776,27004,27139,27629,27947,28174,28293,28711,29138,29585,29717,29804,30956,31072,31737,32198,32461,32527,33279,33853,34138,34541,35405,35750,35807,36101,36904,37490,38100,38581,38856,39120,40452,41119,41772,42479,43016,43585,43910,44431,45335,46434,47459,48200,48548,48725,49226,50678,51581,51702,52545,53320,53708,54105,54597,55532,56671,57622,58316,58962,59458,61002,61723,62431,62985,63419,63686,64751,66132,67211,68433,68849,69912,70488,70808,71424,72443,73227,73658,75790,75888,76291,77054,77932,78169,78805,79319,79612,79898,82067,82630,83119,83468,84427,84639,84816,85954,86523,87381,87939,88373,88513,88728,89282,90073,91028,91596,92069,92244,92541,92968,93406,93624,94238,94526,94662,94984,95064,95355,95839,96161,96402,96494,96636,96924,97313,97609,97837,98317,98428,98506,98624,98835,99084,99257,99476,99519,99619,99860,100044,100297,100584,100735,100765,100867,101066,101327,101327,101327,101937,102051,102407,102567,102802,102995,103211,103278,103347,103679,103895,104221,104516,104743,104888,104966,105226,105625,105893,106488,106935,107105,107470,107980,108772,109407,109833,110022,110233,110679,111760,113200,114197,115299,116378,117366,117836,118936,120571,121701,123049,124140,124695,125212,126384,127450,128459,129203,130037,130361,130671,131437,131956,132578,133047,133507,133705,133846,134368,134888,135271,135543,135726,135726,135871,136199,136426,136655,136963,137060,137086,137147,137342,137610,137763,138000,138083,138094,138217,138355,138485,138579,138579,138757,138771,138799,138873,138949,139004,139068,139132,139142,139142,139190,139323,139364,139423,139449,139460,139494,139582,139669,139713,139753,139782,139782,139802,139871,139909,139956,140009,140021,140026,140058,140106,140175,140231,140301,140301,140412,140434,140511,140622,140708,140847,140944,140974,141100,141284,141483,141668,141905,142093,142179,142359,143132,143499,143906,144200,144321,144413,144829,145314,145487,146801,147545,147775,148005,149148,149357,150688,151504,152343,152796,153175,154394,155709,156710,157597,158351,158798,159182,159740,161053,162941,163795,164599,164947,165700,166882,167871,168707,169395,170090,170431,170826,171472,171555,173178,173817,174318,174440,174717,175068,175766,176234,176693,177031,177129,177366,177878,178305,178639,178880,179144,179225,179523,179724,179975,180294,180524,180666,180745,180908,181094,181248,181402,181598,181708,181787,181797,182524,182669,182790,182831,183093,183117,183265,183340,183568,183676,183809,183848,183932,184017,184140,184284,184402,184541,184613,184646,184715,184842,184993,185118,185209,185282,185313,185435,185553,185680,185814,186004,186091,186197,186273,186425,186457,186851,186884,186977,187044,187053,187205,187339,187530,187755,187863,187912,187919,188015,188152,188256,188331,188370,188433,188448,188605,188789,188951,189107,189253,189325,189338,189495,189660,189818,189818,189952,189952,190135,190269,190740,191799,193554,196301,198735,199584,202750,208462,208462,225716,232336,233698,235414,243617,257948,272724,272724,292662,303533,305419,313182,327742,340541,347158,355697,362577,364523,374105,385557,398766,407541,413010,418852,419350,423655,428009,432935,438800,442514,444743,445040,448972,450699,454103,455442,457057,457935,458075,459638,461444,462977,463722,465455,465717,465772,466243,467312,468038,468605,469285,469478,469377,470179,470726,471103,471666,472154,472335,472370,472534,472918,473161,473558,473772,473931,473957,474143,474458,474691,475007,475195,475341,475364,475546,475813,476023,476202,476497,476536,476643,476848,477293,477547,477768,478055,478184,478222,478473,478719,479033,479647,479903,480072,480110,480515,481010,481611,482043,482619,482959,483024,483606,484720,485569,486279,487557,488226,488343,489653,491385,491385,491385,496141,497285,497644,499973,503841,508525,513007,517046,519265,519946,522860,527336,532535,537714,542915,545538,546426,550666,556245,562863,568456,568484,576690,577305,582216,588589,593947,598269,605977,609424,609872,613801,620697,627716,632719,637042,639692,640393,647141,652655,657862,663186,667302,669722,670668,672907,676117,683174,688359,692700,695194,695777,699571,706232,710055,712952,716785,719009,719399,723832,727546,731355,734234,740455,742405,743025,744853,750674,755129,759368,763030,764451,765257,768738,773649,777267,780813,782449,782774,782933,783202,783202,796491,798990,802317,803941,804312,806697,809583
51,Virgin Islands,0,0,0,0,0,0,0,0,0,0,0,0,0,0,0,0,0,0,0,0,0,0,0,0,0,0,0,0,0,0,0,0,0,0,0,0,0,0,0,0,0,0,0,0,0,0,0,0,0,0,0,1,2,2,3,3,6,6,7,17,17,17,19,22,23,30,30,30,30,37,40,42,43,43,45,45,50,51,51,51,51,51,51,51,53,53,53,53,54,54,54,55,57,57,57,57,66,66,66,66,66,66,66,66,68,68,69,69,69,69,69,69,69,69,69,69,69,69,69,69,69,69,69,69,69,69,69,69,70,70,70,71,71,71,71,71,71,72,72,72,72,72,72,72,73,73,73,73,76,76,76,76,80,81,81,81,81,81,90,92,98,111,111,112,116,122,144,153,167,181,206,206,243,249,263,283,283,304,304,320,336,352,352,352,364,375,385,385,406,421,421,439,463,481,501,522,528,528,547,576,639,682,704,734,741,760,796,828,869,932,960,980,984,998,1030,1052,1075,1118,1129,1134,1143,1144,1150,1150,1167,1181,1190,1191,1197,1201,1201,1211,1220,1221,1232,1232,1238,1257,1257,1269,1269,1278,1290,1290,1296,1317,1317,1318,1318,1318,1326,1326,1327,1327,1322,1321,1322,1324,1324,1325,1325,1325,1328,1328,1329,1329,1335,1335,1335,1337,1337,1343,1346,1346,1346,1348,1351,1353,1353,1362,1376,1376,1376,1385,1388,1388,1390,1390,1405,1405,1413,1413,1413,1426,1434,1434,1434,1450,1463,1469,1482,1491,1504,1507,1521,1521,1521,1521,1538,1544,1544,1550,1589,1589,1613,1633,1633,1649,1680,1698,1733,1791,1791,1791,1807,1828,1828,1900,1910,1921,1921,1921,1950,1967,1967,1979,1979,1979,1979,2010,2031,2036,2036,2041,2042,2055,2083,2106,2130,2143,2143,2143,2166,2166,2166,2166,2252,2252,2260,2260,2283,2305,2321,2335,2341,2341,2350,2373,2373,2384,2407,2421,2421,2421,2430,2440,2440,2449,2466,2466,2473,2485,2505,2524,2524,2524,2542,2542,2542,2558,2558,2575,2579,2579,2589,2589,2623,2636,2636,2646,2646,2646,2695,2695,2714,2724,2735,2735,2744,2755,2761,2761,2767,2767,2767,2767,2767,2803,2819,2848,2852,2858,2858,2876,2876,2877,2888,2907,2907,2907,2907,2907,2931,2931,2931,2939,2945,2945,2954,2971,2971,2971,2971,3005,3005,3005,3028,3028,3028,3028,3041,3041,3044,3068,3080,3080,3080,3090,3093,3098,3098,3125,3138,3138,3138,3152,3178,3152,3210,3210,3223,3233,3233,3256,3261,3267,3267,3270,3270,3288,3308,3308,3308,3308,3353,3383,3399,3399,3442,3442,3442,3442,3442,3465,3539,3560,3560,3591,3591,3591,3608,3652,3652,3690,3690,3690,3717,3729,3747,3752,3764,3768,3768,3774,3810,3819,3835,3839,3844,3844,3850,3858,3879,3895,3902,3916,3916,3916,3942,3970,3985,4005,4033,4033,4043,4071,4104,4119,4160,4186,4186,4215,4249,4286,4301,4336,4375,4375,4403,4450,4497,4514,4606,4629,4629,4663,4691,4777,4854,4907,4960,4960,5033,5066,5093,5169,5242,5295,5295,5326,5326,5413,5432,5594,5605,5605,5638,5684,5707,5760,5774,5774,5774,5848,5924,5934,5961,5973,6026,6026,6026,6071,6102,6182,6182,6250,6250,6289,6298,6351,6374,6439,6458,6458,6489,6516,6557,6589,6620,6631,6631,6679,6699,6721,6758,6786,6811,6811,6841,6873,6885,6916,6925,6950,6950,6950,6965,6978,7020,7045,7074,7074,7079,7085,7099,7099,7126,7134,7134,7145,7145,7172,7186,7204,7204,7204,7206,7233,7251,7260,7275,7290,7290,7303,7303,7329,7329,7344,7344,7357,7370,7380,7397,7427,7439,7439,7439,7466,7480,7490,7490,7490,7490,7490,7511,7511,7514,7525,7530,7530,7539,7549,7569,7582,7588,7598,7598,7605,7612,7618,7624,7638,7640,7640,7640,7681,7726,7763,7867,8007,8007,8007,8213,8477,8725,9055,9648,10106,10106,10290,10714,11160,11833,12138,12541,12541,12605,12953,13110,13401,13521,13521,13760,13760,13901,14028,14158,14301,14398,14398,14478,14521,14689,14756,14802,14802,14846,14870,14903,14935,14963,14988,15024,15024,15045,15098,15128,15150,15171,15182,15182,15208,15229,15229,15255,15255,15283,15302,15302,15317,15327,15341,15362,15395,15395,15398,15402,15410,15412,15426,15426,15426,15440,15440,15444,15449,15556,15556,15556,15567,15567,15572,15575,15578,15578,15578,15584,15589,15596,15606,15611,15611,15611,15623,15632,15636,15636,15656,15656,15656,15673,15708,15726,15740,15764,15764,15764,15784,15801,15836,15872,15872,15882,15882,15905,15928,15955,16030,16091,16091,16091,16154,16202,16260,16306,16306,16349,16349,16391,16391,16918,17012,17167,17167,17167,17353,17485,17672,17835,18037,18037,18037,18243,18425,18551,18551,18854,18854,18854,19020,19020,19252,19442,19442,19532,19532,19532,19532,19971,20039,20039,20083,20083,20083,20258,20332,20332,20411,20411,20411,20472,20516,20562,20606,20625,20625,20625,20625,20669,20704,20760,20789,20789,20789,20828,20878,20878,20928,20928,20960,20960,20960,20995,21022,21045,21103,21103,21103,21175,21231,21246,21287
52,Guam,0,0,0,0,0,0,0,0,0,0,0,0,0,0,0,0,0,0,0,0,0,0,0,0,0,0,0,0,0,0,0,0,0,0,0,0,0,0,0,0,0,0,0,0,0,0,0,0,0,0,0,3,3,5,12,14,15,27,29,32,37,45,51,55,56,58,69,77,82,84,93,112,113,121,121,128,130,133,133,133,133,135,135,136,136,136,136,136,136,139,141,141,141,141,141,141,145,145,145,145,145,145,149,149,151,151,151,151,152,152,152,154,154,154,154,154,154,165,165,165,166,166,167,170,171,172,172,172,175,175,177,179,179,179,179,179,180,180,183,183,183,183,185,186,188,192,200,222,222,222,225,226,231,247,247,247,253,257,267,280,280,280,280,301,303,307,309,310,312,312,312,312,313,314,314,315,315,319,327,330,332,337,337,337,349,351,354,356,356,359,368,375,389,397,411,411,412,418,418,434,449,477,502,516,516,558,577,599,704,767,767,820,907,984,1120,1232,1287,1347,1347,1395,1447,1494,1560,1619,1671,1671,1671,1713,1758,1846,1863,1891,1891,1927,1966,2013,2045,2074,2117,2117,2147,2190,2235,2263,2263,2354,2354,2390,2443,2488,2550,2617,2699,2699,2753,2818,2868,2934,2989,3056,3170,3170,3266,3341,3427,3538,3617,3675,3756,3886,3968,4056,4141,4175,4216,4336,4418,4466,4549,4628,4681,4690,4693,4812,4903,5004,5077,5113,5233,5473,5654,5755,5850,5924,5965,6121,6175,6234,6346,6416,6452,6476,6549,6602,6655,6705,6748,6768,6782,6818,6852,6889,6920,6942,6959,6959,6959,7019,7019,7039,7052,7079,7079,7079,7137,7149,7168,7183,7193,7193,7193,7211,7238,7257,7266,7268,7268,7266,7281,7293,7308,7308,7326,7326,7326,7344,7357,7378,7386,7399,7399,7399,7423,7429,7444,7457,7474,7474,7474,7474,7515,7521,7521,7547,7547,7547,7554,7566,7568,7572,7579,7579,7579,7608,7610,7618,7622,7636,7636,7636,7664,7673,7673,7686,7689,7689,7689,7699,7701,7703,7705,7715,7715,7715,7727,7727,7729,7729,7734,7735,7736,7737,7742,7745,7747,7748,7749,7749,7751,7752,7756,7758,7768,7768,7768,7773,7773,7776,7780,7780,7780,7780,7784,7789,7789,7794,7797,7800,7800,7804,7805,7807,7810,7812,7816,7816,7823,7825,7828,7830,7833,7835,7837,7842,7847,7851,7856,7859,7865,7869,7879,7884,7897,7909,7911,7915,7915,7923,7939,7951,7959,7964,7975,7981,7989,8004,8016,8020,8034,8034,8034,8043,8044,8061,8063,8090,8090,8091,8103,8109,8118,8124,8131,8131,8134,8136,8141,8143,8154,8156,8156,8156,8156,8173,8187,8193,8204,8204,8204,8210,8215,8224,8230,8236,8236,8236,8244,8251,8261,8266,8267,8267,8267,8284,8304,8310,8316,8328,8328,8328,8344,8348,8357,8366,8373,8373,8373,8373,8394,8408,8423,8431,8431,8431,8454,8467,8471,8473,8477,8477,8477,8478,8486,8486,8500,8501,8501,8501,8506,8514,8522,8529,8541,8541,8541,8564,8593,8623,8652,8673,8673,8673,8725,8769,8817,8865,8911,8911,8911,9018,9081,9118,9200,9298,9298,9394,9486,9612,9759,9867,10046,10155,10239,10353,10559,10740,10909,11106,11106,11292,11293,11494,11819,12034,12227,12294,12379,12553,12772,12974,13145,13349,13438,13532,13660,13859,13997,14098,14248,14248,14374,14536,14705,14897,15041,15168,15252,15362,15465,15630,15789,15927,16058,16058,16058,16276,16461,16595,16690,16795,16795,16795,16991,17154,17276,17379,17472,17508,17543,17671,17823,17944,18040,18151,18187,18208,18286,18321,18410,18507,18586,18624,18639,18688,18752,18840,18840,18863,18891,18913,18942,18983,19015,19040,19065,19069,19069,19117,19117,19146,19155,19155,19163,19163,19179,19199,19214,19227,19239,19247,19248,19270,19287,19287,19300,19307,19307,19308,19325,19340,19348,19357,19366,19372,19372,19390,19407,19414,19427,19432,19432,19432,19458,19501,19531,19607,19607,19618,19618,19689,19899,20088,20351,20594,20688,20809,21118,21540,22056,22479,23115,23115,23318,23581,24218,25033,25757,26851,26851,26851,27869,28628,29478,30221,31038,31804,31804,32331,33108,33788,34610,35372,35769,36113,36612,37456,38050,38672,39640,39640,39985,40280,40891,41386,41780,42403,42403,42544,42818,43211,43560,43836,44111,44344,44344,44344,44846,45072,45241,45435,45489,45542,45542,45837,46000,46000,46299,46331,46331,46411,46528,46593,46650,46723,46723,46730,46809,46893,46942,47009,47078,47078,47080,47122,47181,47220,47265,47330,47337,47337,47386,47429,47462,47514,47553,47565,47565,47599,47631,47655,47682,47725,47725,47738,47776,47826,47871,47902,47939,47944,47944,47973,48020,48067,48113,48137,48142,48142,48142,48254,48282,48302,48323,48323,48323,48369,48401,48431,48469,48496,48496,48496,48542,48588,48611,48666,48688,48688,48688,48762,48827,48865,48907,48968,48968,48968,48968,49056,49156,49262,49324,49324,49324,49473,49568,49718,49779,49935,49935,49935,50120,50217,50364,50485,50608,50608,50608,50773,50887,51009,51084,51234,51234,51234,51437,51588,51769,51898,52067,52067,52067,52067,52363,52517,52644,52823,52823,52823,53066,53214,53363,53459
53,West Virginia,0,0,0,0,0,0,0,0,0,0,0,0,0,0,0,0,0,0,0,0,0,0,0,0,0,0,0,0,0,0,0,0,0,0,0,0,0,0,0,0,0,0,0,0,0,0,0,0,0,0,0,0,0,1,2,8,12,16,16,22,39,52,76,96,113,145,162,191,216,237,282,324,345,412,483,514,574,577,593,611,640,702,728,775,785,890,902,908,939,981,1010,1010,1055,1063,1095,1110,1125,1152,1185,1195,1224,1246,1242,1287,1323,1323,1360,1366,1378,1398,1427,1447,1470,1492,1502,1502,1567,1593,1705,1705,1759,1774,1774,1899,1935,1951,1989,2010,2028,2056,2077,2102,2119,2136,2144,2161,2169,2194,2217,2249,2274,2290,2322,2341,2376,2418,2468,2500,2533,2552,2593,2631,2694,2730,2782,2832,2870,2905,2979,3053,3126,3205,3262,3442,3505,3707,3826,3983,4146,4244,4313,4407,4557,4657,4783,4894,4990,5084,5172,5212,5452,5653,5775,5889,5999,6120,6277,6375,6579,6738,6858,6978,7059,7162,7278,7452,7563,7695,7757,7879,8018,8163,8277,8462,8567,8641,8738,8807,8987,9077,9185,9273,9315,9399,9544,9633,9826,9970,10109,10249,10513,10658,10855,11042,11293,11418,11575,11662,11814,12016,12177,12528,12705,12830,12986,13202,13434,13685,13889,14062,14181,14394,14515,14719,14962,15167,15351,15516,15693,15850,16026,16307,16481,16635,16749,16942,17150,17333,17707,17927,18132,18281,18557,18823,19084,19586,19805,20081,20293,20520,20735,21057,21393,21716,21907,22224,22710,23067,23466,23992,24460,24883,25238,25596,25988,26547,27087,27609,28404,28805,29316,30201,30897,31639,32792,33659,34460,35324,36266,37399,38480,39598,40478,41114,42083,43050,44180,45046,45845,46997,47842,48818,49905,51025,52172,53572,54997,56128,57060,58462,59695,60637,62151,63217,64394,65708,66849,68485,69751,71215,72342,73337,74737,75936,77239,78836,80177,80710,81436,82773,84225,85334,87820,89327,91058,91886,93162,94678,96002,97898,99778,101212,102282,103203,104392,105219,106649,108124,108821,109809,110820,111677,112617,113615,114752,115307,115839,116978,117775,118562,119467,120340,121001,121425,121935,122470,123044,123641,124190,124708,125106,125522,125951,126420,126887,127282,127588,127889,128117,128405,128760,129055,129364,129616,129854,130139,130382,130813,131234,131580,131855,132048,132184,132416,132677,132964,133290,133445,133627,133856,134158,134496,134842,135149,135468,135678,136019,136334,136716,137092,137478,137826,138102,138429,138818,139251,139750,140316,140613,140991,141322,141738,142233,142653,143106,143456,143733,144010,144374,144820,145299,145754,146169,146462,146790,147203,147596,148071,148517,148887,149147,149462,149888,150288,150693,151068,151382,151671,151848,152301,152733,153128,153498,153918,154207,154551,154956,155341,155680,156001,156406,156617,156875,157215,157626,157923,158230,158468,158643,158888,159149,159450,159735,159735,159735,160354,160587,160777,161046,161287,161287,161287,161287,161858,161967,162111,162232,162232,162232,162540,162636,162726,162845,162939,162939,162939,163144,163221,163311,163382,163382,163382,163382,163382,163627,163689,163744,163804,163804,163804,163967,163992,164041,164097,164149,164149,164149,164149,164279,164346,164399,164465,164465,164465,164625,164685,164763,164843,164933,164933,164933,165177,165259,165398,165524,165702,165702,165702,166108,166297,166493,166748,167016,167016,167016,167681,167948,168330,168733,169162,169162,169162,170199,170656,171199,171707,171997,171997,171997,173479,174818,175638,176608,177533,177533,177533,180019,180804,181906,183354,184682,186293,187519,188660,189690,191156,192788,194505,196484,197984,199300,200308,201660,203403,205783,208045,210289,211706,213179,214984,217119,219439,221513,223117,224435,225772,227506,228983,231668,233426,234802,235965,237002,238498,240459,242104,243671,244698,245544,246408,247806,249331,250800,252067,253138,253895,254648,255778,257042,258413,259585,260444,261133,261890,262902,264002,265006,265879,266521,267398,268112,269131,270082,270984,271871,272532,273030,273659,274508,275396,276267,277133,278171,278578,278837,279694,280727,281865,282405,283075,283561,284165,285135,286249,287612,288502,288967,289524,290026,290909,290909,290909,290909,290909,294014,294794,295949,297415,298659,299827,300660,301349,302120,303173,304355,305418,306552,307432,308204,308985,310245,311524,312692,313890,314791,315571,316391,317540,319035,319035,319035,319035,322485,323538,325514,328162,328162,328162,328162,337326,339679,342607,347554,351688,355872,357980,360269,362777,367217,372674,377735,382958,387115,390788,392737,396343,401796,407131,413631,418887,422265,425013,429016,434221,438889,442206,445061,446771,448922,451910,455201,458112,461846,463357,464630,466125,468391,470807,472928,474712,476060,476957,477935,479214,480692,481818,481818,481818,484923,485498,486206,487446,488359,488359,488359,490111,490544,491042,491698,492276,492276,492276,493361,493653,494030,494406,494875,494875,494875,495539,495728,495960,496182,496409,496409,496409,496748,496838,496983,497111,497230,497230,497230,497459,497553,497681,497769,497864,497864,497864,498035,498104,498235,498322,498414,498414,498414,498542,498618,498643,498773,498890,498890,498890,499193,499288,499445,499619,499796,499796,499796,500228,500444,500697,500972,501204,501204,501204,501743,501968,502192,502566,502930,502930,502930,503807,503807,504510,505037,505528,505528,505528,506833,507238,507678,508538,509251,509251,509251,511382,511930,512571,513305,513953,513953,513953,513953,515925,516553,517249,518061,518061,518061,519762,520264,520896,521543,522061,522061,522061,523367,523876,524432,525086,525086,525086,525086,525086,527437,528049,528651,529262,529262,529262,530612,531176,531843,532503,533213,533213,533213,533213,535208,535776,536573,537443,537443,537443,539431,540192,541062,542092
54,Northern Mariana Islands,0,0,0,0,0,0,0,0,0,0,0,0,0,0,0,0,0,0,0,0,0,0,0,0,0,0,0,0,0,0,0,0,0,0,0,0,0,0,0,0,0,0,0,0,0,0,0,0,0,0,0,0,0,0,0,0,0,0,0,0,0,0,0,0,0,2,2,2,6,8,8,8,8,8,8,11,11,11,11,11,11,13,13,13,14,14,14,14,14,14,14,14,14,14,14,14,14,14,14,14,14,14,14,15,15,15,16,16,19,19,19,19,19,21,21,21,21,21,22,22,22,22,22,22,22,22,22,22,22,22,23,24,26,26,26,27,28,30,30,30,30,30,30,30,30,30,30,30,30,30,30,30,30,30,30,30,30,30,30,30,31,31,31,31,31,31,31,31,31,33,33,33,36,36,37,37,37,37,37,38,38,38,38,39,40,40,40,40,42,42,44,45,46,46,46,47,47,48,48,49,49,49,49,50,50,50,54,54,54,54,54,54,54,54,54,54,54,54,56,56,56,57,57,57,57,58,58,59,59,59,59,59,60,60,61,61,61,62,62,68,68,69,69,69,69,69,70,70,70,70,70,73,73,73,73,75,75,75,75,75,77,77,77,77,77,80,80,86,86,86,88,88,88,88,88,88,92,92,92,92,92,96,96,96,96,96,98,98,98,98,100,100,100,100,100,102,102,103,103,103,103,103,104,104,104,104,104,104,104,105,105,106,106,106,106,106,109,109,111,113,113,113,113,113,113,113,113,113,115,115,116,116,116,118,118,122,122,122,122,122,122,122,122,122,122,124,125,125,125,125,125,125,125,128,128,128,128,128,128,129,129,129,129,129,129,132,132,132,132,132,132,132,132,132,133,133,133,133,133,133,133,133,133,133,134,134,134,134,134,135,135,135,135,143,143,143,143,143,143,143,143,143,143,144,144,144,144,145,145,146,146,146,146,147,150,154,156,156,157,157,157,157,157,158,158,159,159,159,159,159,159,159,159,159,159,159,159,159,160,160,160,160,160,160,160,160,161,162,162,162,162,162,162,162,164,164,164,164,164,164,164,164,168,168,168,168,168,168,168,169,169,170,170,170,170,170,172,173,173,173,174,175,176,181,181,181,181,181,181,183,183,183,183,183,183,183,183,183,183,183,183,183,183,183,183,183,183,183,183,183,183,183,183,183,183,183,183,183,183,183,183,183,183,183,183,183,183,183,184,184,184,185,185,185,185,185,187,187,187,187,187,187,188,188,188,188,188,188,190,190,190,190,190,190,190,196,198,198,198,198,206,206,206,210,210,211,211,214,214,214,219,220,221,221,224,224,224,226,229,232,232,234,236,241,242,243,243,243,243,248,248,248,248,249,249,250,251,251,256,256,258,258,258,263,263,263,265,265,265,266,266,266,267,268,269,269,270,272,272,272,272,273,277,277,277,277,281,281,282,282,282,288,289,289,289,289,289,290,291,291,291,291,298,304,307,312,318,329,330,339,343,350,351,360,369,380,381,384,384,389,393,399,408,431,438,457,464,474,572,604,649,692,692,787,812,855,958,1062,1104,1182,1182,1182,1182,1182,1514,1514,1774,1908,1908,2018,2117,2205,2321,2321,2321,2321,2580,2641,2737,2737,2819,2853,2963,2963,2963,3085,3255,3287,3297,3297,3392,3453,3518,3561,3598,3598,3665,3698,3751,3802,3868,3905,3946,3971,4014,4067,4119,4166,4208,4246,4265,4344,4440,4564,4692,4772,4864,4908,5280,5314,5575,5687,5891,6102,6332,6563,6784,6784,7199,7353,7530,7587,7587,7746,8153,8311,8311,8644,8711,8882,9108,9265,9404,9534,9595,9550,9724,9856,9922,9999,10074,10126,10155,10229,10284,10326,10379,10379,10379,10472,10535,10575,10634,10689,10689,10689,10734,10777,10985,10997,11022,11022,11022,11065,11065,11065,11065,11153,11153,11153,11158,11158,11158,11158,11158,11158,11158,11203,11203,11203,11203,11203,11203,11203,11221,11221,11221,11221,11221,11221,11221,11263,11263,11263,11263,11263,11263,11263,11281,11281,11281,11281,11281,11281,11281,11305,11305,11305,11305,11305,11305,11305,11305,11315,11315,11315,11315,11315,11315,11315,11315,11333,11333,11333,11333,11333,11333,11333,11366,11366,11366,11366,11366,11403,11403,11403,11403,11403,11403,11403,11482,11482,11482,11482,11482,11482,11482,11482,11569,11569,11569,11569,11569,11569,11569,11759,11759,11829,11829,11829,11829,11829,11829,11829,11829,11829,11829,11829,11829,11829,12193,12193
55,American Samoa,0,0,0,0,0,0,0,0,0,0,0,0,0,0,0,0,0,0,0,0,0,0,0,0,0,0,0,0,0,0,0,0,0,0,0,0,0,0,0,0,0,0,0,0,0,0,0,0,0,0,0,0,0,0,0,0,0,0,0,0,0,0,0,0,0,0,0,0,0,0,0,0,0,0,0,0,0,0,0,0,0,0,0,0,0,0,0,0,0,0,0,0,0,0,0,0,0,0,0,0,0,0,0,0,0,0,0,0,0,0,0,0,0,0,0,0,0,0,0,0,0,0,0,0,0,0,0,0,0,0,0,0,0,0,0,0,0,0,0,0,0,0,0,0,0,0,0,0,0,0,0,0,0,0,0,0,0,0,0,0,0,0,0,0,0,0,0,0,0,0,0,0,0,0,0,0,0,0,0,0,0,0,0,0,0,0,0,0,0,0,0,0,0,0,0,0,0,0,0,0,0,0,0,0,0,0,0,0,0,0,0,0,0,0,0,0,0,0,0,0,0,0,0,0,0,0,0,0,0,0,0,0,0,0,0,0,0,0,0,0,0,0,0,0,0,0,0,0,0,0,0,0,0,0,0,0,0,0,0,0,0,0,0,0,0,0,0,0,0,0,0,0,0,0,0,0,0,0,0,0,0,0,0,0,0,0,0,0,0,0,0,0,0,0,0,0,0,0,0,0,0,0,0,0,0,0,0,0,0,0,0,0,0,0,0,0,0,0,0,0,0,0,0,0,0,0,0,0,0,0,0,0,0,0,0,0,0,0,0,0,0,0,0,0,0,0,0,0,0,0,0,0,0,0,0,0,0,0,0,0,0,0,0,0,0,0,0,0,0,0,0,0,0,0,0,0,0,0,0,0,0,0,0,0,0,0,0,0,0,0,0,0,0,0,0,0,0,0,0,0,0,0,0,0,0,0,0,0,0,0,0,0,0,0,0,0,0,0,0,0,0,0,0,0,0,0,0,0,0,0,0,0,0,0,0,0,0,0,0,0,0,0,0,0,0,0,0,0,0,0,0,0,0,0,0,0,0,0,0,0,0,0,0,0,0,0,0,0,0,0,0,0,0,0,0,0,0,0,0,0,0,0,0,0,0,0,0,0,0,0,0,0,0,0,0,0,0,0,0,0,0,0,0,0,0,0,0,0,0,0,0,0,0,0,0,0,0,0,0,0,0,0,0,0,0,0,0,0,0,0,0,0,0,0,0,0,0,0,0,0,0,0,0,0,0,0,0,0,0,0,0,0,0,0,0,0,0,0,0,0,0,0,0,0,0,0,0,0,0,0,0,0,0,0,0,0,0,0,0,0,0,0,0,0,0,0,0,0,0,0,0,0,0,0,0,0,0,0,0,0,0,0,0,1,1,1,1,1,1,1,1,1,1,1,1,1,1,1,1,3,3,3,3,3,3,3,3,3,3,3,3,3,3,3,3,4,4,4,4,4,4,4,4,4,4,4,4,4,4,4,4,4,4,4,4,4,4,4,5,5,5,5,5,5,5,5,5,5,5,5,5,5,5,5,5,10,10,10,10,10,10,10,10,10,10,10,10,10,10,10,10,10,10,10,10,11,11,11,11,11,11,11,11,11,11,11,11,11,11,11,11,11,11,18,18,18,18,18,18,18,18,18,18,18,18,18,18,18,18,18,18,18,18,18,18,18,18,18,22,22,35,35,35,39,49,57,57,57,57,57,57,57,57,57,57,57,57,57,57,60,72,72,84,84,84,84,84,146,155,196,196,196,290,304,352,404,443,443,443,555,588,779,779,1066,1066,1066,1397,1556,1626,1993,2262,2262,2262,3278,3442,3442,3483,3817,3817,3817,4535,4738,4738,5018,5018,5018,5018,5315,5434,5444,5536,5536,5536,5536,5536,5663,5663,5663,5708,5708,5708,5766,5766,5805,5817,5822,5822,5822,5854,5869,5873,5873,5923,5923,5923,5955,5969,5974,5974,5999,5999,5999,6004,6048,6065,6065,6072,6072,6072,6087,6087,6110,6110,6130,6130,6130,6145,6145,6145,6192,6192,6192,6192,6192,6192,6192,6192,6192,6192,6192,6192,6192,6270,6269,6342,6342,6342,6342,6342,6342,6342,6414,6414,6414,6414,6414,6414,6414,6505,6505,6505,6505,6505,6505,6505,6505,6505,6505,6505,6505,6505,6505
